220.0	11.301
220.5	11.089
221.0	10.856
221.5	10.630
222.0	10.353
222.5	10.092
223.0	9.820
223.5	9.508
224.0	9.151
224.5	8.758
225.0	8.402
225.5	8.107
226.0	7.865
226.5	7.667
227.0	7.471
227.5	7.287
228.0	7.111
228.5	6.947
229.0	6.778
229.5	6.598
230.0	6.400
230.5	6.189
231.0	5.970
231.5	5.735
232.0	5.472
232.5	5.171
233.0	4.850
233.5	4.520
234.0	4.186
234.5	3.855
235.0	3.522
235.5	3.200
236.0	2.902
236.5	2.630
237.0	2.377
237.5	2.133
238.0	1.904
238.5	1.694
239.0	1.515
239.5	1.372
240.0	1.261
240.5	1.174
241.0	1.107
241.5	1.050
242.0	1.000
242.5	0.958
243.0	0.920
243.5	0.886
244.0	0.862
244.5	0.843
245.0	0.830
245.5	0.818
246.0	0.808
246.5	0.799
247.0	0.792
247.5	0.788
248.0	0.785
248.5	0.784
249.0	0.786
249.5	0.788
250.0	0.791
250.5	0.794
251.0	0.799
251.5	0.803
252.0	0.809
252.5	0.815
253.0	0.824
253.5	0.834
254.0	0.848
254.5	0.863
255.0	0.876
255.5	0.892
256.0	0.911
256.5	0.928
257.0	0.945
257.5	0.960
258.0	0.975
258.5	0.987
259.0	0.995
259.5	1.003
260.0	1.010
260.5	1.016
261.0	1.024
261.5	1.030
262.0	1.036
262.5	1.044
263.0	1.051
263.5	1.056
264.0	1.067
264.5	1.081
265.0	1.094
265.5	1.105
266.0	1.117
266.5	1.129
267.0	1.142
267.5	1.156
268.0	1.171
268.5	1.184
269.0	1.195
269.5	1.207
270.0	1.219
270.5	1.231
271.0	1.243
271.5	1.253
272.0	1.263
272.5	1.272
273.0	1.282
273.5	1.291
274.0	1.298
274.5	1.305
275.0	1.312
275.5	1.318
276.0	1.325
276.5	1.330
277.0	1.333
277.5	1.335
278.0	1.334
278.5	1.334
279.0	1.333
279.5	1.328
280.0	1.324
280.5	1.316
281.0	1.308
281.5	1.296
282.0	1.285
282.5	1.269
283.0	1.248
283.5	1.227
284.0	1.206
284.5	1.184
285.0	1.159
285.5	1.132
286.0	1.105
286.5	1.075
287.0	1.041
287.5	1.006
288.0	0.973
288.5	0.937
289.0	0.901
289.5	0.863
290.0	0.822
290.5	0.780
291.0	0.736
291.5	0.690
292.0	0.648
292.5	0.607
293.0	0.566
293.5	0.524
294.0	0.483
294.5	0.444
295.0	0.407
295.5	0.372
296.0	0.343
296.5	0.316
297.0	0.292
297.5	0.271
298.0	0.252
298.5	0.232
299.0	0.213
299.5	0.196
300.0	0.179
300.5	0.165
301.0	0.150
301.5	0.135
302.0	0.122
302.5	0.108
303.0	0.096
303.5	0.086
304.0	0.078
304.5	0.071
305.0	0.063
305.5	0.056
306.0	0.050
306.5	0.043
307.0	0.039
307.5	0.034
308.0	0.029
308.5	0.025
309.0	0.022
309.5	0.019
310.0	0.016
310.5	0.015
311.0	0.014
311.5	0.010
312.0	0.007
312.5	0.006
313.0	0.004
313.5	0.002
314.0	0.002
314.5	0.000
315.0	0.001
315.5	0.002
316.0	0.004
316.5	0.002
317.0	0.002
317.5	0.002
318.0	0.001
318.5	0.000
319.0	0.001
319.5	0.001
320.0	0.001
320.5	0.001
321.0	0.001
321.5	-0.001
322.0	-0.001
322.5	-0.004
323.0	-0.005
323.5	-0.007
324.0	-0.008
324.5	-0.006
325.0	-0.005
325.5	-0.006
326.0	-0.006
326.5	-0.007
327.0	-0.007
327.5	-0.006
328.0	-0.007
328.5	-0.006
329.0	-0.005
329.5	-0.005
330.0	-0.005
330.5	-0.005
331.0	-0.005
331.5	-0.006
332.0	-0.007
332.5	-0.008
333.0	-0.007
333.5	-0.008
334.0	-0.008
334.5	-0.007
335.0	-0.006
335.5	-0.006
336.0	-0.004
336.5	-0.004
337.0	-0.004
337.5	-0.003
338.0	-0.003
338.5	-0.001
339.0	-0.002
339.5	-0.001
340.0	0.000
340.5	0.000
341.0	0.000
341.5	0.000
342.0	-0.001
342.5	-0.002
343.0	-0.003
343.5	-0.003
344.0	-0.005
344.5	-0.005
345.0	-0.004
345.5	-0.005
346.0	-0.006
346.5	-0.006
347.0	-0.005
347.5	-0.007
348.0	-0.008
348.5	-0.008
349.0	-0.009
349.5	-0.008
350.0	-0.007
