date	PE	mutant	well	input_conc	GAP_conc	sensor_conc	kcat	Km	conc	basS	aprox_loading_eff	mean_kcat	mean_Km	kcat_sd	Km_sd	sd	kcat_over_Km
20190214	PE39	A180T	A10	8	1	20	3.181118745	0.3338339668	6.1	0.2417429999	0.7625	3.1719364839999997	0.3183583603	0.012985678039449652	0.021885812598249208	0.0688676312176455	9.963415067884428
20190214	PE39	A180T	A9	8	1	20	3.162754223	0.3028827538	6.1	0.2543024626	0.7625	3.1719364839999997	0.3183583603	0.012985678039449652	0.021885812598249208	0.0688676312176455	9.963415067884428
20190213	PE9	D79S	G6	8	1	20	4.432255133	0.787159761	6.5	0	0.8125	4.0725052260000005	1.1612345435	0.30888258018049575	0.34556731903962357	0.3070995101813154	3.5070479506451235
20190213	PE9	D79S	G7	8	1	20	4.213042233	0.957069536	6.5	0	0.8125	4.0725052260000005	1.1612345435	0.30888258018049575	0.34556731903962357	0.3070995101813154	3.5070479506451235
20190227	PE9	D79S	E3	12	1	20	3.899534306	1.519109058	9.35	-0.248278937	0.7791666666666667	4.0725052260000005	1.1612345435	0.30888258018049575	0.34556731903962357	0.3070995101813154	3.5070479506451235
20190227	PE9	D79S	E4	12	1	20	3.745189232	1.381599819	9.35	0	0.7791666666666667	4.0725052260000005	1.1612345435	0.30888258018049575	0.34556731903962357	0.3070995101813154	3.5070479506451235
20190222	PE8	F58A	G10	8	1	20	7.27172907	0.175524431	4.25	-0.08433196566	0.53125	8.08078722175	0.24841519682500002	0.8719636330129789	0.06687467713231166	0.2900260813163983	32.529359415328514
20190222	PE8	F58A	G9	8	1	20	7.388831233	0.2124319041	4.25	-0.1054873324	0.53125	8.08078722175	0.24841519682500002	0.8719636330129789	0.06687467713231166	0.2900260813163983	32.529359415328514
20190227	PE8	F58A	D6	8	1	20	8.728674061	0.2818519176	5.1	-0.1652722894	0.6375	8.08078722175	0.24841519682500002	0.8719636330129789	0.06687467713231166	0.2900260813163983	32.529359415328514
20190227	PE8	F58A	D7	8	1	20	8.933914523	0.3238525346	5.1	-0.1749057487	0.6375	8.08078722175	0.24841519682500002	0.8719636330129789	0.06687467713231166	0.2900260813163983	32.529359415328514
20190213	PE10	G80A	A3	8	1	20	3.344899932	0.173645637	6.1	-0.097680191	0.7625	6.655593558	0.25481027721666666	2.626799834983179	0.07117728183127306	0.48352506090363395	26.119800310647243
20190213	PE10	G80A	A4	8	1	20	3.189960318	0.158310067	6.1	-0.098315497	0.7625	6.655593558	0.25481027721666666	2.626799834983179	0.07117728183127306	0.48352506090363395	26.119800310647243
20190227	PE10	G80A	D10	8	1	20	8.238511682	0.2796061045	6.5	-0.1138563091	0.8125	6.655593558	0.25481027721666666	2.626799834983179	0.07117728183127306	0.48352506090363395	26.119800310647243
20190227	PE10	G80A	D9	8	1	20	8.460838867	0.3188468751	6.5	-0.1657764869	0.8125	6.655593558	0.25481027721666666	2.626799834983179	0.07117728183127306	0.48352506090363395	26.119800310647243
20190227	PE10	G80A	D10	8	1	20	8.238511682	0.2796061045	6.5	-0.1138563091	0.8125	6.655593558	0.25481027721666666	2.626799834983179	0.07117728183127306	0.48352506090363395	26.119800310647243
20190227	PE10	G80A	D9	8	1	20	8.460838867	0.3188468752	6.5	-0.1657764869	0.8125	6.655593558	0.25481027721666666	2.626799834983179	0.07117728183127306	0.48352506090363395	26.119800310647243
20190215	PE27	H141E	C3	8	1	20	4.335427076	0.122278473	6.6	0.325556822	0.825	4.2921062925	0.1145394035	0.06126483955832862	0.01094469704704797	0.09661422033609135	37.47274877767283
20190215	PE27	H141E	C4	8	1	20	4.248785509	0.106800334	6.6	0.294113772	0.825	4.2921062925	0.1145394035	0.06126483955832862	0.01094469704704797	0.09661422033609135	37.47274877767283
20190214	PE12	H141R	C3	8	1	20	8.821649705	0.156439071	6.7	-0.09536692	0.8375	6.5837634055	0.1300198916925	2.6993836490749894	0.046247347498232345	0.5427923822484438	50.63658583157991
20190214	PE12	H141R	C4	8	1	20	8.993558553	0.181457387	6.7	-0.083634244	0.8375	6.5837634055	0.1300198916925	2.6993836490749894	0.046247347498232345	0.5427923822484438	50.63658583157991
20190227	PE12	H141R	E10	8	1	20	3.910425117	0.08651817478	6.1	-0.09448896652	0.7625	6.5837634055	0.1300198916925	2.6993836490749894	0.046247347498232345	0.5427923822484438	50.63658583157991
20190227	PE12	H141R	E9	8	1	20	4.609420247	0.09566493399	6.2	-0.1033251375	0.775	6.5837634055	0.1300198916925	2.6993836490749894	0.046247347498232345	0.5427923822484438	50.63658583157991
20190215	PE28	K101R	C6	8	1	20	4.764472881	0.21250716	6.3	-0.004888911	0.7875	4.366594246	0.20371809899999999	0.5626853617954942	0.012429609266724439	0.14257606910984147	21.434493387845723
20190215	PE28	K101R	C7	8	1	20	3.968715611	0.194929038	6.3	0.051186438	0.7875	4.366594246	0.20371809899999999	0.5626853617954942	0.012429609266724439	0.14257606910984147	21.434493387845723
20190212	PE20	K132H	E10	8	1	20	3.602654605	1.857531333	6.85	0	0.85625	5.1285537756	2.2428552870000003	1.7707185982962537	0.6059091224052798	0.4383953808468774	2.2866182251374116
20190212	PE20	K132H	E11	8	1	20	3.688479167	1.788298596	6.85	0	0.85625	5.1285537756	2.2428552870000003	1.7707185982962537	0.6059091224052798	0.4383953808468774	2.2866182251374116
20190212	PE20	K132H	E9	8	1	20	4.443248764	1.777891331	6.85	0	0.85625	5.1285537756	2.2428552870000003	1.7707185982962537	0.6059091224052798	0.4383953808468774	2.2866182251374116
20190226	PE20	K132H	A7	16	1	20	6.24566198	2.743775233	8.4	0.1954523557	0.525	5.1285537756	2.2428552870000003	1.7707185982962537	0.6059091224052798	0.4383953808468774	2.2866182251374116
20190226	PE20	K132H	A8	16	1	20	7.662724362	3.046779942	8.9	0.04777866138	0.55625	5.1285537756	2.2428552870000003	1.7707185982962537	0.6059091224052798	0.4383953808468774	2.2866182251374116
20190215	PE22	K143W	G3	8	1	20	7.11684479	0.152316665	6	-0.083856612	0.75	7.685839304333333	0.2307432989	0.6587649551953997	0.1399273799960679	0.6124474111961462	33.30904663742472
20190215	PE22	K143W	G4	8	1	20	7.533123572	0.147618482	6	-0.077849253	0.75	7.685839304333333	0.2307432989	0.6587649551953997	0.1399273799960679	0.6124474111961462	33.30904663742472
20190228	PE22	K143W	G9	8	1	20	8.407549551	0.3922947497	6.45	-0.09847232234	0.80625	7.685839304333333	0.2307432989	0.6587649551953997	0.1399273799960679	0.6124474111961462	33.30904663742472
20190212	PE7	Q147E	E5	8	1	20	5.675737243	0.728269071	5.6	-0.05311657	0.7	6.2968418832	0.64391758694	1.9793297876339084	0.049128366289071745	0.3234637173901241	9.7789562063735609
20190212	PE7	Q147E	E6	8	1	20	5.420802123	0.623622798	5.6	0	0.7	6.2968418832	0.64391758694	1.9793297876339084	0.049128366289071745	0.3234637173901241	9.7789562063735609
20190212	PE7	Q147E	E7	8	1	20	3.851990479	0.644644312	5.6	-0.02399533	0.7	6.2968418832	0.64391758694	1.9793297876339084	0.049128366289071745	0.3234637173901241	9.7789562063735609
20190222	PE7	Q147E	G6	8	1	20	7.647031785	0.6152915296	5.3	-0.1098207566	0.6625	6.2968418832	0.64391758694	1.9793297876339084	0.049128366289071745	0.3234637173901241	9.7789562063735609
20190222	PE7	Q147E	G7	8	1	20	8.888647786	0.6077602241	5.3	-0.1063592256	0.6625	6.2968418832	0.64391758694	1.9793297876339084	0.049128366289071745	0.3234637173901241	9.7789562063735609
20190212	PE5	R108A	C10	8	1	20	6.063858642	0.214579216	6.2	-0.207034906	0.775	6.9580946665	0.18881999592499998	0.9578882205543261	0.021836152201517713	0.17979315945598467	36.8504121208846
20190212	PE5	R108A	C9	8	1	20	6.200873404	0.199303807	6.2	-0.229462504	0.775	6.9580946665	0.18881999592499998	0.9578882205543261	0.021836152201517713	0.17979315945598467	36.8504121208846
20190227	PE5	R108A	D3	8	1	20	7.694515315	0.1710348298	5.9	-0.1386915243	0.7375	6.9580946665	0.18881999592499998	0.9578882205543261	0.021836152201517713	0.17979315945598467	36.8504121208846
20190227	PE5	R108A	D4	8	1	20	7.873131305	0.1703621309	5.9	-0.1819174915	0.7375	6.9580946665	0.18881999592499998	0.9578882205543261	0.021836152201517713	0.17979315945598467	36.8504121208846
20190215	PE25	R108G	G6	8	1	20	6.711549671	0.131422159	3.8	-0.088912497	0.475	6.6732409624999995	0.116639718	0.05417669511769779	0.020905528547180106	0.1794154191750304	57.21242366601057
20190215	PE25	R108G	G7	8	1	20	6.634932254	0.101857277	3.8	-0.095254096	0.475	6.6732409624999995	0.116639718	0.05417669511769779	0.020905528547180106	0.1794154191750304	57.21242366601057
20190214	PE16	R108I	C6	8	1	20	10.03042063	2.460291829	7	0.02484703	0.875	11.34340044	3.128654119333333	2.3636870977891866	1.1211073205255422	0.41451727851531467	3.62564860394894
20190214	PE16	R108I	C7	8	1	20	9.92767421	2.502704799	7	0.032395919	0.875	11.34340044	3.128654119333333	2.3636870977891866	1.1211073205255422	0.41451727851531467	3.62564860394894
20190228	PE16	R108I	G5	12	1	20	14.07210648	4.42296573	7.26	-0.1703408918	0.605	11.34340044	3.128654119333333	2.3636870977891866	1.1211073205255422	0.41451727851531467	3.62564860394894
20190212	PE4	R108L	E2	8	1	20	3.446989226	0.148323191	6.5	0	0.8125	4.55499450975	0.288644393225	1.3209661485628514	0.16002610172378517	0.6256740028186367	15.78064433837575
20190212	PE4	R108L	E3	8	1	20	3.517439855	0.152282489	6.5	0	0.8125	4.55499450975	0.288644393225	1.3209661485628514	0.16002610172378517	0.6256740028186367	15.78064433837575
20190226	PE4	R108L	A4	8	1	20	5.066995734	0.4384681127	7.1	-0.1672471616	0.8875	4.55499450975	0.288644393225	1.3209661485628514	0.16002610172378517	0.6256740028186367	15.78064433837575
20190226	PE4	R108L	A5	8	1	20	6.188553224	0.4155037802	7	-0.1702193185	0.875	4.55499450975	0.288644393225	1.3209661485628514	0.16002610172378517	0.6256740028186367	15.78064433837575
20190215	PE26	R108Q	G10	8	1	20	6.514163446	0.155658433	5.2	-0.079524005	0.65	6.5339889509999995	0.1512223545	0.02803749805189501	0.006273562378451709	0.04170700922775039	43.20782448206095
20190215	PE26	R108Q	G9	8	1	20	6.553814456	0.146786276	5.2	-0.08425015	0.65	6.5339889509999995	0.1512223545	0.02803749805189501	0.006273562378451709	0.04170700922775039	43.20782448206095
20190214	PE18	R108Y	A6	8	1	20	2.873711195	0.2219398756	6.4	0.2380483543	0.8	4.680007327666666	0.21982863526666666	3.3381603185861355	0.04247716192269943	0.7389905612823923	21.289343501539314
20190214	PE18	R108Y	A7	8	1	20	2.634208968	0.2612108082	6.4	0.2682038422	0.8	4.680007327666666	0.21982863526666666	3.3381603185861355	0.04247716192269943	0.7389905612823923	21.289343501539314
20190228	PE18	R108Y	G7	8	1	20	8.53210182	0.176335222	2.8	-0.1949242832	0.35	4.680007327666666	0.21982863526666666	3.3381603185861355	0.04247716192269943	0.7389905612823923	21.289343501539314
20190214	PE19	R78K	C10	8	1	20	2.818305888	1.0698531549999999	3.9	0	0.4875	2.852056589	1.0890347075	0.04773069909379917	0.02712681169287167	0.030008975283697035	2.618884934849517
20190214	PE19	R78K	C9	8	1	20	2.88580729	1.10821626	3.9	0	0.4875	2.852056589	1.0890347075	0.04773069909379917	0.02712681169287167	0.030008975283697035	2.618884934849517
20190213	PE2	T34A	G3	8	1	20	6.403874762	2.016019356	2.7	-0.057905845	0.3375	6.737877194999999	2.1480156695000003	0.47235077061421066	0.1866709767349508	0.11165497370942497	3.1367914539321746
20190213	PE2	T34A	G4	8	1	20	7.071879628	2.280011983	2.7	-0.049589648	0.3375	6.737877194999999	2.1480156695000003	0.47235077061421066	0.1866709767349508	0.11165497370942497	3.1367914539321746
20190212	PE3	T34E	C6	8	1	20	7.549326783	1.533165092	3.7	-0.1008426397	0.4625	7.197347928	1.3932319034	0.5576995612275176	0.20404812495798508	0.16569178231462364	5.165936776523575
20190212	PE3	T34E	C7	8	1	20	7.405268824	1.515214778	3.7	-0.09431945597	0.4625	7.197347928	1.3932319034	0.5576995612275176	0.20404812495798508	0.16569178231462364	5.165936776523575
20190220	PE3	T34E	E3	16	1	20	7.413873181	1.48753136	7	-0.02288708771	0.4375	7.197347928	1.3932319034	0.5576995612275176	0.20404812495798508	0.16569178231462364	5.165936776523575
20190220	PE3	T34E	E4	16	1	20	7.412747019	1.387959751	7	-0.0285945828	0.4375	7.197347928	1.3932319034	0.5576995612275176	0.20404812495798508	0.16569178231462364	5.165936776523575
20190220	PE3	T34E	E6	8	1	20	6.205523833	1.042288536	3.3	-0.05236424135	0.4125	7.197347928	1.3932319034	0.5576995612275176	0.20404812495798508	0.16569178231462364	5.165936776523575
20190213	PE11	T34G	A6	8	1	20	3.591044894	0.456863004	6.3	0	0.7875	3.91083530425	0.729865688825	0.7646463674332397	0.313635726382151	0.47210676044183814	5.358294497369777
20190213	PE11	T34G	A7	8	1	20	3.084806329	0.459836111	6.3	0	0.7875	3.91083530425	0.729865688825	0.7646463674332397	0.313635726382151	0.47210676044183814	5.358294497369777
20190227	PE11	T34G	E6	11	1	20	4.879353007	0.9910462353	8.7	-0.04573832087	0.7909090909090909	3.91083530425	0.729865688825	0.7646463674332397	0.313635726382151	0.47210676044183814	5.358294497369777
20190227	PE11	T34G	E7	11	1	20	4.088136987	1.011717405	8.55	-0.06579525223	0.7772727272727273	3.91083530425	0.729865688825	0.7646463674332397	0.313635726382151	0.47210676044183814	5.358294497369777
20190214	PE15	T34L	A3	8	1	20	3.441621861	0.7937020207	4	0.2620047213	0.5	3.29741618	0.8843741855	0.20393762984144795	0.12822980518988836	0.15763463802644048	3.7285305632657453
20190214	PE15	T34L	A4	8	1	20	3.153210499	0.9750463503	4	0.248303725	0.5	3.29741618	0.8843741855	0.20393762984144795	0.12822980518988836	0.15763463802644048	3.7285305632657453
20190213	PE13	T34Q	G10	8	1	20	4.97691857	2.372705935	3.85	0	0.48125	5.037534964	2.396775364	0.08572452649695136	0.0340393129303764	0.022164929999957513	2.101796872441484
20190213	PE13	T34Q	G9	8	1	20	5.098151358	2.420844793	3.85	0	0.48125	5.037534964	2.396775364	0.08572452649695136	0.0340393129303764	0.022164929999957513	2.101796872441484
20190215	PE31	T34S	C10	8	1	20	5.093350919	0.451039785	5.6	0.036133349	0.7	4.893907274	0.4353325275	0.2820559076881245	0.022213416584186536	0.07697645069990486	11.241767993088915
20190215	PE31	T34S	C9	8	1	20	4.694463629	0.41962527	5.6	0.009547872	0.7	4.893907274	0.4353325275	0.2820559076881245	0.022213416584186536	0.07697645069990486	11.241767993088915
20190212	PE1	WT	C3	8	1	20	6.546226466	0.311845288	5.7	-0.142897147	0.7125	7.21789583775	0.26981055025	0.7194580437745409	0.05695358697142319	0.23343812492194044	26.751718311467325
20190212	PE1	WT	C4	8	1	20	6.855012059	0.325534917	5.7	-0.162193588	0.7125	7.21789583775	0.26981055025	0.7194580437745409	0.05695358697142319	0.23343812492194044	26.751718311467325
20190222	PE1	WT	G3	8	1	20	7.268865037	0.2272787426	5.1	-0.1483986029	0.6375	7.21789583775	0.26981055025	0.7194580437745409	0.05695358697142319	0.23343812492194044	26.751718311467325
20190222	PE1	WT	G4	8	1	20	8.201479789	0.2145832534	5.1	-0.1387493586	0.6375	7.21789583775	0.26981055025	0.7194580437745409	0.05695358697142319	0.23343812492194044	26.751718311467325
20190213	PE14	Y157A	A10	8	1	20	3.539534285	0.056642141	6	-0.071039122	0.75	5.872476213666667	0.23226409373333332	4.250630166519244	0.2606805027397306	1.3355065759663223	25.28361624594874
20190213	PE14	Y157A	A9	8	1	20	3.299175356	0.10836295	6	-0.113323177	0.75	5.872476213666667	0.23226409373333332	4.250630166519244	0.2606805027397306	1.3355065759663223	25.28361624594874
20190228	PE14	Y157A	G3	8	1	20	10.778719	0.5317871902	6.5	-0.1217814997	0.8125	5.872476213666667	0.23226409373333332	4.250630166519244	0.2606805027397306	1.3355065759663223	25.28361624594874
