mutant	mean_kcat	mean_Km	kcat_sd	Km_sd	sd	kcat_over_Km
A180T	3.1719364839999997	0.3183583603	0.012985678039449652	0.021885812598249208	0.0688676312176455	9.963415067884428
D79S	4.0725052260000005	1.1612345435	0.30888258018049575	0.34556731903962357	0.3070995101813154	3.5070479506451235
F58A	8.08078722175	0.24841519682500002	0.8719636330129789	0.06687467713231166	0.2900260813163983	32.529359415328514
G80A	6.655593558	0.25481027721666666	2.626799834983179	0.07117728183127306	0.48352506090363395	26.119800310647243
H141E	4.2921062925	0.1145394035	0.06126483955832862	0.01094469704704797	0.09661422033609135	37.47274877767283
H141R	6.5837634055	0.1300198916925	2.6993836490749894	0.046247347498232345	0.5427923822484438	50.63658583157991
K101R	4.366594246	0.20371809899999999	0.5626853617954942	0.012429609266724439	0.14257606910984147	21.434493387845723
K132H	5.1285537756	2.2428552870000003	1.7707185982962537	0.6059091224052798	0.4383953808468774	2.2866182251374116
K143W	7.685839304333333	0.2307432989	0.6587649551953997	0.1399273799960679	0.6124474111961462	33.30904663742472
Q147E	6.2968418832	0.64391758694	1.9793297876339084	0.049128366289071745	0.3234637173901241	9.7789562063735609
R108A	6.9580946665	0.18881999592499998	0.9578882205543261	0.021836152201517713	0.17979315945598467	36.8504121208846
R108G	6.6732409624999995	0.116639718	0.05417669511769779	0.020905528547180106	0.1794154191750304	57.21242366601057
R108I	11.34340044	3.128654119333333	2.3636870977891866	1.1211073205255422	0.41451727851531467	3.62564860394894
R108L	4.55499450975	0.288644393225	1.3209661485628514	0.16002610172378517	0.6256740028186367	15.78064433837575
R108Q	6.5339889509999995	0.1512223545	0.02803749805189501	0.006273562378451709	0.04170700922775039	43.20782448206095
R108Y	4.680007327666666	0.21982863526666666	3.3381603185861355	0.04247716192269943	0.7389905612823923	21.289343501539314
R78K	2.852056589	1.0890347075	0.04773069909379917	0.02712681169287167	0.030008975283697035	2.618884934849517
T34A	6.737877194999999	2.1480156695000003	0.47235077061421066	0.1866709767349508	0.11165497370942497	3.1367914539321746
T34E	7.197347928	1.3932319034	0.5576995612275176	0.20404812495798508	0.16569178231462364	5.165936776523575
T34G	3.91083530425	0.729865688825	0.7646463674332397	0.313635726382151	0.47210676044183814	5.358294497369777
T34L	3.29741618	0.8843741855	0.20393762984144795	0.12822980518988836	0.15763463802644048	3.7285305632657453
T34Q	5.037534964	2.396775364	0.08572452649695136	0.0340393129303764	0.022164929999957513	2.101796872441484
T34S	4.893907274	0.4353325275	0.2820559076881245	0.022213416584186536	0.07697645069990486	11.241767993088915
WT	7.21789583775	0.26981055025	0.7194580437745409	0.05695358697142319	0.23343812492194044	26.751718311467325
Y157A	5.872476213666667	0.23226409373333332	4.250630166519244	0.2606805027397306	1.3355065759663223	25.28361624594874
