20170330	15	E	1	PE3_T34E	0.5	10	869
20170330	15	E	2	PE3_T34E	1	10	1679
20170330	15	E	3	PE3_T34E	1.5	10	3057
20170330	15	E	4	PE3_T34E	2	10	4121
20170330	15	E	5	PE3_T34E	3	10	6595
20170330	15	E	6	PE3_T34E	4	10	8605
20170330	15	E	7	PE3_T34E	5	10	11378
20170330	15	E	8	PE3_T34E	6	10	13309
20170330	15	E	9	PE3_T34E	6.5	10	14982
20170330	15	E	10	PE3_T34E	7	10	15259
20170330	15	E	11	PE3_T34E	8	10	17685
20170330	15	E	12	PE3_T34E	10	10	21910
20170330	30	E	1	PE3_T34E	0.5	10	832
20170330	30	E	2	PE3_T34E	1	10	1556
20170330	30	E	3	PE3_T34E	1.5	10	2833
20170330	30	E	4	PE3_T34E	2	10	3857
20170330	30	E	5	PE3_T34E	3	10	6206
20170330	30	E	6	PE3_T34E	4	10	8264
20170330	30	E	7	PE3_T34E	5	10	10914
20170330	30	E	8	PE3_T34E	6	10	12942
20170330	30	E	9	PE3_T34E	6.5	10	14485
20170330	30	E	10	PE3_T34E	7	10	14714
20170330	30	E	11	PE3_T34E	8	10	17270
20170330	30	E	12	PE3_T34E	10	10	21469
20170330	45	E	1	PE3_T34E	0.5	10	783
20170330	45	E	2	PE3_T34E	1	10	1472
20170330	45	E	3	PE3_T34E	1.5	10	2687
20170330	45	E	4	PE3_T34E	2	10	3655
20170330	45	E	5	PE3_T34E	3	10	5911
20170330	45	E	6	PE3_T34E	4	10	7969
20170330	45	E	7	PE3_T34E	5	10	10613
20170330	45	E	8	PE3_T34E	6	10	12591
20170330	45	E	9	PE3_T34E	6.5	10	13983
20170330	45	E	10	PE3_T34E	7	10	14307
20170330	45	E	11	PE3_T34E	8	10	16853
20170330	45	E	12	PE3_T34E	10	10	21164
20170330	60	E	1	PE3_T34E	0.5	10	786
20170330	60	E	2	PE3_T34E	1	10	1434
20170330	60	E	3	PE3_T34E	1.5	10	2582
20170330	60	E	4	PE3_T34E	2	10	3467
20170330	60	E	5	PE3_T34E	3	10	5660
20170330	60	E	6	PE3_T34E	4	10	7682
20170330	60	E	7	PE3_T34E	5	10	10258
20170330	60	E	8	PE3_T34E	6	10	12249
20170330	60	E	9	PE3_T34E	6.5	10	13696
20170330	60	E	10	PE3_T34E	7	10	14048
20170330	60	E	11	PE3_T34E	8	10	16533
20170330	60	E	12	PE3_T34E	10	10	20554
20170330	75	E	1	PE3_T34E	0.5	10	775
20170330	75	E	2	PE3_T34E	1	10	1401
20170330	75	E	3	PE3_T34E	1.5	10	2489
20170330	75	E	4	PE3_T34E	2	10	3334
20170330	75	E	5	PE3_T34E	3	10	5447
20170330	75	E	6	PE3_T34E	4	10	7423
20170330	75	E	7	PE3_T34E	5	10	9933
20170330	75	E	8	PE3_T34E	6	10	11946
20170330	75	E	9	PE3_T34E	6.5	10	13344
20170330	75	E	10	PE3_T34E	7	10	13674
20170330	75	E	11	PE3_T34E	8	10	16172
20170330	75	E	12	PE3_T34E	10	10	20424
20170330	90	E	1	PE3_T34E	0.5	10	749
20170330	90	E	2	PE3_T34E	1	10	1357
20170330	90	E	3	PE3_T34E	1.5	10	2383
20170330	90	E	4	PE3_T34E	2	10	3226
20170330	90	E	5	PE3_T34E	3	10	5286
20170330	90	E	6	PE3_T34E	4	10	7225
20170330	90	E	7	PE3_T34E	5	10	9601
20170330	90	E	8	PE3_T34E	6	10	11632
20170330	90	E	9	PE3_T34E	6.5	10	12976
20170330	90	E	10	PE3_T34E	7	10	13323
20170330	90	E	11	PE3_T34E	8	10	15832
20170330	90	E	12	PE3_T34E	10	10	20015
20170330	105	E	1	PE3_T34E	0.5	10	745
20170330	105	E	2	PE3_T34E	1	10	1344
20170330	105	E	3	PE3_T34E	1.5	10	2342
20170330	105	E	4	PE3_T34E	2	10	3128
20170330	105	E	5	PE3_T34E	3	10	5129
20170330	105	E	6	PE3_T34E	4	10	6924
20170330	105	E	7	PE3_T34E	5	10	9422
20170330	105	E	8	PE3_T34E	6	10	11329
20170330	105	E	9	PE3_T34E	6.5	10	12683
20170330	105	E	10	PE3_T34E	7	10	13043
20170330	105	E	11	PE3_T34E	8	10	15628
20170330	105	E	12	PE3_T34E	10	10	19822
20170330	120	E	1	PE3_T34E	0.5	10	746
20170330	120	E	2	PE3_T34E	1	10	1342
20170330	120	E	3	PE3_T34E	1.5	10	2280
20170330	120	E	4	PE3_T34E	2	10	3068
20170330	120	E	5	PE3_T34E	3	10	4967
20170330	120	E	6	PE3_T34E	4	10	6791
20170330	120	E	7	PE3_T34E	5	10	9220
20170330	120	E	8	PE3_T34E	6	10	11154
20170330	120	E	9	PE3_T34E	6.5	10	12332
20170330	120	E	10	PE3_T34E	7	10	12820
20170330	120	E	11	PE3_T34E	8	10	15295
20170330	120	E	12	PE3_T34E	10	10	19518
20170330	135	E	1	PE3_T34E	0.5	10	749
20170330	135	E	2	PE3_T34E	1	10	1303
20170330	135	E	3	PE3_T34E	1.5	10	2232
20170330	135	E	4	PE3_T34E	2	10	3020
20170330	135	E	5	PE3_T34E	3	10	4881
20170330	135	E	6	PE3_T34E	4	10	6633
20170330	135	E	7	PE3_T34E	5	10	8952
20170330	135	E	8	PE3_T34E	6	10	10935
20170330	135	E	9	PE3_T34E	6.5	10	12183
20170330	135	E	10	PE3_T34E	7	10	12454
20170330	135	E	11	PE3_T34E	8	10	15034
20170330	135	E	12	PE3_T34E	10	10	19190
20170330	150	E	1	PE3_T34E	0.5	10	728
20170330	150	E	2	PE3_T34E	1	10	1288
20170330	150	E	3	PE3_T34E	1.5	10	2192
20170330	150	E	4	PE3_T34E	2	10	2946
20170330	150	E	5	PE3_T34E	3	10	4749
20170330	150	E	6	PE3_T34E	4	10	6501
20170330	150	E	7	PE3_T34E	5	10	8811
20170330	150	E	8	PE3_T34E	6	10	10672
20170330	150	E	9	PE3_T34E	6.5	10	11887
20170330	150	E	10	PE3_T34E	7	10	12364
20170330	150	E	11	PE3_T34E	8	10	14763
20170330	150	E	12	PE3_T34E	10	10	18956
20170330	165	E	1	PE3_T34E	0.5	10	733
20170330	165	E	2	PE3_T34E	1	10	1287
20170330	165	E	3	PE3_T34E	1.5	10	2179
20170330	165	E	4	PE3_T34E	2	10	2944
20170330	165	E	5	PE3_T34E	3	10	4712
20170330	165	E	6	PE3_T34E	4	10	6409
20170330	165	E	7	PE3_T34E	5	10	8670
20170330	165	E	8	PE3_T34E	6	10	10473
20170330	165	E	9	PE3_T34E	6.5	10	11605
20170330	165	E	10	PE3_T34E	7	10	12207
20170330	165	E	11	PE3_T34E	8	10	14540
20170330	165	E	12	PE3_T34E	10	10	18744
20170330	180	E	1	PE3_T34E	0.5	10	725
20170330	180	E	2	PE3_T34E	1	10	1301
20170330	180	E	3	PE3_T34E	1.5	10	2194
20170330	180	E	4	PE3_T34E	2	10	2866
20170330	180	E	5	PE3_T34E	3	10	4617
20170330	180	E	6	PE3_T34E	4	10	6260
20170330	180	E	7	PE3_T34E	5	10	8432
20170330	180	E	8	PE3_T34E	6	10	10292
20170330	180	E	9	PE3_T34E	6.5	10	11432
20170330	180	E	10	PE3_T34E	7	10	11937
20170330	180	E	11	PE3_T34E	8	10	14368
20170330	180	E	12	PE3_T34E	10	10	18485
20170330	195	E	1	PE3_T34E	0.5	10	728
20170330	195	E	2	PE3_T34E	1	10	1287
20170330	195	E	3	PE3_T34E	1.5	10	2166
20170330	195	E	4	PE3_T34E	2	10	2839
20170330	195	E	5	PE3_T34E	3	10	4539
20170330	195	E	6	PE3_T34E	4	10	6134
20170330	195	E	7	PE3_T34E	5	10	8376
20170330	195	E	8	PE3_T34E	6	10	10135
20170330	195	E	9	PE3_T34E	6.5	10	11260
20170330	195	E	10	PE3_T34E	7	10	11727
20170330	195	E	11	PE3_T34E	8	10	14087
20170330	195	E	12	PE3_T34E	10	10	18219
20170330	210	E	1	PE3_T34E	0.5	10	720
20170330	210	E	2	PE3_T34E	1	10	1277
20170330	210	E	3	PE3_T34E	1.5	10	2147
20170330	210	E	4	PE3_T34E	2	10	2808
20170330	210	E	5	PE3_T34E	3	10	4489
20170330	210	E	6	PE3_T34E	4	10	6066
20170330	210	E	7	PE3_T34E	5	10	8159
20170330	210	E	8	PE3_T34E	6	10	9957
20170330	210	E	9	PE3_T34E	6.5	10	11076
20170330	210	E	10	PE3_T34E	7	10	11539
20170330	210	E	11	PE3_T34E	8	10	13971
20170330	210	E	12	PE3_T34E	10	10	18108
20170330	225	E	1	PE3_T34E	0.5	10	734
20170330	225	E	2	PE3_T34E	1	10	1256
20170330	225	E	3	PE3_T34E	1.5	10	2125
20170330	225	E	4	PE3_T34E	2	10	2811
20170330	225	E	5	PE3_T34E	3	10	4392
20170330	225	E	6	PE3_T34E	4	10	5945
20170330	225	E	7	PE3_T34E	5	10	8135
20170330	225	E	8	PE3_T34E	6	10	9826
20170330	225	E	9	PE3_T34E	6.5	10	10881
20170330	225	E	10	PE3_T34E	7	10	11342
20170330	225	E	11	PE3_T34E	8	10	13731
20170330	225	E	12	PE3_T34E	10	10	17815
20170330	240	E	1	PE3_T34E	0.5	10	719
20170330	240	E	2	PE3_T34E	1	10	1281
20170330	240	E	3	PE3_T34E	1.5	10	2085
20170330	240	E	4	PE3_T34E	2	10	2766
20170330	240	E	5	PE3_T34E	3	10	4351
20170330	240	E	6	PE3_T34E	4	10	5888
20170330	240	E	7	PE3_T34E	5	10	7891
20170330	240	E	8	PE3_T34E	6	10	9682
20170330	240	E	9	PE3_T34E	6.5	10	10782
20170330	240	E	10	PE3_T34E	7	10	11126
20170330	240	E	11	PE3_T34E	8	10	13425
20170330	240	E	12	PE3_T34E	10	10	17660
20170330	255	E	1	PE3_T34E	0.5	10	717
20170330	255	E	2	PE3_T34E	1	10	1256
20170330	255	E	3	PE3_T34E	1.5	10	2083
20170330	255	E	4	PE3_T34E	2	10	2758
20170330	255	E	5	PE3_T34E	3	10	4282
20170330	255	E	6	PE3_T34E	4	10	5794
20170330	255	E	7	PE3_T34E	5	10	7822
20170330	255	E	8	PE3_T34E	6	10	9505
20170330	255	E	9	PE3_T34E	6.5	10	10674
20170330	255	E	10	PE3_T34E	7	10	11095
20170330	255	E	11	PE3_T34E	8	10	13294
20170330	255	E	12	PE3_T34E	10	10	17484
20170330	270	E	1	PE3_T34E	0.5	10	708
20170330	270	E	2	PE3_T34E	1	10	1251
20170330	270	E	3	PE3_T34E	1.5	10	2076
20170330	270	E	4	PE3_T34E	2	10	2742
20170330	270	E	5	PE3_T34E	3	10	4298
20170330	270	E	6	PE3_T34E	4	10	5761
20170330	270	E	7	PE3_T34E	5	10	7765
20170330	270	E	8	PE3_T34E	6	10	9392
20170330	270	E	9	PE3_T34E	6.5	10	10420
20170330	270	E	10	PE3_T34E	7	10	10888
20170330	270	E	11	PE3_T34E	8	10	13170
20170330	270	E	12	PE3_T34E	10	10	17240
20170330	285	E	1	PE3_T34E	0.5	10	699
20170330	285	E	2	PE3_T34E	1	10	1251
20170330	285	E	3	PE3_T34E	1.5	10	2092
20170330	285	E	4	PE3_T34E	2	10	2707
20170330	285	E	5	PE3_T34E	3	10	4219
20170330	285	E	6	PE3_T34E	4	10	5683
20170330	285	E	7	PE3_T34E	5	10	7581
20170330	285	E	8	PE3_T34E	6	10	9253
20170330	285	E	9	PE3_T34E	6.5	10	10357
20170330	285	E	10	PE3_T34E	7	10	10739
20170330	285	E	11	PE3_T34E	8	10	12958
20170330	285	E	12	PE3_T34E	10	10	17049
20170330	300	E	1	PE3_T34E	0.5	10	704
20170330	300	E	2	PE3_T34E	1	10	1264
20170330	300	E	3	PE3_T34E	1.5	10	2076
20170330	300	E	4	PE3_T34E	2	10	2741
20170330	300	E	5	PE3_T34E	3	10	4183
20170330	300	E	6	PE3_T34E	4	10	5588
20170330	300	E	7	PE3_T34E	5	10	7529
20170330	300	E	8	PE3_T34E	6	10	9216
20170330	300	E	9	PE3_T34E	6.5	10	10101
20170330	300	E	10	PE3_T34E	7	10	10678
20170330	300	E	11	PE3_T34E	8	10	12842
20170330	300	E	12	PE3_T34E	10	10	16836
20170330	315	E	1	PE3_T34E	0.5	10	721
20170330	315	E	2	PE3_T34E	1	10	1233
20170330	315	E	3	PE3_T34E	1.5	10	2060
20170330	315	E	4	PE3_T34E	2	10	2712
20170330	315	E	5	PE3_T34E	3	10	4196
20170330	315	E	6	PE3_T34E	4	10	5552
20170330	315	E	7	PE3_T34E	5	10	7456
20170330	315	E	8	PE3_T34E	6	10	9038
20170330	315	E	9	PE3_T34E	6.5	10	10053
20170330	315	E	10	PE3_T34E	7	10	10488
20170330	315	E	11	PE3_T34E	8	10	12682
20170330	315	E	12	PE3_T34E	10	10	16664
20170330	330	E	1	PE3_T34E	0.5	10	695
20170330	330	E	2	PE3_T34E	1	10	1240
20170330	330	E	3	PE3_T34E	1.5	10	2080
20170330	330	E	4	PE3_T34E	2	10	2720
20170330	330	E	5	PE3_T34E	3	10	4196
20170330	330	E	6	PE3_T34E	4	10	5482
20170330	330	E	7	PE3_T34E	5	10	7359
20170330	330	E	8	PE3_T34E	6	10	8896
20170330	330	E	9	PE3_T34E	6.5	10	9973
20170330	330	E	10	PE3_T34E	7	10	10394
20170330	330	E	11	PE3_T34E	8	10	12546
20170330	330	E	12	PE3_T34E	10	10	16560
20170330	345	E	1	PE3_T34E	0.5	10	710
20170330	345	E	2	PE3_T34E	1	10	1243
20170330	345	E	3	PE3_T34E	1.5	10	2053
20170330	345	E	4	PE3_T34E	2	10	2673
20170330	345	E	5	PE3_T34E	3	10	4099
20170330	345	E	6	PE3_T34E	4	10	5431
20170330	345	E	7	PE3_T34E	5	10	7331
20170330	345	E	8	PE3_T34E	6	10	8879
20170330	345	E	9	PE3_T34E	6.5	10	9826
20170330	345	E	10	PE3_T34E	7	10	10249
20170330	345	E	11	PE3_T34E	8	10	12354
20170330	345	E	12	PE3_T34E	10	10	16321
20170330	360	E	1	PE3_T34E	0.5	10	702
20170330	360	E	2	PE3_T34E	1	10	1233
20170330	360	E	3	PE3_T34E	1.5	10	2071
20170330	360	E	4	PE3_T34E	2	10	2688
20170330	360	E	5	PE3_T34E	3	10	4075
20170330	360	E	6	PE3_T34E	4	10	5454
20170330	360	E	7	PE3_T34E	5	10	7294
20170330	360	E	8	PE3_T34E	6	10	8763
20170330	360	E	9	PE3_T34E	6.5	10	9746
20170330	360	E	10	PE3_T34E	7	10	10150
20170330	360	E	11	PE3_T34E	8	10	12295
20170330	360	E	12	PE3_T34E	10	10	16205
20170330	375	E	1	PE3_T34E	0.5	10	714
20170330	375	E	2	PE3_T34E	1	10	1234
20170330	375	E	3	PE3_T34E	1.5	10	2024
20170330	375	E	4	PE3_T34E	2	10	2662
20170330	375	E	5	PE3_T34E	3	10	4074
20170330	375	E	6	PE3_T34E	4	10	5392
20170330	375	E	7	PE3_T34E	5	10	7190
20170330	375	E	8	PE3_T34E	6	10	8737
20170330	375	E	9	PE3_T34E	6.5	10	9656
20170330	375	E	10	PE3_T34E	7	10	10037
20170330	375	E	11	PE3_T34E	8	10	12132
20170330	375	E	12	PE3_T34E	10	10	15992
20170330	390	E	1	PE3_T34E	0.5	10	701
20170330	390	E	2	PE3_T34E	1	10	1243
20170330	390	E	3	PE3_T34E	1.5	10	2056
20170330	390	E	4	PE3_T34E	2	10	2661
20170330	390	E	5	PE3_T34E	3	10	4106
20170330	390	E	6	PE3_T34E	4	10	5395
20170330	390	E	7	PE3_T34E	5	10	7168
20170330	390	E	8	PE3_T34E	6	10	8696
20170330	390	E	9	PE3_T34E	6.5	10	9552
20170330	390	E	10	PE3_T34E	7	10	9991
20170330	390	E	11	PE3_T34E	8	10	12017
20170330	390	E	12	PE3_T34E	10	10	16038
20170330	405	E	1	PE3_T34E	0.5	10	699
20170330	405	E	2	PE3_T34E	1	10	1231
20170330	405	E	3	PE3_T34E	1.5	10	2048
20170330	405	E	4	PE3_T34E	2	10	2675
20170330	405	E	5	PE3_T34E	3	10	4073
20170330	405	E	6	PE3_T34E	4	10	5300
20170330	405	E	7	PE3_T34E	5	10	7100
20170330	405	E	8	PE3_T34E	6	10	8510
20170330	405	E	9	PE3_T34E	6.5	10	9534
20170330	405	E	10	PE3_T34E	7	10	9872
20170330	405	E	11	PE3_T34E	8	10	11910
20170330	405	E	12	PE3_T34E	10	10	15821
20170330	420	E	1	PE3_T34E	0.5	10	704
20170330	420	E	2	PE3_T34E	1	10	1220
20170330	420	E	3	PE3_T34E	1.5	10	2051
20170330	420	E	4	PE3_T34E	2	10	2654
20170330	420	E	5	PE3_T34E	3	10	4038
20170330	420	E	6	PE3_T34E	4	10	5304
20170330	420	E	7	PE3_T34E	5	10	7037
20170330	420	E	8	PE3_T34E	6	10	8423
20170330	420	E	9	PE3_T34E	6.5	10	9426
20170330	420	E	10	PE3_T34E	7	10	9838
20170330	420	E	11	PE3_T34E	8	10	11816
20170330	420	E	12	PE3_T34E	10	10	15640
20170330	435	E	1	PE3_T34E	0.5	10	698
20170330	435	E	2	PE3_T34E	1	10	1237
20170330	435	E	3	PE3_T34E	1.5	10	2059
20170330	435	E	4	PE3_T34E	2	10	2643
20170330	435	E	5	PE3_T34E	3	10	4032
20170330	435	E	6	PE3_T34E	4	10	5259
20170330	435	E	7	PE3_T34E	5	10	7001
20170330	435	E	8	PE3_T34E	6	10	8457
20170330	435	E	9	PE3_T34E	6.5	10	9398
20170330	435	E	10	PE3_T34E	7	10	9737
20170330	435	E	11	PE3_T34E	8	10	11776
20170330	435	E	12	PE3_T34E	10	10	15502
20170330	450	E	1	PE3_T34E	0.5	10	705
20170330	450	E	2	PE3_T34E	1	10	1225
20170330	450	E	3	PE3_T34E	1.5	10	2047
20170330	450	E	4	PE3_T34E	2	10	2659
20170330	450	E	5	PE3_T34E	3	10	4021
20170330	450	E	6	PE3_T34E	4	10	5239
20170330	450	E	7	PE3_T34E	5	10	6991
20170330	450	E	8	PE3_T34E	6	10	8344
20170330	450	E	9	PE3_T34E	6.5	10	9280
20170330	450	E	10	PE3_T34E	7	10	9708
20170330	450	E	11	PE3_T34E	8	10	11651
20170330	450	E	12	PE3_T34E	10	10	15374
20170330	465	E	1	PE3_T34E	0.5	10	690
20170330	465	E	2	PE3_T34E	1	10	1238
20170330	465	E	3	PE3_T34E	1.5	10	2008
20170330	465	E	4	PE3_T34E	2	10	2631
20170330	465	E	5	PE3_T34E	3	10	4022
20170330	465	E	6	PE3_T34E	4	10	5216
20170330	465	E	7	PE3_T34E	5	10	6915
20170330	465	E	8	PE3_T34E	6	10	8297
20170330	465	E	9	PE3_T34E	6.5	10	9231
20170330	465	E	10	PE3_T34E	7	10	9599
20170330	465	E	11	PE3_T34E	8	10	11539
20170330	465	E	12	PE3_T34E	10	10	15254
20170330	480	E	1	PE3_T34E	0.5	10	688
20170330	480	E	2	PE3_T34E	1	10	1238
20170330	480	E	3	PE3_T34E	1.5	10	2020
20170330	480	E	4	PE3_T34E	2	10	2634
20170330	480	E	5	PE3_T34E	3	10	3959
20170330	480	E	6	PE3_T34E	4	10	5153
20170330	480	E	7	PE3_T34E	5	10	6886
20170330	480	E	8	PE3_T34E	6	10	8247
20170330	480	E	9	PE3_T34E	6.5	10	9125
20170330	480	E	10	PE3_T34E	7	10	9447
20170330	480	E	11	PE3_T34E	8	10	11442
20170330	480	E	12	PE3_T34E	10	10	15039
20170330	495	E	1	PE3_T34E	0.5	10	701
20170330	495	E	2	PE3_T34E	1	10	1225
20170330	495	E	3	PE3_T34E	1.5	10	2006
20170330	495	E	4	PE3_T34E	2	10	2646
20170330	495	E	5	PE3_T34E	3	10	3985
20170330	495	E	6	PE3_T34E	4	10	5231
20170330	495	E	7	PE3_T34E	5	10	6865
20170330	495	E	8	PE3_T34E	6	10	8139
20170330	495	E	9	PE3_T34E	6.5	10	9110
20170330	495	E	10	PE3_T34E	7	10	9531
20170330	495	E	11	PE3_T34E	8	10	11405
20170330	495	E	12	PE3_T34E	10	10	15004
20170330	510	E	1	PE3_T34E	0.5	10	694
20170330	510	E	2	PE3_T34E	1	10	1244
20170330	510	E	3	PE3_T34E	1.5	10	2041
20170330	510	E	4	PE3_T34E	2	10	2593
20170330	510	E	5	PE3_T34E	3	10	4032
20170330	510	E	6	PE3_T34E	4	10	5181
20170330	510	E	7	PE3_T34E	5	10	6850
20170330	510	E	8	PE3_T34E	6	10	8113
20170330	510	E	9	PE3_T34E	6.5	10	9109
20170330	510	E	10	PE3_T34E	7	10	9482
20170330	510	E	11	PE3_T34E	8	10	11336
20170330	510	E	12	PE3_T34E	10	10	14847
20170330	525	E	1	PE3_T34E	0.5	10	698
20170330	525	E	2	PE3_T34E	1	10	1205
20170330	525	E	3	PE3_T34E	1.5	10	2021
20170330	525	E	4	PE3_T34E	2	10	2604
20170330	525	E	5	PE3_T34E	3	10	3953
20170330	525	E	6	PE3_T34E	4	10	5139
20170330	525	E	7	PE3_T34E	5	10	6726
20170330	525	E	8	PE3_T34E	6	10	8075
20170330	525	E	9	PE3_T34E	6.5	10	9015
20170330	525	E	10	PE3_T34E	7	10	9371
20170330	525	E	11	PE3_T34E	8	10	11261
20170330	525	E	12	PE3_T34E	10	10	14717
20170330	540	E	1	PE3_T34E	0.5	10	688
20170330	540	E	2	PE3_T34E	1	10	1235
20170330	540	E	3	PE3_T34E	1.5	10	1988
20170330	540	E	4	PE3_T34E	2	10	2622
20170330	540	E	5	PE3_T34E	3	10	3968
20170330	540	E	6	PE3_T34E	4	10	5164
20170330	540	E	7	PE3_T34E	5	10	6757
20170330	540	E	8	PE3_T34E	6	10	7999
20170330	540	E	9	PE3_T34E	6.5	10	8980
20170330	540	E	10	PE3_T34E	7	10	9306
20170330	540	E	11	PE3_T34E	8	10	11138
20170330	540	E	12	PE3_T34E	10	10	14648
20170330	555	E	1	PE3_T34E	0.5	10	701
20170330	555	E	2	PE3_T34E	1	10	1218
20170330	555	E	3	PE3_T34E	1.5	10	2030
20170330	555	E	4	PE3_T34E	2	10	2631
20170330	555	E	5	PE3_T34E	3	10	3954
20170330	555	E	6	PE3_T34E	4	10	5126
20170330	555	E	7	PE3_T34E	5	10	6747
20170330	555	E	8	PE3_T34E	6	10	8037
20170330	555	E	9	PE3_T34E	6.5	10	8958
20170330	555	E	10	PE3_T34E	7	10	9256
20170330	555	E	11	PE3_T34E	8	10	11020
20170330	555	E	12	PE3_T34E	10	10	14527
20170330	570	E	1	PE3_T34E	0.5	10	682
20170330	570	E	2	PE3_T34E	1	10	1206
20170330	570	E	3	PE3_T34E	1.5	10	2018
20170330	570	E	4	PE3_T34E	2	10	2612
20170330	570	E	5	PE3_T34E	3	10	3949
20170330	570	E	6	PE3_T34E	4	10	5119
20170330	570	E	7	PE3_T34E	5	10	6702
20170330	570	E	8	PE3_T34E	6	10	8022
20170330	570	E	9	PE3_T34E	6.5	10	8993
20170330	570	E	10	PE3_T34E	7	10	9165
20170330	570	E	11	PE3_T34E	8	10	10981
20170330	570	E	12	PE3_T34E	10	10	14480
20170330	585	E	1	PE3_T34E	0.5	10	682
20170330	585	E	2	PE3_T34E	1	10	1230
20170330	585	E	3	PE3_T34E	1.5	10	1995
20170330	585	E	4	PE3_T34E	2	10	2587
20170330	585	E	5	PE3_T34E	3	10	3944
20170330	585	E	6	PE3_T34E	4	10	5115
20170330	585	E	7	PE3_T34E	5	10	6716
20170330	585	E	8	PE3_T34E	6	10	7959
20170330	585	E	9	PE3_T34E	6.5	10	8939
20170330	585	E	10	PE3_T34E	7	10	9218
20170330	585	E	11	PE3_T34E	8	10	10970
20170330	585	E	12	PE3_T34E	10	10	14355
20170330	600	E	1	PE3_T34E	0.5	10	701
20170330	600	E	2	PE3_T34E	1	10	1228
20170330	600	E	3	PE3_T34E	1.5	10	2018
20170330	600	E	4	PE3_T34E	2	10	2591
20170330	600	E	5	PE3_T34E	3	10	3950
20170330	600	E	6	PE3_T34E	4	10	5102
20170330	600	E	7	PE3_T34E	5	10	6684
20170330	600	E	8	PE3_T34E	6	10	7940
20170330	600	E	9	PE3_T34E	6.5	10	8886
20170330	600	E	10	PE3_T34E	7	10	9077
20170330	600	E	11	PE3_T34E	8	10	10928
20170330	600	E	12	PE3_T34E	10	10	14300
20170330	615	E	1	PE3_T34E	0.5	10	686
20170330	615	E	2	PE3_T34E	1	10	1225
20170330	615	E	3	PE3_T34E	1.5	10	2002
20170330	615	E	4	PE3_T34E	2	10	2590
20170330	615	E	5	PE3_T34E	3	10	3987
20170330	615	E	6	PE3_T34E	4	10	5112
20170330	615	E	7	PE3_T34E	5	10	6680
20170330	615	E	8	PE3_T34E	6	10	7912
20170330	615	E	9	PE3_T34E	6.5	10	8844
20170330	615	E	10	PE3_T34E	7	10	9061
20170330	615	E	11	PE3_T34E	8	10	10856
20170330	615	E	12	PE3_T34E	10	10	14187
20170330	630	E	1	PE3_T34E	0.5	10	683
20170330	630	E	2	PE3_T34E	1	10	1211
20170330	630	E	3	PE3_T34E	1.5	10	2017
20170330	630	E	4	PE3_T34E	2	10	2624
20170330	630	E	5	PE3_T34E	3	10	3884
20170330	630	E	6	PE3_T34E	4	10	5104
20170330	630	E	7	PE3_T34E	5	10	6663
20170330	630	E	8	PE3_T34E	6	10	7933
20170330	630	E	9	PE3_T34E	6.5	10	8833
20170330	630	E	10	PE3_T34E	7	10	9043
20170330	630	E	11	PE3_T34E	8	10	10803
20170330	630	E	12	PE3_T34E	10	10	14201
20170330	645	E	1	PE3_T34E	0.5	10	687
20170330	645	E	2	PE3_T34E	1	10	1211
20170330	645	E	3	PE3_T34E	1.5	10	2000
20170330	645	E	4	PE3_T34E	2	10	2604
20170330	645	E	5	PE3_T34E	3	10	3902
20170330	645	E	6	PE3_T34E	4	10	5058
20170330	645	E	7	PE3_T34E	5	10	6640
20170330	645	E	8	PE3_T34E	6	10	7839
20170330	645	E	9	PE3_T34E	6.5	10	8789
20170330	645	E	10	PE3_T34E	7	10	9048
20170330	645	E	11	PE3_T34E	8	10	10782
20170330	645	E	12	PE3_T34E	10	10	13965
20170330	660	E	1	PE3_T34E	0.5	10	682
20170330	660	E	2	PE3_T34E	1	10	1216
20170330	660	E	3	PE3_T34E	1.5	10	1991
20170330	660	E	4	PE3_T34E	2	10	2585
20170330	660	E	5	PE3_T34E	3	10	3898
20170330	660	E	6	PE3_T34E	4	10	5036
20170330	660	E	7	PE3_T34E	5	10	6663
20170330	660	E	8	PE3_T34E	6	10	7790
20170330	660	E	9	PE3_T34E	6.5	10	8815
20170330	660	E	10	PE3_T34E	7	10	8999
20170330	660	E	11	PE3_T34E	8	10	10766
20170330	660	E	12	PE3_T34E	10	10	14058
20170330	675	E	1	PE3_T34E	0.5	10	670
20170330	675	E	2	PE3_T34E	1	10	1210
20170330	675	E	3	PE3_T34E	1.5	10	2010
20170330	675	E	4	PE3_T34E	2	10	2618
20170330	675	E	5	PE3_T34E	3	10	3906
20170330	675	E	6	PE3_T34E	4	10	5042
20170330	675	E	7	PE3_T34E	5	10	6625
20170330	675	E	8	PE3_T34E	6	10	7817
20170330	675	E	9	PE3_T34E	6.5	10	8792
20170330	675	E	10	PE3_T34E	7	10	9044
20170330	675	E	11	PE3_T34E	8	10	10736
20170330	675	E	12	PE3_T34E	10	10	13915
20170330	690	E	1	PE3_T34E	0.5	10	679
20170330	690	E	2	PE3_T34E	1	10	1218
20170330	690	E	3	PE3_T34E	1.5	10	1977
20170330	690	E	4	PE3_T34E	2	10	2562
20170330	690	E	5	PE3_T34E	3	10	3930
20170330	690	E	6	PE3_T34E	4	10	5013
20170330	690	E	7	PE3_T34E	5	10	6601
20170330	690	E	8	PE3_T34E	6	10	7743
20170330	690	E	9	PE3_T34E	6.5	10	8769
20170330	690	E	10	PE3_T34E	7	10	8937
20170330	690	E	11	PE3_T34E	8	10	10612
20170330	690	E	12	PE3_T34E	10	10	13763
20170330	705	E	1	PE3_T34E	0.5	10	686
20170330	705	E	2	PE3_T34E	1	10	1204
20170330	705	E	3	PE3_T34E	1.5	10	1996
20170330	705	E	4	PE3_T34E	2	10	2568
20170330	705	E	5	PE3_T34E	3	10	3890
20170330	705	E	6	PE3_T34E	4	10	5021
20170330	705	E	7	PE3_T34E	5	10	6598
20170330	705	E	8	PE3_T34E	6	10	7732
20170330	705	E	9	PE3_T34E	6.5	10	8732
20170330	705	E	10	PE3_T34E	7	10	8934
20170330	705	E	11	PE3_T34E	8	10	10535
20170330	705	E	12	PE3_T34E	10	10	13748
20170330	720	E	1	PE3_T34E	0.5	10	680
20170330	720	E	2	PE3_T34E	1	10	1216
20170330	720	E	3	PE3_T34E	1.5	10	2006
20170330	720	E	4	PE3_T34E	2	10	2576
20170330	720	E	5	PE3_T34E	3	10	3927
20170330	720	E	6	PE3_T34E	4	10	5016
20170330	720	E	7	PE3_T34E	5	10	6524
20170330	720	E	8	PE3_T34E	6	10	7738
20170330	720	E	9	PE3_T34E	6.5	10	8750
20170330	720	E	10	PE3_T34E	7	10	8846
20170330	720	E	11	PE3_T34E	8	10	10560
20170330	720	E	12	PE3_T34E	10	10	13658
20170330	735	E	1	PE3_T34E	0.5	10	695
20170330	735	E	2	PE3_T34E	1	10	1224
20170330	735	E	3	PE3_T34E	1.5	10	1980
20170330	735	E	4	PE3_T34E	2	10	2575
20170330	735	E	5	PE3_T34E	3	10	3928
20170330	735	E	6	PE3_T34E	4	10	5016
20170330	735	E	7	PE3_T34E	5	10	6537
20170330	735	E	8	PE3_T34E	6	10	7712
20170330	735	E	9	PE3_T34E	6.5	10	8714
20170330	735	E	10	PE3_T34E	7	10	8883
20170330	735	E	11	PE3_T34E	8	10	10500
20170330	735	E	12	PE3_T34E	10	10	13612
20170330	750	E	1	PE3_T34E	0.5	10	685
20170330	750	E	2	PE3_T34E	1	10	1230
20170330	750	E	3	PE3_T34E	1.5	10	1984
20170330	750	E	4	PE3_T34E	2	10	2588
20170330	750	E	5	PE3_T34E	3	10	3878
20170330	750	E	6	PE3_T34E	4	10	4990
20170330	750	E	7	PE3_T34E	5	10	6554
20170330	750	E	8	PE3_T34E	6	10	7775
20170330	750	E	9	PE3_T34E	6.5	10	8664
20170330	750	E	10	PE3_T34E	7	10	8825
20170330	750	E	11	PE3_T34E	8	10	10432
20170330	750	E	12	PE3_T34E	10	10	13482
20170330	765	E	1	PE3_T34E	0.5	10	684
20170330	765	E	2	PE3_T34E	1	10	1209
20170330	765	E	3	PE3_T34E	1.5	10	1982
20170330	765	E	4	PE3_T34E	2	10	2583
20170330	765	E	5	PE3_T34E	3	10	3893
20170330	765	E	6	PE3_T34E	4	10	5012
20170330	765	E	7	PE3_T34E	5	10	6538
20170330	765	E	8	PE3_T34E	6	10	7677
20170330	765	E	9	PE3_T34E	6.5	10	8582
20170330	765	E	10	PE3_T34E	7	10	8797
20170330	765	E	11	PE3_T34E	8	10	10426
20170330	765	E	12	PE3_T34E	10	10	13441
20170330	780	E	1	PE3_T34E	0.5	10	670
20170330	780	E	2	PE3_T34E	1	10	1212
20170330	780	E	3	PE3_T34E	1.5	10	1970
20170330	780	E	4	PE3_T34E	2	10	2561
20170330	780	E	5	PE3_T34E	3	10	3890
20170330	780	E	6	PE3_T34E	4	10	4952
20170330	780	E	7	PE3_T34E	5	10	6524
20170330	780	E	8	PE3_T34E	6	10	7710
20170330	780	E	9	PE3_T34E	6.5	10	8687
20170330	780	E	10	PE3_T34E	7	10	8769
20170330	780	E	11	PE3_T34E	8	10	10400
20170330	780	E	12	PE3_T34E	10	10	13375
20170330	795	E	1	PE3_T34E	0.5	10	673
20170330	795	E	2	PE3_T34E	1	10	1194
20170330	795	E	3	PE3_T34E	1.5	10	1982
20170330	795	E	4	PE3_T34E	2	10	2563
20170330	795	E	5	PE3_T34E	3	10	3829
20170330	795	E	6	PE3_T34E	4	10	4990
20170330	795	E	7	PE3_T34E	5	10	6486
20170330	795	E	8	PE3_T34E	6	10	7681
20170330	795	E	9	PE3_T34E	6.5	10	8609
20170330	795	E	10	PE3_T34E	7	10	8794
20170330	795	E	11	PE3_T34E	8	10	10445
20170330	795	E	12	PE3_T34E	10	10	13384
20170330	810	E	1	PE3_T34E	0.5	10	667
20170330	810	E	2	PE3_T34E	1	10	1206
20170330	810	E	3	PE3_T34E	1.5	10	1982
20170330	810	E	4	PE3_T34E	2	10	2556
20170330	810	E	5	PE3_T34E	3	10	3875
20170330	810	E	6	PE3_T34E	4	10	4984
20170330	810	E	7	PE3_T34E	5	10	6507
20170330	810	E	8	PE3_T34E	6	10	7652
20170330	810	E	9	PE3_T34E	6.5	10	8645
20170330	810	E	10	PE3_T34E	7	10	8767
20170330	810	E	11	PE3_T34E	8	10	10389
20170330	810	E	12	PE3_T34E	10	10	13268
20170330	825	E	1	PE3_T34E	0.5	10	679
20170330	825	E	2	PE3_T34E	1	10	1213
20170330	825	E	3	PE3_T34E	1.5	10	1983
20170330	825	E	4	PE3_T34E	2	10	2552
20170330	825	E	5	PE3_T34E	3	10	3883
20170330	825	E	6	PE3_T34E	4	10	4934
20170330	825	E	7	PE3_T34E	5	10	6460
20170330	825	E	8	PE3_T34E	6	10	7703
20170330	825	E	9	PE3_T34E	6.5	10	8630
20170330	825	E	10	PE3_T34E	7	10	8740
20170330	825	E	11	PE3_T34E	8	10	10318
20170330	825	E	12	PE3_T34E	10	10	13219
20170330	840	E	1	PE3_T34E	0.5	10	676
20170330	840	E	2	PE3_T34E	1	10	1191
20170330	840	E	3	PE3_T34E	1.5	10	1978
20170330	840	E	4	PE3_T34E	2	10	2579
20170330	840	E	5	PE3_T34E	3	10	3837
20170330	840	E	6	PE3_T34E	4	10	4957
20170330	840	E	7	PE3_T34E	5	10	6472
20170330	840	E	8	PE3_T34E	6	10	7652
20170330	840	E	9	PE3_T34E	6.5	10	8623
20170330	840	E	10	PE3_T34E	7	10	8692
20170330	840	E	11	PE3_T34E	8	10	10300
20170330	840	E	12	PE3_T34E	10	10	13195
20170330	855	E	1	PE3_T34E	0.5	10	676
20170330	855	E	2	PE3_T34E	1	10	1214
20170330	855	E	3	PE3_T34E	1.5	10	1941
20170330	855	E	4	PE3_T34E	2	10	2571
20170330	855	E	5	PE3_T34E	3	10	3853
20170330	855	E	6	PE3_T34E	4	10	4935
20170330	855	E	7	PE3_T34E	5	10	6487
20170330	855	E	8	PE3_T34E	6	10	7633
20170330	855	E	9	PE3_T34E	6.5	10	8601
20170330	855	E	10	PE3_T34E	7	10	8778
20170330	855	E	11	PE3_T34E	8	10	10283
20170330	855	E	12	PE3_T34E	10	10	13223
20170330	870	E	1	PE3_T34E	0.5	10	678
20170330	870	E	2	PE3_T34E	1	10	1195
20170330	870	E	3	PE3_T34E	1.5	10	1981
20170330	870	E	4	PE3_T34E	2	10	2518
20170330	870	E	5	PE3_T34E	3	10	3875
20170330	870	E	6	PE3_T34E	4	10	4964
20170330	870	E	7	PE3_T34E	5	10	6497
20170330	870	E	8	PE3_T34E	6	10	7597
20170330	870	E	9	PE3_T34E	6.5	10	8665
20170330	870	E	10	PE3_T34E	7	10	8692
20170330	870	E	11	PE3_T34E	8	10	10247
20170330	870	E	12	PE3_T34E	10	10	13095
20170330	885	E	1	PE3_T34E	0.5	10	664
20170330	885	E	2	PE3_T34E	1	10	1209
20170330	885	E	3	PE3_T34E	1.5	10	1991
20170330	885	E	4	PE3_T34E	2	10	2545
20170330	885	E	5	PE3_T34E	3	10	3835
20170330	885	E	6	PE3_T34E	4	10	4932
20170330	885	E	7	PE3_T34E	5	10	6453
20170330	885	E	8	PE3_T34E	6	10	7568
20170330	885	E	9	PE3_T34E	6.5	10	8603
20170330	885	E	10	PE3_T34E	7	10	8697
20170330	885	E	11	PE3_T34E	8	10	10215
20170330	885	E	12	PE3_T34E	10	10	12987
20170330	900	E	1	PE3_T34E	0.5	10	677
20170330	900	E	2	PE3_T34E	1	10	1202
20170330	900	E	3	PE3_T34E	1.5	10	1942
20170330	900	E	4	PE3_T34E	2	10	2558
20170330	900	E	5	PE3_T34E	3	10	3799
20170330	900	E	6	PE3_T34E	4	10	4959
20170330	900	E	7	PE3_T34E	5	10	6473
20170330	900	E	8	PE3_T34E	6	10	7575
20170330	900	E	9	PE3_T34E	6.5	10	8570
20170330	900	E	10	PE3_T34E	7	10	8702
20170330	900	E	11	PE3_T34E	8	10	10224
20170330	900	E	12	PE3_T34E	10	10	13024
20170330	915	E	1	PE3_T34E	0.5	10	690
20170330	915	E	2	PE3_T34E	1	10	1195
20170330	915	E	3	PE3_T34E	1.5	10	1965
20170330	915	E	4	PE3_T34E	2	10	2556
20170330	915	E	5	PE3_T34E	3	10	3840
20170330	915	E	6	PE3_T34E	4	10	4923
20170330	915	E	7	PE3_T34E	5	10	6433
20170330	915	E	8	PE3_T34E	6	10	7589
20170330	915	E	9	PE3_T34E	6.5	10	8573
20170330	915	E	10	PE3_T34E	7	10	8624
20170330	915	E	11	PE3_T34E	8	10	10226
20170330	915	E	12	PE3_T34E	10	10	13018
20170330	930	E	1	PE3_T34E	0.5	10	672
20170330	930	E	2	PE3_T34E	1	10	1206
20170330	930	E	3	PE3_T34E	1.5	10	1952
20170330	930	E	4	PE3_T34E	2	10	2549
20170330	930	E	5	PE3_T34E	3	10	3844
20170330	930	E	6	PE3_T34E	4	10	4939
20170330	930	E	7	PE3_T34E	5	10	6456
20170330	930	E	8	PE3_T34E	6	10	7534
20170330	930	E	9	PE3_T34E	6.5	10	8598
20170330	930	E	10	PE3_T34E	7	10	8642
20170330	930	E	11	PE3_T34E	8	10	10102
20170330	930	E	12	PE3_T34E	10	10	12875
20170330	945	E	1	PE3_T34E	0.5	10	673
20170330	945	E	2	PE3_T34E	1	10	1197
20170330	945	E	3	PE3_T34E	1.5	10	1955
20170330	945	E	4	PE3_T34E	2	10	2557
20170330	945	E	5	PE3_T34E	3	10	3851
20170330	945	E	6	PE3_T34E	4	10	4950
20170330	945	E	7	PE3_T34E	5	10	6486
20170330	945	E	8	PE3_T34E	6	10	7566
20170330	945	E	9	PE3_T34E	6.5	10	8583
20170330	945	E	10	PE3_T34E	7	10	8591
20170330	945	E	11	PE3_T34E	8	10	10208
20170330	945	E	12	PE3_T34E	10	10	12827
20170330	960	E	1	PE3_T34E	0.5	10	664
20170330	960	E	2	PE3_T34E	1	10	1219
20170330	960	E	3	PE3_T34E	1.5	10	1959
20170330	960	E	4	PE3_T34E	2	10	2552
20170330	960	E	5	PE3_T34E	3	10	3868
20170330	960	E	6	PE3_T34E	4	10	4909
20170330	960	E	7	PE3_T34E	5	10	6460
20170330	960	E	8	PE3_T34E	6	10	7508
20170330	960	E	9	PE3_T34E	6.5	10	8602
20170330	960	E	10	PE3_T34E	7	10	8630
20170330	960	E	11	PE3_T34E	8	10	10109
20170330	960	E	12	PE3_T34E	10	10	12712
20170330	975	E	1	PE3_T34E	0.5	10	679
20170330	975	E	2	PE3_T34E	1	10	1195
20170330	975	E	3	PE3_T34E	1.5	10	1936
20170330	975	E	4	PE3_T34E	2	10	2544
20170330	975	E	5	PE3_T34E	3	10	3832
20170330	975	E	6	PE3_T34E	4	10	4944
20170330	975	E	7	PE3_T34E	5	10	6487
20170330	975	E	8	PE3_T34E	6	10	7542
20170330	975	E	9	PE3_T34E	6.5	10	8574
20170330	975	E	10	PE3_T34E	7	10	8619
20170330	975	E	11	PE3_T34E	8	10	10074
20170330	975	E	12	PE3_T34E	10	10	12819
20170330	990	E	1	PE3_T34E	0.5	10	680
20170330	990	E	2	PE3_T34E	1	10	1211
20170330	990	E	3	PE3_T34E	1.5	10	1950
20170330	990	E	4	PE3_T34E	2	10	2553
20170330	990	E	5	PE3_T34E	3	10	3856
20170330	990	E	6	PE3_T34E	4	10	4938
20170330	990	E	7	PE3_T34E	5	10	6404
20170330	990	E	8	PE3_T34E	6	10	7527
20170330	990	E	9	PE3_T34E	6.5	10	8489
20170330	990	E	10	PE3_T34E	7	10	8572
20170330	990	E	11	PE3_T34E	8	10	10080
20170330	990	E	12	PE3_T34E	10	10	12832
20170330	1005	E	1	PE3_T34E	0.5	10	662
20170330	1005	E	2	PE3_T34E	1	10	1182
20170330	1005	E	3	PE3_T34E	1.5	10	1954
20170330	1005	E	4	PE3_T34E	2	10	2547
20170330	1005	E	5	PE3_T34E	3	10	3816
20170330	1005	E	6	PE3_T34E	4	10	4940
20170330	1005	E	7	PE3_T34E	5	10	6396
20170330	1005	E	8	PE3_T34E	6	10	7533
20170330	1005	E	9	PE3_T34E	6.5	10	8473
20170330	1005	E	10	PE3_T34E	7	10	8583
20170330	1005	E	11	PE3_T34E	8	10	10085
20170330	1005	E	12	PE3_T34E	10	10	12673
20170330	1020	E	1	PE3_T34E	0.5	10	679
20170330	1020	E	2	PE3_T34E	1	10	1190
20170330	1020	E	3	PE3_T34E	1.5	10	1969
20170330	1020	E	4	PE3_T34E	2	10	2535
20170330	1020	E	5	PE3_T34E	3	10	3799
20170330	1020	E	6	PE3_T34E	4	10	4939
20170330	1020	E	7	PE3_T34E	5	10	6397
20170330	1020	E	8	PE3_T34E	6	10	7551
20170330	1020	E	9	PE3_T34E	6.5	10	8478
20170330	1020	E	10	PE3_T34E	7	10	8501
20170330	1020	E	11	PE3_T34E	8	10	10078
20170330	1020	E	12	PE3_T34E	10	10	12715
20170330	1035	E	1	PE3_T34E	0.5	10	670
20170330	1035	E	2	PE3_T34E	1	10	1195
20170330	1035	E	3	PE3_T34E	1.5	10	1962
20170330	1035	E	4	PE3_T34E	2	10	2527
20170330	1035	E	5	PE3_T34E	3	10	3849
20170330	1035	E	6	PE3_T34E	4	10	4933
20170330	1035	E	7	PE3_T34E	5	10	6370
20170330	1035	E	8	PE3_T34E	6	10	7535
20170330	1035	E	9	PE3_T34E	6.5	10	8520
20170330	1035	E	10	PE3_T34E	7	10	8566
20170330	1035	E	11	PE3_T34E	8	10	10014
20170330	1035	E	12	PE3_T34E	10	10	12685
20170330	1050	E	1	PE3_T34E	0.5	10	669
20170330	1050	E	2	PE3_T34E	1	10	1193
20170330	1050	E	3	PE3_T34E	1.5	10	1959
20170330	1050	E	4	PE3_T34E	2	10	2543
20170330	1050	E	5	PE3_T34E	3	10	3796
20170330	1050	E	6	PE3_T34E	4	10	4928
20170330	1050	E	7	PE3_T34E	5	10	6431
20170330	1050	E	8	PE3_T34E	6	10	7496
20170330	1050	E	9	PE3_T34E	6.5	10	8496
20170330	1050	E	10	PE3_T34E	7	10	8509
20170330	1050	E	11	PE3_T34E	8	10	10006
20170330	1050	E	12	PE3_T34E	10	10	12635
20170330	1065	E	1	PE3_T34E	0.5	10	665
20170330	1065	E	2	PE3_T34E	1	10	1189
20170330	1065	E	3	PE3_T34E	1.5	10	1939
20170330	1065	E	4	PE3_T34E	2	10	2532
20170330	1065	E	5	PE3_T34E	3	10	3828
20170330	1065	E	6	PE3_T34E	4	10	4910
20170330	1065	E	7	PE3_T34E	5	10	6377
20170330	1065	E	8	PE3_T34E	6	10	7499
20170330	1065	E	9	PE3_T34E	6.5	10	8482
20170330	1065	E	10	PE3_T34E	7	10	8549
20170330	1065	E	11	PE3_T34E	8	10	9998
20170330	1065	E	12	PE3_T34E	10	10	12582
20170330	1080	E	1	PE3_T34E	0.5	10	665
20170330	1080	E	2	PE3_T34E	1	10	1192
20170330	1080	E	3	PE3_T34E	1.5	10	1953
20170330	1080	E	4	PE3_T34E	2	10	2549
20170330	1080	E	5	PE3_T34E	3	10	3810
20170330	1080	E	6	PE3_T34E	4	10	4919
20170330	1080	E	7	PE3_T34E	5	10	6380
20170330	1080	E	8	PE3_T34E	6	10	7467
20170330	1080	E	9	PE3_T34E	6.5	10	8475
20170330	1080	E	10	PE3_T34E	7	10	8489
20170330	1080	E	11	PE3_T34E	8	10	10035
20170330	1080	E	12	PE3_T34E	10	10	12608
20170330	1095	E	1	PE3_T34E	0.5	10	673
20170330	1095	E	2	PE3_T34E	1	10	1181
20170330	1095	E	3	PE3_T34E	1.5	10	1968
20170330	1095	E	4	PE3_T34E	2	10	2527
20170330	1095	E	5	PE3_T34E	3	10	3808
20170330	1095	E	6	PE3_T34E	4	10	4889
20170330	1095	E	7	PE3_T34E	5	10	6380
20170330	1095	E	8	PE3_T34E	6	10	7458
20170330	1095	E	9	PE3_T34E	6.5	10	8407
20170330	1095	E	10	PE3_T34E	7	10	8524
20170330	1095	E	11	PE3_T34E	8	10	9944
20170330	1095	E	12	PE3_T34E	10	10	12529
20170330	1110	E	1	PE3_T34E	0.5	10	669
20170330	1110	E	2	PE3_T34E	1	10	1197
20170330	1110	E	3	PE3_T34E	1.5	10	1960
20170330	1110	E	4	PE3_T34E	2	10	2520
20170330	1110	E	5	PE3_T34E	3	10	3792
20170330	1110	E	6	PE3_T34E	4	10	4916
20170330	1110	E	7	PE3_T34E	5	10	6400
20170330	1110	E	8	PE3_T34E	6	10	7498
20170330	1110	E	9	PE3_T34E	6.5	10	8445
20170330	1110	E	10	PE3_T34E	7	10	8437
20170330	1110	E	11	PE3_T34E	8	10	9953
20170330	1110	E	12	PE3_T34E	10	10	12521
20170330	1125	E	1	PE3_T34E	0.5	10	664
20170330	1125	E	2	PE3_T34E	1	10	1186
20170330	1125	E	3	PE3_T34E	1.5	10	1958
20170330	1125	E	4	PE3_T34E	2	10	2518
20170330	1125	E	5	PE3_T34E	3	10	3787
20170330	1125	E	6	PE3_T34E	4	10	4874
20170330	1125	E	7	PE3_T34E	5	10	6366
20170330	1125	E	8	PE3_T34E	6	10	7500
20170330	1125	E	9	PE3_T34E	6.5	10	8402
20170330	1125	E	10	PE3_T34E	7	10	8503
20170330	1125	E	11	PE3_T34E	8	10	9950
20170330	1125	E	12	PE3_T34E	10	10	12468
20170330	1140	E	1	PE3_T34E	0.5	10	677
20170330	1140	E	2	PE3_T34E	1	10	1175
20170330	1140	E	3	PE3_T34E	1.5	10	1956
20170330	1140	E	4	PE3_T34E	2	10	2527
20170330	1140	E	5	PE3_T34E	3	10	3816
20170330	1140	E	6	PE3_T34E	4	10	4886
20170330	1140	E	7	PE3_T34E	5	10	6364
20170330	1140	E	8	PE3_T34E	6	10	7466
20170330	1140	E	9	PE3_T34E	6.5	10	8431
20170330	1140	E	10	PE3_T34E	7	10	8497
20170330	1140	E	11	PE3_T34E	8	10	9956
20170330	1140	E	12	PE3_T34E	10	10	12411
20170330	1155	E	1	PE3_T34E	0.5	10	665
20170330	1155	E	2	PE3_T34E	1	10	1180
20170330	1155	E	3	PE3_T34E	1.5	10	1944
20170330	1155	E	4	PE3_T34E	2	10	2511
20170330	1155	E	5	PE3_T34E	3	10	3790
20170330	1155	E	6	PE3_T34E	4	10	4871
20170330	1155	E	7	PE3_T34E	5	10	6351
20170330	1155	E	8	PE3_T34E	6	10	7385
20170330	1155	E	9	PE3_T34E	6.5	10	8464
20170330	1155	E	10	PE3_T34E	7	10	8464
20170330	1155	E	11	PE3_T34E	8	10	9989
20170330	1155	E	12	PE3_T34E	10	10	12353
20170330	1170	E	1	PE3_T34E	0.5	10	667
20170330	1170	E	2	PE3_T34E	1	10	1189
20170330	1170	E	3	PE3_T34E	1.5	10	1954
20170330	1170	E	4	PE3_T34E	2	10	2518
20170330	1170	E	5	PE3_T34E	3	10	3805
20170330	1170	E	6	PE3_T34E	4	10	4892
20170330	1170	E	7	PE3_T34E	5	10	6349
20170330	1170	E	8	PE3_T34E	6	10	7485
20170330	1170	E	9	PE3_T34E	6.5	10	8401
20170330	1170	E	10	PE3_T34E	7	10	8462
20170330	1170	E	11	PE3_T34E	8	10	9854
20170330	1170	E	12	PE3_T34E	10	10	12352
20170330	1185	E	1	PE3_T34E	0.5	10	654
20170330	1185	E	2	PE3_T34E	1	10	1175
20170330	1185	E	3	PE3_T34E	1.5	10	1931
20170330	1185	E	4	PE3_T34E	2	10	2526
20170330	1185	E	5	PE3_T34E	3	10	3796
20170330	1185	E	6	PE3_T34E	4	10	4915
20170330	1185	E	7	PE3_T34E	5	10	6328
20170330	1185	E	8	PE3_T34E	6	10	7447
20170330	1185	E	9	PE3_T34E	6.5	10	8448
20170330	1185	E	10	PE3_T34E	7	10	8438
20170330	1185	E	11	PE3_T34E	8	10	9973
20170330	1185	E	12	PE3_T34E	10	10	12399
20170330	1200	E	1	PE3_T34E	0.5	10	666
20170330	1200	E	2	PE3_T34E	1	10	1189
20170330	1200	E	3	PE3_T34E	1.5	10	1938
20170330	1200	E	4	PE3_T34E	2	10	2533
20170330	1200	E	5	PE3_T34E	3	10	3781
20170330	1200	E	6	PE3_T34E	4	10	4850
20170330	1200	E	7	PE3_T34E	5	10	6366
20170330	1200	E	8	PE3_T34E	6	10	7424
20170330	1200	E	9	PE3_T34E	6.5	10	8368
20170330	1200	E	10	PE3_T34E	7	10	8486
20170330	1200	E	11	PE3_T34E	8	10	9886
20170330	1200	E	12	PE3_T34E	10	10	12397
20170330	1215	E	1	PE3_T34E	0.5	10	658
20170330	1215	E	2	PE3_T34E	1	10	1185
20170330	1215	E	3	PE3_T34E	1.5	10	1948
20170330	1215	E	4	PE3_T34E	2	10	2498
20170330	1215	E	5	PE3_T34E	3	10	3784
20170330	1215	E	6	PE3_T34E	4	10	4844
20170330	1215	E	7	PE3_T34E	5	10	6345
20170330	1215	E	8	PE3_T34E	6	10	7460
20170330	1215	E	9	PE3_T34E	6.5	10	8374
20170330	1215	E	10	PE3_T34E	7	10	8457
20170330	1215	E	11	PE3_T34E	8	10	9891
20170330	1215	E	12	PE3_T34E	10	10	12413
20170330	1230	E	1	PE3_T34E	0.5	10	662
20170330	1230	E	2	PE3_T34E	1	10	1172
20170330	1230	E	3	PE3_T34E	1.5	10	1926
20170330	1230	E	4	PE3_T34E	2	10	2533
20170330	1230	E	5	PE3_T34E	3	10	3788
20170330	1230	E	6	PE3_T34E	4	10	4898
20170330	1230	E	7	PE3_T34E	5	10	6350
20170330	1230	E	8	PE3_T34E	6	10	7342
20170330	1230	E	9	PE3_T34E	6.5	10	8399
20170330	1230	E	10	PE3_T34E	7	10	8439
20170330	1230	E	11	PE3_T34E	8	10	9846
20170330	1230	E	12	PE3_T34E	10	10	12311
20170330	1245	E	1	PE3_T34E	0.5	10	652
20170330	1245	E	2	PE3_T34E	1	10	1167
20170330	1245	E	3	PE3_T34E	1.5	10	1926
20170330	1245	E	4	PE3_T34E	2	10	2499
20170330	1245	E	5	PE3_T34E	3	10	3769
20170330	1245	E	6	PE3_T34E	4	10	4822
20170330	1245	E	7	PE3_T34E	5	10	6348
20170330	1245	E	8	PE3_T34E	6	10	7413
20170330	1245	E	9	PE3_T34E	6.5	10	8424
20170330	1245	E	10	PE3_T34E	7	10	8445
20170330	1245	E	11	PE3_T34E	8	10	9885
20170330	1245	E	12	PE3_T34E	10	10	12278
20170330	1260	E	1	PE3_T34E	0.5	10	657
20170330	1260	E	2	PE3_T34E	1	10	1186
20170330	1260	E	3	PE3_T34E	1.5	10	1963
20170330	1260	E	4	PE3_T34E	2	10	2503
20170330	1260	E	5	PE3_T34E	3	10	3781
20170330	1260	E	6	PE3_T34E	4	10	4833
20170330	1260	E	7	PE3_T34E	5	10	6294
20170330	1260	E	8	PE3_T34E	6	10	7384
20170330	1260	E	9	PE3_T34E	6.5	10	8406
20170330	1260	E	10	PE3_T34E	7	10	8416
20170330	1260	E	11	PE3_T34E	8	10	9960
20170330	1260	E	12	PE3_T34E	10	10	12281
20170330	1275	E	1	PE3_T34E	0.5	10	671
20170330	1275	E	2	PE3_T34E	1	10	1197
20170330	1275	E	3	PE3_T34E	1.5	10	1921
20170330	1275	E	4	PE3_T34E	2	10	2510
20170330	1275	E	5	PE3_T34E	3	10	3757
20170330	1275	E	6	PE3_T34E	4	10	4867
20170330	1275	E	7	PE3_T34E	5	10	6342
20170330	1275	E	8	PE3_T34E	6	10	7405
20170330	1275	E	9	PE3_T34E	6.5	10	8380
20170330	1275	E	10	PE3_T34E	7	10	8434
20170330	1275	E	11	PE3_T34E	8	10	9894
20170330	1275	E	12	PE3_T34E	10	10	12231
20170330	1290	E	1	PE3_T34E	0.5	10	670
20170330	1290	E	2	PE3_T34E	1	10	1182
20170330	1290	E	3	PE3_T34E	1.5	10	1936
20170330	1290	E	4	PE3_T34E	2	10	2489
20170330	1290	E	5	PE3_T34E	3	10	3786
20170330	1290	E	6	PE3_T34E	4	10	4844
20170330	1290	E	7	PE3_T34E	5	10	6376
20170330	1290	E	8	PE3_T34E	6	10	7385
20170330	1290	E	9	PE3_T34E	6.5	10	8454
20170330	1290	E	10	PE3_T34E	7	10	8429
20170330	1290	E	11	PE3_T34E	8	10	9773
20170330	1290	E	12	PE3_T34E	10	10	12163
20170330	1305	E	1	PE3_T34E	0.5	10	663
20170330	1305	E	2	PE3_T34E	1	10	1188
20170330	1305	E	3	PE3_T34E	1.5	10	1933
20170330	1305	E	4	PE3_T34E	2	10	2493
20170330	1305	E	5	PE3_T34E	3	10	3763
20170330	1305	E	6	PE3_T34E	4	10	4838
20170330	1305	E	7	PE3_T34E	5	10	6343
20170330	1305	E	8	PE3_T34E	6	10	7419
20170330	1305	E	9	PE3_T34E	6.5	10	8395
20170330	1305	E	10	PE3_T34E	7	10	8370
20170330	1305	E	11	PE3_T34E	8	10	9922
20170330	1305	E	12	PE3_T34E	10	10	12124
20170330	1320	E	1	PE3_T34E	0.5	10	665
20170330	1320	E	2	PE3_T34E	1	10	1176
20170330	1320	E	3	PE3_T34E	1.5	10	1939
20170330	1320	E	4	PE3_T34E	2	10	2526
20170330	1320	E	5	PE3_T34E	3	10	3802
20170330	1320	E	6	PE3_T34E	4	10	4829
20170330	1320	E	7	PE3_T34E	5	10	6296
20170330	1320	E	8	PE3_T34E	6	10	7407
20170330	1320	E	9	PE3_T34E	6.5	10	8339
20170330	1320	E	10	PE3_T34E	7	10	8379
20170330	1320	E	11	PE3_T34E	8	10	9890
20170330	1320	E	12	PE3_T34E	10	10	12253
20170330	1335	E	1	PE3_T34E	0.5	10	664
20170330	1335	E	2	PE3_T34E	1	10	1175
20170330	1335	E	3	PE3_T34E	1.5	10	1921
20170330	1335	E	4	PE3_T34E	2	10	2485
20170330	1335	E	5	PE3_T34E	3	10	3760
20170330	1335	E	6	PE3_T34E	4	10	4845
20170330	1335	E	7	PE3_T34E	5	10	6284
20170330	1335	E	8	PE3_T34E	6	10	7406
20170330	1335	E	9	PE3_T34E	6.5	10	8384
20170330	1335	E	10	PE3_T34E	7	10	8384
20170330	1335	E	11	PE3_T34E	8	10	9798
20170330	1335	E	12	PE3_T34E	10	10	12166
20170330	1350	E	1	PE3_T34E	0.5	10	668
20170330	1350	E	2	PE3_T34E	1	10	1190
20170330	1350	E	3	PE3_T34E	1.5	10	1935
20170330	1350	E	4	PE3_T34E	2	10	2490
20170330	1350	E	5	PE3_T34E	3	10	3756
20170330	1350	E	6	PE3_T34E	4	10	4846
20170330	1350	E	7	PE3_T34E	5	10	6314
20170330	1350	E	8	PE3_T34E	6	10	7389
20170330	1350	E	9	PE3_T34E	6.5	10	8348
20170330	1350	E	10	PE3_T34E	7	10	8425
20170330	1350	E	11	PE3_T34E	8	10	9785
20170330	1350	E	12	PE3_T34E	10	10	12193
20170330	1365	E	1	PE3_T34E	0.5	10	658
20170330	1365	E	2	PE3_T34E	1	10	1180
20170330	1365	E	3	PE3_T34E	1.5	10	1931
20170330	1365	E	4	PE3_T34E	2	10	2544
20170330	1365	E	5	PE3_T34E	3	10	3788
20170330	1365	E	6	PE3_T34E	4	10	4854
20170330	1365	E	7	PE3_T34E	5	10	6307
20170330	1365	E	8	PE3_T34E	6	10	7389
20170330	1365	E	9	PE3_T34E	6.5	10	8298
20170330	1365	E	10	PE3_T34E	7	10	8378
20170330	1365	E	11	PE3_T34E	8	10	9783
20170330	1365	E	12	PE3_T34E	10	10	12222
20170330	1380	E	1	PE3_T34E	0.5	10	670
20170330	1380	E	2	PE3_T34E	1	10	1203
20170330	1380	E	3	PE3_T34E	1.5	10	1924
20170330	1380	E	4	PE3_T34E	2	10	2503
20170330	1380	E	5	PE3_T34E	3	10	3757
20170330	1380	E	6	PE3_T34E	4	10	4833
20170330	1380	E	7	PE3_T34E	5	10	6294
20170330	1380	E	8	PE3_T34E	6	10	7363
20170330	1380	E	9	PE3_T34E	6.5	10	8364
20170330	1380	E	10	PE3_T34E	7	10	8427
20170330	1380	E	11	PE3_T34E	8	10	9823
20170330	1380	E	12	PE3_T34E	10	10	12192
20170330	1395	E	1	PE3_T34E	0.5	10	664
20170330	1395	E	2	PE3_T34E	1	10	1183
20170330	1395	E	3	PE3_T34E	1.5	10	1930
20170330	1395	E	4	PE3_T34E	2	10	2509
20170330	1395	E	5	PE3_T34E	3	10	3746
20170330	1395	E	6	PE3_T34E	4	10	4850
20170330	1395	E	7	PE3_T34E	5	10	6294
20170330	1395	E	8	PE3_T34E	6	10	7387
20170330	1395	E	9	PE3_T34E	6.5	10	8387
20170330	1395	E	10	PE3_T34E	7	10	8375
20170330	1395	E	11	PE3_T34E	8	10	9820
20170330	1395	E	12	PE3_T34E	10	10	12104
20170330	1410	E	1	PE3_T34E	0.5	10	663
20170330	1410	E	2	PE3_T34E	1	10	1196
20170330	1410	E	3	PE3_T34E	1.5	10	1932
20170330	1410	E	4	PE3_T34E	2	10	2517
20170330	1410	E	5	PE3_T34E	3	10	3753
20170330	1410	E	6	PE3_T34E	4	10	4822
20170330	1410	E	7	PE3_T34E	5	10	6285
20170330	1410	E	8	PE3_T34E	6	10	7355
20170330	1410	E	9	PE3_T34E	6.5	10	8377
20170330	1410	E	10	PE3_T34E	7	10	8420
20170330	1410	E	11	PE3_T34E	8	10	9808
20170330	1410	E	12	PE3_T34E	10	10	12118
20170330	1425	E	1	PE3_T34E	0.5	10	669
20170330	1425	E	2	PE3_T34E	1	10	1183
20170330	1425	E	3	PE3_T34E	1.5	10	1920
20170330	1425	E	4	PE3_T34E	2	10	2498
20170330	1425	E	5	PE3_T34E	3	10	3762
20170330	1425	E	6	PE3_T34E	4	10	4831
20170330	1425	E	7	PE3_T34E	5	10	6216
20170330	1425	E	8	PE3_T34E	6	10	7377
20170330	1425	E	9	PE3_T34E	6.5	10	8344
20170330	1425	E	10	PE3_T34E	7	10	8366
20170330	1425	E	11	PE3_T34E	8	10	9795
20170330	1425	E	12	PE3_T34E	10	10	11994
20170330	1440	E	1	PE3_T34E	0.5	10	657
20170330	1440	E	2	PE3_T34E	1	10	1176
20170330	1440	E	3	PE3_T34E	1.5	10	1910
20170330	1440	E	4	PE3_T34E	2	10	2468
20170330	1440	E	5	PE3_T34E	3	10	3742
20170330	1440	E	6	PE3_T34E	4	10	4840
20170330	1440	E	7	PE3_T34E	5	10	6245
20170330	1440	E	8	PE3_T34E	6	10	7362
20170330	1440	E	9	PE3_T34E	6.5	10	8359
20170330	1440	E	10	PE3_T34E	7	10	8373
20170330	1440	E	11	PE3_T34E	8	10	9729
20170330	1440	E	12	PE3_T34E	10	10	12020
20170330	1455	E	1	PE3_T34E	0.5	10	661
20170330	1455	E	2	PE3_T34E	1	10	1180
20170330	1455	E	3	PE3_T34E	1.5	10	1925
20170330	1455	E	4	PE3_T34E	2	10	2470
20170330	1455	E	5	PE3_T34E	3	10	3734
20170330	1455	E	6	PE3_T34E	4	10	4830
20170330	1455	E	7	PE3_T34E	5	10	6246
20170330	1455	E	8	PE3_T34E	6	10	7271
20170330	1455	E	9	PE3_T34E	6.5	10	8301
20170330	1455	E	10	PE3_T34E	7	10	8373
20170330	1455	E	11	PE3_T34E	8	10	9768
20170330	1455	E	12	PE3_T34E	10	10	11990
20170330	1470	E	1	PE3_T34E	0.5	10	655
20170330	1470	E	2	PE3_T34E	1	10	1181
20170330	1470	E	3	PE3_T34E	1.5	10	1889
20170330	1470	E	4	PE3_T34E	2	10	2502
20170330	1470	E	5	PE3_T34E	3	10	3743
20170330	1470	E	6	PE3_T34E	4	10	4835
20170330	1470	E	7	PE3_T34E	5	10	6265
20170330	1470	E	8	PE3_T34E	6	10	7281
20170330	1470	E	9	PE3_T34E	6.5	10	8312
20170330	1470	E	10	PE3_T34E	7	10	8422
20170330	1470	E	11	PE3_T34E	8	10	9674
20170330	1470	E	12	PE3_T34E	10	10	11977
20170330	1485	E	1	PE3_T34E	0.5	10	653
20170330	1485	E	2	PE3_T34E	1	10	1180
20170330	1485	E	3	PE3_T34E	1.5	10	1908
20170330	1485	E	4	PE3_T34E	2	10	2482
20170330	1485	E	5	PE3_T34E	3	10	3747
20170330	1485	E	6	PE3_T34E	4	10	4785
20170330	1485	E	7	PE3_T34E	5	10	6310
20170330	1485	E	8	PE3_T34E	6	10	7311
20170330	1485	E	9	PE3_T34E	6.5	10	8294
20170330	1485	E	10	PE3_T34E	7	10	8318
20170330	1485	E	11	PE3_T34E	8	10	9738
20170330	1485	E	12	PE3_T34E	10	10	12015
20170330	1500	E	1	PE3_T34E	0.5	10	651
20170330	1500	E	2	PE3_T34E	1	10	1172
20170330	1500	E	3	PE3_T34E	1.5	10	1918
20170330	1500	E	4	PE3_T34E	2	10	2473
20170330	1500	E	5	PE3_T34E	3	10	3732
20170330	1500	E	6	PE3_T34E	4	10	4811
20170330	1500	E	7	PE3_T34E	5	10	6318
20170330	1500	E	8	PE3_T34E	6	10	7338
20170330	1500	E	9	PE3_T34E	6.5	10	8285
20170330	1500	E	10	PE3_T34E	7	10	8359
20170330	1500	E	11	PE3_T34E	8	10	9684
20170330	1500	E	12	PE3_T34E	10	10	11980
20170330	1515	E	1	PE3_T34E	0.5	10	660
20170330	1515	E	2	PE3_T34E	1	10	1175
20170330	1515	E	3	PE3_T34E	1.5	10	1910
20170330	1515	E	4	PE3_T34E	2	10	2482
20170330	1515	E	5	PE3_T34E	3	10	3706
20170330	1515	E	6	PE3_T34E	4	10	4815
20170330	1515	E	7	PE3_T34E	5	10	6273
20170330	1515	E	8	PE3_T34E	6	10	7364
20170330	1515	E	9	PE3_T34E	6.5	10	8357
20170330	1515	E	10	PE3_T34E	7	10	8338
20170330	1515	E	11	PE3_T34E	8	10	9797
20170330	1515	E	12	PE3_T34E	10	10	12020
20170330	1530	E	1	PE3_T34E	0.5	10	665
20170330	1530	E	2	PE3_T34E	1	10	1178
20170330	1530	E	3	PE3_T34E	1.5	10	1917
20170330	1530	E	4	PE3_T34E	2	10	2488
20170330	1530	E	5	PE3_T34E	3	10	3721
20170330	1530	E	6	PE3_T34E	4	10	4822
20170330	1530	E	7	PE3_T34E	5	10	6259
20170330	1530	E	8	PE3_T34E	6	10	7307
20170330	1530	E	9	PE3_T34E	6.5	10	8319
20170330	1530	E	10	PE3_T34E	7	10	8318
20170330	1530	E	11	PE3_T34E	8	10	9692
20170330	1530	E	12	PE3_T34E	10	10	12004
20170330	1545	E	1	PE3_T34E	0.5	10	653
20170330	1545	E	2	PE3_T34E	1	10	1177
20170330	1545	E	3	PE3_T34E	1.5	10	1936
20170330	1545	E	4	PE3_T34E	2	10	2499
20170330	1545	E	5	PE3_T34E	3	10	3774
20170330	1545	E	6	PE3_T34E	4	10	4850
20170330	1545	E	7	PE3_T34E	5	10	6239
20170330	1545	E	8	PE3_T34E	6	10	7323
20170330	1545	E	9	PE3_T34E	6.5	10	8248
20170330	1545	E	10	PE3_T34E	7	10	8361
20170330	1545	E	11	PE3_T34E	8	10	9727
20170330	1545	E	12	PE3_T34E	10	10	12056
20170330	1560	E	1	PE3_T34E	0.5	10	657
20170330	1560	E	2	PE3_T34E	1	10	1199
20170330	1560	E	3	PE3_T34E	1.5	10	1922
20170330	1560	E	4	PE3_T34E	2	10	2485
20170330	1560	E	5	PE3_T34E	3	10	3743
20170330	1560	E	6	PE3_T34E	4	10	4778
20170330	1560	E	7	PE3_T34E	5	10	6248
20170330	1560	E	8	PE3_T34E	6	10	7335
20170330	1560	E	9	PE3_T34E	6.5	10	8310
20170330	1560	E	10	PE3_T34E	7	10	8343
20170330	1560	E	11	PE3_T34E	8	10	9704
20170330	1560	E	12	PE3_T34E	10	10	12011
20170330	1575	E	1	PE3_T34E	0.5	10	663
20170330	1575	E	2	PE3_T34E	1	10	1177
20170330	1575	E	3	PE3_T34E	1.5	10	1911
20170330	1575	E	4	PE3_T34E	2	10	2473
20170330	1575	E	5	PE3_T34E	3	10	3733
20170330	1575	E	6	PE3_T34E	4	10	4784
20170330	1575	E	7	PE3_T34E	5	10	6249
20170330	1575	E	8	PE3_T34E	6	10	7311
20170330	1575	E	9	PE3_T34E	6.5	10	8281
20170330	1575	E	10	PE3_T34E	7	10	8291
20170330	1575	E	11	PE3_T34E	8	10	9729
20170330	1575	E	12	PE3_T34E	10	10	11970
20170330	1590	E	1	PE3_T34E	0.5	10	662
20170330	1590	E	2	PE3_T34E	1	10	1157
20170330	1590	E	3	PE3_T34E	1.5	10	1889
20170330	1590	E	4	PE3_T34E	2	10	2511
20170330	1590	E	5	PE3_T34E	3	10	3713
20170330	1590	E	6	PE3_T34E	4	10	4837
20170330	1590	E	7	PE3_T34E	5	10	6247
20170330	1590	E	8	PE3_T34E	6	10	7313
20170330	1590	E	9	PE3_T34E	6.5	10	8330
20170330	1590	E	10	PE3_T34E	7	10	8372
20170330	1590	E	11	PE3_T34E	8	10	9697
20170330	1590	E	12	PE3_T34E	10	10	11897
20170330	1605	E	1	PE3_T34E	0.5	10	661
20170330	1605	E	2	PE3_T34E	1	10	1182
20170330	1605	E	3	PE3_T34E	1.5	10	1921
20170330	1605	E	4	PE3_T34E	2	10	2506
20170330	1605	E	5	PE3_T34E	3	10	3749
20170330	1605	E	6	PE3_T34E	4	10	4788
20170330	1605	E	7	PE3_T34E	5	10	6216
20170330	1605	E	8	PE3_T34E	6	10	7312
20170330	1605	E	9	PE3_T34E	6.5	10	8291
20170330	1605	E	10	PE3_T34E	7	10	8300
20170330	1605	E	11	PE3_T34E	8	10	9729
20170330	1605	E	12	PE3_T34E	10	10	11951
20170330	1620	E	1	PE3_T34E	0.5	10	653
20170330	1620	E	2	PE3_T34E	1	10	1175
20170330	1620	E	3	PE3_T34E	1.5	10	1905
20170330	1620	E	4	PE3_T34E	2	10	2511
20170330	1620	E	5	PE3_T34E	3	10	3718
20170330	1620	E	6	PE3_T34E	4	10	4816
20170330	1620	E	7	PE3_T34E	5	10	6243
20170330	1620	E	8	PE3_T34E	6	10	7281
20170330	1620	E	9	PE3_T34E	6.5	10	8270
20170330	1620	E	10	PE3_T34E	7	10	8260
20170330	1620	E	11	PE3_T34E	8	10	9664
20170330	1620	E	12	PE3_T34E	10	10	11885
20170330	1635	E	1	PE3_T34E	0.5	10	646
20170330	1635	E	2	PE3_T34E	1	10	1182
20170330	1635	E	3	PE3_T34E	1.5	10	1893
20170330	1635	E	4	PE3_T34E	2	10	2489
20170330	1635	E	5	PE3_T34E	3	10	3736
20170330	1635	E	6	PE3_T34E	4	10	4754
20170330	1635	E	7	PE3_T34E	5	10	6243
20170330	1635	E	8	PE3_T34E	6	10	7291
20170330	1635	E	9	PE3_T34E	6.5	10	8301
20170330	1635	E	10	PE3_T34E	7	10	8287
20170330	1635	E	11	PE3_T34E	8	10	9759
20170330	1635	E	12	PE3_T34E	10	10	11923
20170330	1650	E	1	PE3_T34E	0.5	10	663
20170330	1650	E	2	PE3_T34E	1	10	1164
20170330	1650	E	3	PE3_T34E	1.5	10	1908
20170330	1650	E	4	PE3_T34E	2	10	2474
20170330	1650	E	5	PE3_T34E	3	10	3727
20170330	1650	E	6	PE3_T34E	4	10	4772
20170330	1650	E	7	PE3_T34E	5	10	6242
20170330	1650	E	8	PE3_T34E	6	10	7299
20170330	1650	E	9	PE3_T34E	6.5	10	8231
20170330	1650	E	10	PE3_T34E	7	10	8325
20170330	1650	E	11	PE3_T34E	8	10	9641
20170330	1650	E	12	PE3_T34E	10	10	11880
20170330	1665	E	1	PE3_T34E	0.5	10	639
20170330	1665	E	2	PE3_T34E	1	10	1179
20170330	1665	E	3	PE3_T34E	1.5	10	1890
20170330	1665	E	4	PE3_T34E	2	10	2470
20170330	1665	E	5	PE3_T34E	3	10	3714
20170330	1665	E	6	PE3_T34E	4	10	4812
20170330	1665	E	7	PE3_T34E	5	10	6239
20170330	1665	E	8	PE3_T34E	6	10	7259
20170330	1665	E	9	PE3_T34E	6.5	10	8287
20170330	1665	E	10	PE3_T34E	7	10	8292
20170330	1665	E	11	PE3_T34E	8	10	9682
20170330	1665	E	12	PE3_T34E	10	10	11986
20170330	1680	E	1	PE3_T34E	0.5	10	649
20170330	1680	E	2	PE3_T34E	1	10	1164
20170330	1680	E	3	PE3_T34E	1.5	10	1903
20170330	1680	E	4	PE3_T34E	2	10	2458
20170330	1680	E	5	PE3_T34E	3	10	3733
20170330	1680	E	6	PE3_T34E	4	10	4737
20170330	1680	E	7	PE3_T34E	5	10	6255
20170330	1680	E	8	PE3_T34E	6	10	7270
20170330	1680	E	9	PE3_T34E	6.5	10	8293
20170330	1680	E	10	PE3_T34E	7	10	8323
20170330	1680	E	11	PE3_T34E	8	10	9617
20170330	1680	E	12	PE3_T34E	10	10	11854
20170330	1695	E	1	PE3_T34E	0.5	10	656
20170330	1695	E	2	PE3_T34E	1	10	1177
20170330	1695	E	3	PE3_T34E	1.5	10	1909
20170330	1695	E	4	PE3_T34E	2	10	2450
20170330	1695	E	5	PE3_T34E	3	10	3653
20170330	1695	E	6	PE3_T34E	4	10	4784
20170330	1695	E	7	PE3_T34E	5	10	6200
20170330	1695	E	8	PE3_T34E	6	10	7323
20170330	1695	E	9	PE3_T34E	6.5	10	8201
20170330	1695	E	10	PE3_T34E	7	10	8261
20170330	1695	E	11	PE3_T34E	8	10	9651
20170330	1695	E	12	PE3_T34E	10	10	11891
20170330	1710	E	1	PE3_T34E	0.5	10	655
20170330	1710	E	2	PE3_T34E	1	10	1155
20170330	1710	E	3	PE3_T34E	1.5	10	1912
20170330	1710	E	4	PE3_T34E	2	10	2493
20170330	1710	E	5	PE3_T34E	3	10	3711
20170330	1710	E	6	PE3_T34E	4	10	4766
20170330	1710	E	7	PE3_T34E	5	10	6206
20170330	1710	E	8	PE3_T34E	6	10	7245
20170330	1710	E	9	PE3_T34E	6.5	10	8163
20170330	1710	E	10	PE3_T34E	7	10	8271
20170330	1710	E	11	PE3_T34E	8	10	9644
20170330	1710	E	12	PE3_T34E	10	10	11856
20170330	1725	E	1	PE3_T34E	0.5	10	658
20170330	1725	E	2	PE3_T34E	1	10	1170
20170330	1725	E	3	PE3_T34E	1.5	10	1898
20170330	1725	E	4	PE3_T34E	2	10	2492
20170330	1725	E	5	PE3_T34E	3	10	3722
20170330	1725	E	6	PE3_T34E	4	10	4769
20170330	1725	E	7	PE3_T34E	5	10	6234
20170330	1725	E	8	PE3_T34E	6	10	7291
20170330	1725	E	9	PE3_T34E	6.5	10	8200
20170330	1725	E	10	PE3_T34E	7	10	8244
20170330	1725	E	11	PE3_T34E	8	10	9584
20170330	1725	E	12	PE3_T34E	10	10	11806
20170330	1740	E	1	PE3_T34E	0.5	10	659
20170330	1740	E	2	PE3_T34E	1	10	1170
20170330	1740	E	3	PE3_T34E	1.5	10	1904
20170330	1740	E	4	PE3_T34E	2	10	2478
20170330	1740	E	5	PE3_T34E	3	10	3710
20170330	1740	E	6	PE3_T34E	4	10	4797
20170330	1740	E	7	PE3_T34E	5	10	6225
20170330	1740	E	8	PE3_T34E	6	10	7266
20170330	1740	E	9	PE3_T34E	6.5	10	8243
20170330	1740	E	10	PE3_T34E	7	10	8289
20170330	1740	E	11	PE3_T34E	8	10	9645
20170330	1740	E	12	PE3_T34E	10	10	11846
20170330	1755	E	1	PE3_T34E	0.5	10	660
20170330	1755	E	2	PE3_T34E	1	10	1161
20170330	1755	E	3	PE3_T34E	1.5	10	1889
20170330	1755	E	4	PE3_T34E	2	10	2475
20170330	1755	E	5	PE3_T34E	3	10	3702
20170330	1755	E	6	PE3_T34E	4	10	4798
20170330	1755	E	7	PE3_T34E	5	10	6205
20170330	1755	E	8	PE3_T34E	6	10	7284
20170330	1755	E	9	PE3_T34E	6.5	10	8302
20170330	1755	E	10	PE3_T34E	7	10	8285
20170330	1755	E	11	PE3_T34E	8	10	9560
20170330	1755	E	12	PE3_T34E	10	10	11843
20170330	1770	E	1	PE3_T34E	0.5	10	651
20170330	1770	E	2	PE3_T34E	1	10	1179
20170330	1770	E	3	PE3_T34E	1.5	10	1932
20170330	1770	E	4	PE3_T34E	2	10	2469
20170330	1770	E	5	PE3_T34E	3	10	3719
20170330	1770	E	6	PE3_T34E	4	10	4786
20170330	1770	E	7	PE3_T34E	5	10	6187
20170330	1770	E	8	PE3_T34E	6	10	7251
20170330	1770	E	9	PE3_T34E	6.5	10	8295
20170330	1770	E	10	PE3_T34E	7	10	8281
20170330	1770	E	11	PE3_T34E	8	10	9583
20170330	1770	E	12	PE3_T34E	10	10	11772
20170330	1785	E	1	PE3_T34E	0.5	10	649
20170330	1785	E	2	PE3_T34E	1	10	1167
20170330	1785	E	3	PE3_T34E	1.5	10	1906
20170330	1785	E	4	PE3_T34E	2	10	2460
20170330	1785	E	5	PE3_T34E	3	10	3735
20170330	1785	E	6	PE3_T34E	4	10	4753
20170330	1785	E	7	PE3_T34E	5	10	6194
20170330	1785	E	8	PE3_T34E	6	10	7268
20170330	1785	E	9	PE3_T34E	6.5	10	8229
20170330	1785	E	10	PE3_T34E	7	10	8270
20170330	1785	E	11	PE3_T34E	8	10	9606
20170330	1785	E	12	PE3_T34E	10	10	11842
20170330	1800	E	1	PE3_T34E	0.5	10	661
20170330	1800	E	2	PE3_T34E	1	10	1167
20170330	1800	E	3	PE3_T34E	1.5	10	1900
20170330	1800	E	4	PE3_T34E	2	10	2465
20170330	1800	E	5	PE3_T34E	3	10	3721
20170330	1800	E	6	PE3_T34E	4	10	4804
20170330	1800	E	7	PE3_T34E	5	10	6234
20170330	1800	E	8	PE3_T34E	6	10	7266
20170330	1800	E	9	PE3_T34E	6.5	10	8222
20170330	1800	E	10	PE3_T34E	7	10	8226
20170330	1800	E	11	PE3_T34E	8	10	9647
20170330	1800	E	12	PE3_T34E	10	10	11823
20170330	1815	E	1	PE3_T34E	0.5	10	653
20170330	1815	E	2	PE3_T34E	1	10	1159
20170330	1815	E	3	PE3_T34E	1.5	10	1904
20170330	1815	E	4	PE3_T34E	2	10	2457
20170330	1815	E	5	PE3_T34E	3	10	3722
20170330	1815	E	6	PE3_T34E	4	10	4771
20170330	1815	E	7	PE3_T34E	5	10	6168
20170330	1815	E	8	PE3_T34E	6	10	7238
20170330	1815	E	9	PE3_T34E	6.5	10	8233
20170330	1815	E	10	PE3_T34E	7	10	8256
20170330	1815	E	11	PE3_T34E	8	10	9620
20170330	1815	E	12	PE3_T34E	10	10	11828
20170330	1830	E	1	PE3_T34E	0.5	10	649
20170330	1830	E	2	PE3_T34E	1	10	1171
20170330	1830	E	3	PE3_T34E	1.5	10	1904
20170330	1830	E	4	PE3_T34E	2	10	2469
20170330	1830	E	5	PE3_T34E	3	10	3736
20170330	1830	E	6	PE3_T34E	4	10	4731
20170330	1830	E	7	PE3_T34E	5	10	6176
20170330	1830	E	8	PE3_T34E	6	10	7222
20170330	1830	E	9	PE3_T34E	6.5	10	8251
20170330	1830	E	10	PE3_T34E	7	10	8230
20170330	1830	E	11	PE3_T34E	8	10	9648
20170330	1830	E	12	PE3_T34E	10	10	11822
20170330	1845	E	1	PE3_T34E	0.5	10	653
20170330	1845	E	2	PE3_T34E	1	10	1163
20170330	1845	E	3	PE3_T34E	1.5	10	1892
20170330	1845	E	4	PE3_T34E	2	10	2472
20170330	1845	E	5	PE3_T34E	3	10	3701
20170330	1845	E	6	PE3_T34E	4	10	4736
20170330	1845	E	7	PE3_T34E	5	10	6189
20170330	1845	E	8	PE3_T34E	6	10	7217
20170330	1845	E	9	PE3_T34E	6.5	10	8215
20170330	1845	E	10	PE3_T34E	7	10	8302
20170330	1845	E	11	PE3_T34E	8	10	9644
20170330	1845	E	12	PE3_T34E	10	10	11855
20170330	1860	E	1	PE3_T34E	0.5	10	653
20170330	1860	E	2	PE3_T34E	1	10	1167
20170330	1860	E	3	PE3_T34E	1.5	10	1887
20170330	1860	E	4	PE3_T34E	2	10	2440
20170330	1860	E	5	PE3_T34E	3	10	3716
20170330	1860	E	6	PE3_T34E	4	10	4768
20170330	1860	E	7	PE3_T34E	5	10	6221
20170330	1860	E	8	PE3_T34E	6	10	7201
20170330	1860	E	9	PE3_T34E	6.5	10	8234
20170330	1860	E	10	PE3_T34E	7	10	8290
20170330	1860	E	11	PE3_T34E	8	10	9642
20170330	1860	E	12	PE3_T34E	10	10	11758
20170330	1875	E	1	PE3_T34E	0.5	10	657
20170330	1875	E	2	PE3_T34E	1	10	1190
20170330	1875	E	3	PE3_T34E	1.5	10	1901
20170330	1875	E	4	PE3_T34E	2	10	2451
20170330	1875	E	5	PE3_T34E	3	10	3719
20170330	1875	E	6	PE3_T34E	4	10	4765
20170330	1875	E	7	PE3_T34E	5	10	6203
20170330	1875	E	8	PE3_T34E	6	10	7285
20170330	1875	E	9	PE3_T34E	6.5	10	8209
20170330	1875	E	10	PE3_T34E	7	10	8247
20170330	1875	E	11	PE3_T34E	8	10	9527
20170330	1875	E	12	PE3_T34E	10	10	11817
20170330	1890	E	1	PE3_T34E	0.5	10	643
20170330	1890	E	2	PE3_T34E	1	10	1182
20170330	1890	E	3	PE3_T34E	1.5	10	1881
20170330	1890	E	4	PE3_T34E	2	10	2453
20170330	1890	E	5	PE3_T34E	3	10	3706
20170330	1890	E	6	PE3_T34E	4	10	4749
20170330	1890	E	7	PE3_T34E	5	10	6191
20170330	1890	E	8	PE3_T34E	6	10	7237
20170330	1890	E	9	PE3_T34E	6.5	10	8224
20170330	1890	E	10	PE3_T34E	7	10	8259
20170330	1890	E	11	PE3_T34E	8	10	9588
20170330	1890	E	12	PE3_T34E	10	10	11750
20170330	1905	E	1	PE3_T34E	0.5	10	634
20170330	1905	E	2	PE3_T34E	1	10	1163
20170330	1905	E	3	PE3_T34E	1.5	10	1899
20170330	1905	E	4	PE3_T34E	2	10	2449
20170330	1905	E	5	PE3_T34E	3	10	3692
20170330	1905	E	6	PE3_T34E	4	10	4740
20170330	1905	E	7	PE3_T34E	5	10	6225
20170330	1905	E	8	PE3_T34E	6	10	7235
20170330	1905	E	9	PE3_T34E	6.5	10	8203
20170330	1905	E	10	PE3_T34E	7	10	8232
20170330	1905	E	11	PE3_T34E	8	10	9575
20170330	1905	E	12	PE3_T34E	10	10	11755
20170330	1920	E	1	PE3_T34E	0.5	10	642
20170330	1920	E	2	PE3_T34E	1	10	1147
20170330	1920	E	3	PE3_T34E	1.5	10	1861
20170330	1920	E	4	PE3_T34E	2	10	2467
20170330	1920	E	5	PE3_T34E	3	10	3678
20170330	1920	E	6	PE3_T34E	4	10	4708
20170330	1920	E	7	PE3_T34E	5	10	6188
20170330	1920	E	8	PE3_T34E	6	10	7239
20170330	1920	E	9	PE3_T34E	6.5	10	8149
20170330	1920	E	10	PE3_T34E	7	10	8197
20170330	1920	E	11	PE3_T34E	8	10	9614
20170330	1920	E	12	PE3_T34E	10	10	11798
20170330	1935	E	1	PE3_T34E	0.5	10	647
20170330	1935	E	2	PE3_T34E	1	10	1174
20170330	1935	E	3	PE3_T34E	1.5	10	1879
20170330	1935	E	4	PE3_T34E	2	10	2458
20170330	1935	E	5	PE3_T34E	3	10	3674
20170330	1935	E	6	PE3_T34E	4	10	4734
20170330	1935	E	7	PE3_T34E	5	10	6161
20170330	1935	E	8	PE3_T34E	6	10	7247
20170330	1935	E	9	PE3_T34E	6.5	10	8165
20170330	1935	E	10	PE3_T34E	7	10	8272
20170330	1935	E	11	PE3_T34E	8	10	9561
20170330	1935	E	12	PE3_T34E	10	10	11782
20170330	1950	E	1	PE3_T34E	0.5	10	639
20170330	1950	E	2	PE3_T34E	1	10	1161
20170330	1950	E	3	PE3_T34E	1.5	10	1884
20170330	1950	E	4	PE3_T34E	2	10	2465
20170330	1950	E	5	PE3_T34E	3	10	3697
20170330	1950	E	6	PE3_T34E	4	10	4742
20170330	1950	E	7	PE3_T34E	5	10	6158
20170330	1950	E	8	PE3_T34E	6	10	7185
20170330	1950	E	9	PE3_T34E	6.5	10	8130
20170330	1950	E	10	PE3_T34E	7	10	8188
20170330	1950	E	11	PE3_T34E	8	10	9546
20170330	1950	E	12	PE3_T34E	10	10	11823
20170330	1965	E	1	PE3_T34E	0.5	10	644
20170330	1965	E	2	PE3_T34E	1	10	1173
20170330	1965	E	3	PE3_T34E	1.5	10	1897
20170330	1965	E	4	PE3_T34E	2	10	2430
20170330	1965	E	5	PE3_T34E	3	10	3673
20170330	1965	E	6	PE3_T34E	4	10	4724
20170330	1965	E	7	PE3_T34E	5	10	6150
20170330	1965	E	8	PE3_T34E	6	10	7223
20170330	1965	E	9	PE3_T34E	6.5	10	8208
20170330	1965	E	10	PE3_T34E	7	10	8245
20170330	1965	E	11	PE3_T34E	8	10	9615
20170330	1965	E	12	PE3_T34E	10	10	11712
20170330	1980	E	1	PE3_T34E	0.5	10	654
20170330	1980	E	2	PE3_T34E	1	10	1172
20170330	1980	E	3	PE3_T34E	1.5	10	1883
20170330	1980	E	4	PE3_T34E	2	10	2443
20170330	1980	E	5	PE3_T34E	3	10	3676
20170330	1980	E	6	PE3_T34E	4	10	4741
20170330	1980	E	7	PE3_T34E	5	10	6177
20170330	1980	E	8	PE3_T34E	6	10	7194
20170330	1980	E	9	PE3_T34E	6.5	10	8187
20170330	1980	E	10	PE3_T34E	7	10	8219
20170330	1980	E	11	PE3_T34E	8	10	9575
20170330	1980	E	12	PE3_T34E	10	10	11715
20170330	1995	E	1	PE3_T34E	0.5	10	654
20170330	1995	E	2	PE3_T34E	1	10	1150
20170330	1995	E	3	PE3_T34E	1.5	10	1885
20170330	1995	E	4	PE3_T34E	2	10	2430
20170330	1995	E	5	PE3_T34E	3	10	3707
20170330	1995	E	6	PE3_T34E	4	10	4749
20170330	1995	E	7	PE3_T34E	5	10	6159
20170330	1995	E	8	PE3_T34E	6	10	7238
20170330	1995	E	9	PE3_T34E	6.5	10	8174
20170330	1995	E	10	PE3_T34E	7	10	8193
20170330	1995	E	11	PE3_T34E	8	10	9568
20170330	1995	E	12	PE3_T34E	10	10	11740
20170330	2010	E	1	PE3_T34E	0.5	10	642
20170330	2010	E	2	PE3_T34E	1	10	1144
20170330	2010	E	3	PE3_T34E	1.5	10	1892
20170330	2010	E	4	PE3_T34E	2	10	2438
20170330	2010	E	5	PE3_T34E	3	10	3689
20170330	2010	E	6	PE3_T34E	4	10	4728
20170330	2010	E	7	PE3_T34E	5	10	6159
20170330	2010	E	8	PE3_T34E	6	10	7174
20170330	2010	E	9	PE3_T34E	6.5	10	8167
20170330	2010	E	10	PE3_T34E	7	10	8235
20170330	2010	E	11	PE3_T34E	8	10	9538
20170330	2010	E	12	PE3_T34E	10	10	11737
20170330	2025	E	1	PE3_T34E	0.5	10	646
20170330	2025	E	2	PE3_T34E	1	10	1159
20170330	2025	E	3	PE3_T34E	1.5	10	1902
20170330	2025	E	4	PE3_T34E	2	10	2441
20170330	2025	E	5	PE3_T34E	3	10	3683
20170330	2025	E	6	PE3_T34E	4	10	4731
20170330	2025	E	7	PE3_T34E	5	10	6145
20170330	2025	E	8	PE3_T34E	6	10	7219
20170330	2025	E	9	PE3_T34E	6.5	10	8223
20170330	2025	E	10	PE3_T34E	7	10	8203
20170330	2025	E	11	PE3_T34E	8	10	9576
20170330	2025	E	12	PE3_T34E	10	10	11749
20170330	2040	E	1	PE3_T34E	0.5	10	647
20170330	2040	E	2	PE3_T34E	1	10	1164
20170330	2040	E	3	PE3_T34E	1.5	10	1865
20170330	2040	E	4	PE3_T34E	2	10	2461
20170330	2040	E	5	PE3_T34E	3	10	3652
20170330	2040	E	6	PE3_T34E	4	10	4744
20170330	2040	E	7	PE3_T34E	5	10	6140
20170330	2040	E	8	PE3_T34E	6	10	7202
20170330	2040	E	9	PE3_T34E	6.5	10	8203
20170330	2040	E	10	PE3_T34E	7	10	8172
20170330	2040	E	11	PE3_T34E	8	10	9561
20170330	2040	E	12	PE3_T34E	10	10	11659
20170330	2055	E	1	PE3_T34E	0.5	10	648
20170330	2055	E	2	PE3_T34E	1	10	1150
20170330	2055	E	3	PE3_T34E	1.5	10	1867
20170330	2055	E	4	PE3_T34E	2	10	2447
20170330	2055	E	5	PE3_T34E	3	10	3679
20170330	2055	E	6	PE3_T34E	4	10	4700
20170330	2055	E	7	PE3_T34E	5	10	6105
20170330	2055	E	8	PE3_T34E	6	10	7155
20170330	2055	E	9	PE3_T34E	6.5	10	8150
20170330	2055	E	10	PE3_T34E	7	10	8181
20170330	2055	E	11	PE3_T34E	8	10	9528
20170330	2055	E	12	PE3_T34E	10	10	11747
20170330	2070	E	1	PE3_T34E	0.5	10	634
20170330	2070	E	2	PE3_T34E	1	10	1149
20170330	2070	E	3	PE3_T34E	1.5	10	1889
20170330	2070	E	4	PE3_T34E	2	10	2442
20170330	2070	E	5	PE3_T34E	3	10	3634
20170330	2070	E	6	PE3_T34E	4	10	4743
20170330	2070	E	7	PE3_T34E	5	10	6122
20170330	2070	E	8	PE3_T34E	6	10	7201
20170330	2070	E	9	PE3_T34E	6.5	10	8147
20170330	2070	E	10	PE3_T34E	7	10	8182
20170330	2070	E	11	PE3_T34E	8	10	9502
20170330	2070	E	12	PE3_T34E	10	10	11723
20170330	2085	E	1	PE3_T34E	0.5	10	646
20170330	2085	E	2	PE3_T34E	1	10	1173
20170330	2085	E	3	PE3_T34E	1.5	10	1896
20170330	2085	E	4	PE3_T34E	2	10	2468
20170330	2085	E	5	PE3_T34E	3	10	3673
20170330	2085	E	6	PE3_T34E	4	10	4725
20170330	2085	E	7	PE3_T34E	5	10	6125
20170330	2085	E	8	PE3_T34E	6	10	7165
20170330	2085	E	9	PE3_T34E	6.5	10	8156
20170330	2085	E	10	PE3_T34E	7	10	8176
20170330	2085	E	11	PE3_T34E	8	10	9469
20170330	2085	E	12	PE3_T34E	10	10	11633
20170330	2100	E	1	PE3_T34E	0.5	10	641
20170330	2100	E	2	PE3_T34E	1	10	1160
20170330	2100	E	3	PE3_T34E	1.5	10	1881
20170330	2100	E	4	PE3_T34E	2	10	2442
20170330	2100	E	5	PE3_T34E	3	10	3660
20170330	2100	E	6	PE3_T34E	4	10	4721
20170330	2100	E	7	PE3_T34E	5	10	6074
20170330	2100	E	8	PE3_T34E	6	10	7209
20170330	2100	E	9	PE3_T34E	6.5	10	8168
20170330	2100	E	10	PE3_T34E	7	10	8178
20170330	2100	E	11	PE3_T34E	8	10	9519
20170330	2100	E	12	PE3_T34E	10	10	11675
20170330	2115	E	1	PE3_T34E	0.5	10	649
20170330	2115	E	2	PE3_T34E	1	10	1164
20170330	2115	E	3	PE3_T34E	1.5	10	1895
20170330	2115	E	4	PE3_T34E	2	10	2442
20170330	2115	E	5	PE3_T34E	3	10	3638
20170330	2115	E	6	PE3_T34E	4	10	4704
20170330	2115	E	7	PE3_T34E	5	10	6159
20170330	2115	E	8	PE3_T34E	6	10	7193
20170330	2115	E	9	PE3_T34E	6.5	10	8238
20170330	2115	E	10	PE3_T34E	7	10	8118
20170330	2115	E	11	PE3_T34E	8	10	9517
20170330	2115	E	12	PE3_T34E	10	10	11593
20170330	2130	E	1	PE3_T34E	0.5	10	647
20170330	2130	E	2	PE3_T34E	1	10	1151
20170330	2130	E	3	PE3_T34E	1.5	10	1867
20170330	2130	E	4	PE3_T34E	2	10	2464
20170330	2130	E	5	PE3_T34E	3	10	3683
20170330	2130	E	6	PE3_T34E	4	10	4709
20170330	2130	E	7	PE3_T34E	5	10	6139
20170330	2130	E	8	PE3_T34E	6	10	7112
20170330	2130	E	9	PE3_T34E	6.5	10	8120
20170330	2130	E	10	PE3_T34E	7	10	8182
20170330	2130	E	11	PE3_T34E	8	10	9460
20170330	2130	E	12	PE3_T34E	10	10	11674
20170330	2145	E	1	PE3_T34E	0.5	10	641
20170330	2145	E	2	PE3_T34E	1	10	1146
20170330	2145	E	3	PE3_T34E	1.5	10	1888
20170330	2145	E	4	PE3_T34E	2	10	2446
20170330	2145	E	5	PE3_T34E	3	10	3694
20170330	2145	E	6	PE3_T34E	4	10	4711
20170330	2145	E	7	PE3_T34E	5	10	6128
20170330	2145	E	8	PE3_T34E	6	10	7160
20170330	2145	E	9	PE3_T34E	6.5	10	8162
20170330	2145	E	10	PE3_T34E	7	10	8143
20170330	2145	E	11	PE3_T34E	8	10	9460
20170330	2145	E	12	PE3_T34E	10	10	11619
20170330	2160	E	1	PE3_T34E	0.5	10	651
20170330	2160	E	2	PE3_T34E	1	10	1154
20170330	2160	E	3	PE3_T34E	1.5	10	1872
20170330	2160	E	4	PE3_T34E	2	10	2425
20170330	2160	E	5	PE3_T34E	3	10	3631
20170330	2160	E	6	PE3_T34E	4	10	4706
20170330	2160	E	7	PE3_T34E	5	10	6110
20170330	2160	E	8	PE3_T34E	6	10	7144
20170330	2160	E	9	PE3_T34E	6.5	10	8180
20170330	2160	E	10	PE3_T34E	7	10	8234
20170330	2160	E	11	PE3_T34E	8	10	9524
20170330	2160	E	12	PE3_T34E	10	10	11674
20170330	2175	E	1	PE3_T34E	0.5	10	641
20170330	2175	E	2	PE3_T34E	1	10	1147
20170330	2175	E	3	PE3_T34E	1.5	10	1849
20170330	2175	E	4	PE3_T34E	2	10	2445
20170330	2175	E	5	PE3_T34E	3	10	3674
20170330	2175	E	6	PE3_T34E	4	10	4688
20170330	2175	E	7	PE3_T34E	5	10	6151
20170330	2175	E	8	PE3_T34E	6	10	7208
20170330	2175	E	9	PE3_T34E	6.5	10	8206
20170330	2175	E	10	PE3_T34E	7	10	8148
20170330	2175	E	11	PE3_T34E	8	10	9501
20170330	2175	E	12	PE3_T34E	10	10	11689
20170330	2190	E	1	PE3_T34E	0.5	10	639
20170330	2190	E	2	PE3_T34E	1	10	1158
20170330	2190	E	3	PE3_T34E	1.5	10	1881
20170330	2190	E	4	PE3_T34E	2	10	2434
20170330	2190	E	5	PE3_T34E	3	10	3675
20170330	2190	E	6	PE3_T34E	4	10	4703
20170330	2190	E	7	PE3_T34E	5	10	6125
20170330	2190	E	8	PE3_T34E	6	10	7215
20170330	2190	E	9	PE3_T34E	6.5	10	8148
20170330	2190	E	10	PE3_T34E	7	10	8110
20170330	2190	E	11	PE3_T34E	8	10	9563
20170330	2190	E	12	PE3_T34E	10	10	11664
20170330	2205	E	1	PE3_T34E	0.5	10	653
20170330	2205	E	2	PE3_T34E	1	10	1152
20170330	2205	E	3	PE3_T34E	1.5	10	1875
20170330	2205	E	4	PE3_T34E	2	10	2422
20170330	2205	E	5	PE3_T34E	3	10	3681
20170330	2205	E	6	PE3_T34E	4	10	4682
20170330	2205	E	7	PE3_T34E	5	10	6104
20170330	2205	E	8	PE3_T34E	6	10	7104
20170330	2205	E	9	PE3_T34E	6.5	10	8132
20170330	2205	E	10	PE3_T34E	7	10	8147
20170330	2205	E	11	PE3_T34E	8	10	9511
20170330	2205	E	12	PE3_T34E	10	10	11606
20170330	2220	E	1	PE3_T34E	0.5	10	633
20170330	2220	E	2	PE3_T34E	1	10	1146
20170330	2220	E	3	PE3_T34E	1.5	10	1884
20170330	2220	E	4	PE3_T34E	2	10	2433
20170330	2220	E	5	PE3_T34E	3	10	3654
20170330	2220	E	6	PE3_T34E	4	10	4673
20170330	2220	E	7	PE3_T34E	5	10	6134
20170330	2220	E	8	PE3_T34E	6	10	7137
20170330	2220	E	9	PE3_T34E	6.5	10	8118
20170330	2220	E	10	PE3_T34E	7	10	8124
20170330	2220	E	11	PE3_T34E	8	10	9477
20170330	2220	E	12	PE3_T34E	10	10	11577
20170330	2235	E	1	PE3_T34E	0.5	10	641
20170330	2235	E	2	PE3_T34E	1	10	1163
20170330	2235	E	3	PE3_T34E	1.5	10	1885
20170330	2235	E	4	PE3_T34E	2	10	2421
20170330	2235	E	5	PE3_T34E	3	10	3647
20170330	2235	E	6	PE3_T34E	4	10	4712
20170330	2235	E	7	PE3_T34E	5	10	6147
20170330	2235	E	8	PE3_T34E	6	10	7208
20170330	2235	E	9	PE3_T34E	6.5	10	8167
20170330	2235	E	10	PE3_T34E	7	10	8126
20170330	2235	E	11	PE3_T34E	8	10	9434
20170330	2235	E	12	PE3_T34E	10	10	11624
20170330	2250	E	1	PE3_T34E	0.5	10	633
20170330	2250	E	2	PE3_T34E	1	10	1146
20170330	2250	E	3	PE3_T34E	1.5	10	1867
20170330	2250	E	4	PE3_T34E	2	10	2424
20170330	2250	E	5	PE3_T34E	3	10	3677
20170330	2250	E	6	PE3_T34E	4	10	4678
20170330	2250	E	7	PE3_T34E	5	10	6125
20170330	2250	E	8	PE3_T34E	6	10	7153
20170330	2250	E	9	PE3_T34E	6.5	10	8163
20170330	2250	E	10	PE3_T34E	7	10	8143
20170330	2250	E	11	PE3_T34E	8	10	9486
20170330	2250	E	12	PE3_T34E	10	10	11586
20170330	2265	E	1	PE3_T34E	0.5	10	654
20170330	2265	E	2	PE3_T34E	1	10	1162
20170330	2265	E	3	PE3_T34E	1.5	10	1872
20170330	2265	E	4	PE3_T34E	2	10	2424
20170330	2265	E	5	PE3_T34E	3	10	3646
20170330	2265	E	6	PE3_T34E	4	10	4675
20170330	2265	E	7	PE3_T34E	5	10	6141
20170330	2265	E	8	PE3_T34E	6	10	7166
20170330	2265	E	9	PE3_T34E	6.5	10	8119
20170330	2265	E	10	PE3_T34E	7	10	8174
20170330	2265	E	11	PE3_T34E	8	10	9491
20170330	2265	E	12	PE3_T34E	10	10	11597
20170330	2280	E	1	PE3_T34E	0.5	10	646
20170330	2280	E	2	PE3_T34E	1	10	1161
20170330	2280	E	3	PE3_T34E	1.5	10	1846
20170330	2280	E	4	PE3_T34E	2	10	2442
20170330	2280	E	5	PE3_T34E	3	10	3670
20170330	2280	E	6	PE3_T34E	4	10	4671
20170330	2280	E	7	PE3_T34E	5	10	6105
20170330	2280	E	8	PE3_T34E	6	10	7166
20170330	2280	E	9	PE3_T34E	6.5	10	8065
20170330	2280	E	10	PE3_T34E	7	10	8138
20170330	2280	E	11	PE3_T34E	8	10	9458
20170330	2280	E	12	PE3_T34E	10	10	11605
20170330	2295	E	1	PE3_T34E	0.5	10	649
20170330	2295	E	2	PE3_T34E	1	10	1150
20170330	2295	E	3	PE3_T34E	1.5	10	1876
20170330	2295	E	4	PE3_T34E	2	10	2428
20170330	2295	E	5	PE3_T34E	3	10	3650
20170330	2295	E	6	PE3_T34E	4	10	4710
20170330	2295	E	7	PE3_T34E	5	10	6149
20170330	2295	E	8	PE3_T34E	6	10	7174
20170330	2295	E	9	PE3_T34E	6.5	10	8126
20170330	2295	E	10	PE3_T34E	7	10	8111
20170330	2295	E	11	PE3_T34E	8	10	9452
20170330	2295	E	12	PE3_T34E	10	10	11614
20170330	2310	E	1	PE3_T34E	0.5	10	635
20170330	2310	E	2	PE3_T34E	1	10	1168
20170330	2310	E	3	PE3_T34E	1.5	10	1860
20170330	2310	E	4	PE3_T34E	2	10	2411
20170330	2310	E	5	PE3_T34E	3	10	3653
20170330	2310	E	6	PE3_T34E	4	10	4694
20170330	2310	E	7	PE3_T34E	5	10	6131
20170330	2310	E	8	PE3_T34E	6	10	7092
20170330	2310	E	9	PE3_T34E	6.5	10	8158
20170330	2310	E	10	PE3_T34E	7	10	8099
20170330	2310	E	11	PE3_T34E	8	10	9438
20170330	2310	E	12	PE3_T34E	10	10	11543
20170330	2325	E	1	PE3_T34E	0.5	10	647
20170330	2325	E	2	PE3_T34E	1	10	1145
20170330	2325	E	3	PE3_T34E	1.5	10	1871
20170330	2325	E	4	PE3_T34E	2	10	2459
20170330	2325	E	5	PE3_T34E	3	10	3632
20170330	2325	E	6	PE3_T34E	4	10	4678
20170330	2325	E	7	PE3_T34E	5	10	6101
20170330	2325	E	8	PE3_T34E	6	10	7133
20170330	2325	E	9	PE3_T34E	6.5	10	8079
20170330	2325	E	10	PE3_T34E	7	10	8140
20170330	2325	E	11	PE3_T34E	8	10	9462
20170330	2325	E	12	PE3_T34E	10	10	11587
20170330	2340	E	1	PE3_T34E	0.5	10	634
20170330	2340	E	2	PE3_T34E	1	10	1159
20170330	2340	E	3	PE3_T34E	1.5	10	1862
20170330	2340	E	4	PE3_T34E	2	10	2427
20170330	2340	E	5	PE3_T34E	3	10	3648
20170330	2340	E	6	PE3_T34E	4	10	4658
20170330	2340	E	7	PE3_T34E	5	10	6092
20170330	2340	E	8	PE3_T34E	6	10	7166
20170330	2340	E	9	PE3_T34E	6.5	10	8107
20170330	2340	E	10	PE3_T34E	7	10	8157
20170330	2340	E	11	PE3_T34E	8	10	9422
20170330	2340	E	12	PE3_T34E	10	10	11609
20170330	2355	E	1	PE3_T34E	0.5	10	639
20170330	2355	E	2	PE3_T34E	1	10	1154
20170330	2355	E	3	PE3_T34E	1.5	10	1864
20170330	2355	E	4	PE3_T34E	2	10	2414
20170330	2355	E	5	PE3_T34E	3	10	3644
20170330	2355	E	6	PE3_T34E	4	10	4687
20170330	2355	E	7	PE3_T34E	5	10	6101
20170330	2355	E	8	PE3_T34E	6	10	7123
20170330	2355	E	9	PE3_T34E	6.5	10	8155
20170330	2355	E	10	PE3_T34E	7	10	8158
20170330	2355	E	11	PE3_T34E	8	10	9462
20170330	2355	E	12	PE3_T34E	10	10	11558
20170330	2370	E	1	PE3_T34E	0.5	10	651
20170330	2370	E	2	PE3_T34E	1	10	1144
20170330	2370	E	3	PE3_T34E	1.5	10	1861
20170330	2370	E	4	PE3_T34E	2	10	2411
20170330	2370	E	5	PE3_T34E	3	10	3654
20170330	2370	E	6	PE3_T34E	4	10	4717
20170330	2370	E	7	PE3_T34E	5	10	6134
20170330	2370	E	8	PE3_T34E	6	10	7184
20170330	2370	E	9	PE3_T34E	6.5	10	8132
20170330	2370	E	10	PE3_T34E	7	10	8158
20170330	2370	E	11	PE3_T34E	8	10	9497
20170330	2370	E	12	PE3_T34E	10	10	11551
20170330	2385	E	1	PE3_T34E	0.5	10	634
20170330	2385	E	2	PE3_T34E	1	10	1148
20170330	2385	E	3	PE3_T34E	1.5	10	1870
20170330	2385	E	4	PE3_T34E	2	10	2409
20170330	2385	E	5	PE3_T34E	3	10	3648
20170330	2385	E	6	PE3_T34E	4	10	4666
20170330	2385	E	7	PE3_T34E	5	10	6036
20170330	2385	E	8	PE3_T34E	6	10	7127
20170330	2385	E	9	PE3_T34E	6.5	10	8075
20170330	2385	E	10	PE3_T34E	7	10	8121
20170330	2385	E	11	PE3_T34E	8	10	9389
20170330	2385	E	12	PE3_T34E	10	10	11542
20170330	2400	E	1	PE3_T34E	0.5	10	636
20170330	2400	E	2	PE3_T34E	1	10	1141
20170330	2400	E	3	PE3_T34E	1.5	10	1866
20170330	2400	E	4	PE3_T34E	2	10	2427
20170330	2400	E	5	PE3_T34E	3	10	3643
20170330	2400	E	6	PE3_T34E	4	10	4655
20170330	2400	E	7	PE3_T34E	5	10	6088
20170330	2400	E	8	PE3_T34E	6	10	7130
20170330	2400	E	9	PE3_T34E	6.5	10	8039
20170330	2400	E	10	PE3_T34E	7	10	8134
20170330	2400	E	11	PE3_T34E	8	10	9397
20170330	2400	E	12	PE3_T34E	10	10	11531
20170330	2415	E	1	PE3_T34E	0.5	10	644
20170330	2415	E	2	PE3_T34E	1	10	1134
20170330	2415	E	3	PE3_T34E	1.5	10	1859
20170330	2415	E	4	PE3_T34E	2	10	2427
20170330	2415	E	5	PE3_T34E	3	10	3641
20170330	2415	E	6	PE3_T34E	4	10	4648
20170330	2415	E	7	PE3_T34E	5	10	6046
20170330	2415	E	8	PE3_T34E	6	10	7103
20170330	2415	E	9	PE3_T34E	6.5	10	8062
20170330	2415	E	10	PE3_T34E	7	10	8089
20170330	2415	E	11	PE3_T34E	8	10	9399
20170330	2415	E	12	PE3_T34E	10	10	11550
20170330	2430	E	1	PE3_T34E	0.5	10	633
20170330	2430	E	2	PE3_T34E	1	10	1147
20170330	2430	E	3	PE3_T34E	1.5	10	1857
20170330	2430	E	4	PE3_T34E	2	10	2427
20170330	2430	E	5	PE3_T34E	3	10	3642
20170330	2430	E	6	PE3_T34E	4	10	4669
20170330	2430	E	7	PE3_T34E	5	10	6043
20170330	2430	E	8	PE3_T34E	6	10	7154
20170330	2430	E	9	PE3_T34E	6.5	10	8126
20170330	2430	E	10	PE3_T34E	7	10	8113
20170330	2430	E	11	PE3_T34E	8	10	9396
20170330	2430	E	12	PE3_T34E	10	10	11530
20170330	2445	E	1	PE3_T34E	0.5	10	644
20170330	2445	E	2	PE3_T34E	1	10	1125
20170330	2445	E	3	PE3_T34E	1.5	10	1869
20170330	2445	E	4	PE3_T34E	2	10	2421
20170330	2445	E	5	PE3_T34E	3	10	3636
20170330	2445	E	6	PE3_T34E	4	10	4661
20170330	2445	E	7	PE3_T34E	5	10	6059
20170330	2445	E	8	PE3_T34E	6	10	7054
20170330	2445	E	9	PE3_T34E	6.5	10	8050
20170330	2445	E	10	PE3_T34E	7	10	8061
20170330	2445	E	11	PE3_T34E	8	10	9410
20170330	2445	E	12	PE3_T34E	10	10	11483
20170330	2460	E	1	PE3_T34E	0.5	10	639
20170330	2460	E	2	PE3_T34E	1	10	1147
20170330	2460	E	3	PE3_T34E	1.5	10	1871
20170330	2460	E	4	PE3_T34E	2	10	2396
20170330	2460	E	5	PE3_T34E	3	10	3633
20170330	2460	E	6	PE3_T34E	4	10	4696
20170330	2460	E	7	PE3_T34E	5	10	6091
20170330	2460	E	8	PE3_T34E	6	10	7106
20170330	2460	E	9	PE3_T34E	6.5	10	8095
20170330	2460	E	10	PE3_T34E	7	10	8047
20170330	2460	E	11	PE3_T34E	8	10	9374
20170330	2460	E	12	PE3_T34E	10	10	11499
20170330	2475	E	1	PE3_T34E	0.5	10	647
20170330	2475	E	2	PE3_T34E	1	10	1157
20170330	2475	E	3	PE3_T34E	1.5	10	1877
20170330	2475	E	4	PE3_T34E	2	10	2428
20170330	2475	E	5	PE3_T34E	3	10	3644
20170330	2475	E	6	PE3_T34E	4	10	4646
20170330	2475	E	7	PE3_T34E	5	10	6105
20170330	2475	E	8	PE3_T34E	6	10	7108
20170330	2475	E	9	PE3_T34E	6.5	10	8087
20170330	2475	E	10	PE3_T34E	7	10	8093
20170330	2475	E	11	PE3_T34E	8	10	9367
20170330	2475	E	12	PE3_T34E	10	10	11538
20170330	2490	E	1	PE3_T34E	0.5	10	637
20170330	2490	E	2	PE3_T34E	1	10	1145
20170330	2490	E	3	PE3_T34E	1.5	10	1826
20170330	2490	E	4	PE3_T34E	2	10	2398
20170330	2490	E	5	PE3_T34E	3	10	3616
20170330	2490	E	6	PE3_T34E	4	10	4643
20170330	2490	E	7	PE3_T34E	5	10	6052
20170330	2490	E	8	PE3_T34E	6	10	7102
20170330	2490	E	9	PE3_T34E	6.5	10	8038
20170330	2490	E	10	PE3_T34E	7	10	8085
20170330	2490	E	11	PE3_T34E	8	10	9367
20170330	2490	E	12	PE3_T34E	10	10	11557
20170330	2505	E	1	PE3_T34E	0.5	10	631
20170330	2505	E	2	PE3_T34E	1	10	1158
20170330	2505	E	3	PE3_T34E	1.5	10	1847
20170330	2505	E	4	PE3_T34E	2	10	2429
20170330	2505	E	5	PE3_T34E	3	10	3641
20170330	2505	E	6	PE3_T34E	4	10	4658
20170330	2505	E	7	PE3_T34E	5	10	6035
20170330	2505	E	8	PE3_T34E	6	10	7104
20170330	2505	E	9	PE3_T34E	6.5	10	8049
20170330	2505	E	10	PE3_T34E	7	10	8073
20170330	2505	E	11	PE3_T34E	8	10	9432
20170330	2505	E	12	PE3_T34E	10	10	11592
20170330	2520	E	1	PE3_T34E	0.5	10	641
20170330	2520	E	2	PE3_T34E	1	10	1139
20170330	2520	E	3	PE3_T34E	1.5	10	1842
20170330	2520	E	4	PE3_T34E	2	10	2422
20170330	2520	E	5	PE3_T34E	3	10	3617
20170330	2520	E	6	PE3_T34E	4	10	4685
20170330	2520	E	7	PE3_T34E	5	10	6058
20170330	2520	E	8	PE3_T34E	6	10	7104
20170330	2520	E	9	PE3_T34E	6.5	10	8045
20170330	2520	E	10	PE3_T34E	7	10	8084
20170330	2520	E	11	PE3_T34E	8	10	9371
20170330	2520	E	12	PE3_T34E	10	10	11495
20170330	2535	E	1	PE3_T34E	0.5	10	637
20170330	2535	E	2	PE3_T34E	1	10	1148
20170330	2535	E	3	PE3_T34E	1.5	10	1830
20170330	2535	E	4	PE3_T34E	2	10	2420
20170330	2535	E	5	PE3_T34E	3	10	3633
20170330	2535	E	6	PE3_T34E	4	10	4646
20170330	2535	E	7	PE3_T34E	5	10	6043
20170330	2535	E	8	PE3_T34E	6	10	7138
20170330	2535	E	9	PE3_T34E	6.5	10	8047
20170330	2535	E	10	PE3_T34E	7	10	8046
20170330	2535	E	11	PE3_T34E	8	10	9466
20170330	2535	E	12	PE3_T34E	10	10	11450
20170330	2550	E	1	PE3_T34E	0.5	10	647
20170330	2550	E	2	PE3_T34E	1	10	1140
20170330	2550	E	3	PE3_T34E	1.5	10	1854
20170330	2550	E	4	PE3_T34E	2	10	2404
20170330	2550	E	5	PE3_T34E	3	10	3617
20170330	2550	E	6	PE3_T34E	4	10	4629
20170330	2550	E	7	PE3_T34E	5	10	6085
20170330	2550	E	8	PE3_T34E	6	10	7067
20170330	2550	E	9	PE3_T34E	6.5	10	8026
20170330	2550	E	10	PE3_T34E	7	10	8082
20170330	2550	E	11	PE3_T34E	8	10	9401
20170330	2550	E	12	PE3_T34E	10	10	11480
20170330	2565	E	1	PE3_T34E	0.5	10	633
20170330	2565	E	2	PE3_T34E	1	10	1138
20170330	2565	E	3	PE3_T34E	1.5	10	1853
20170330	2565	E	4	PE3_T34E	2	10	2434
20170330	2565	E	5	PE3_T34E	3	10	3619
20170330	2565	E	6	PE3_T34E	4	10	4632
20170330	2565	E	7	PE3_T34E	5	10	6075
20170330	2565	E	8	PE3_T34E	6	10	7094
20170330	2565	E	9	PE3_T34E	6.5	10	7976
20170330	2565	E	10	PE3_T34E	7	10	8041
20170330	2565	E	11	PE3_T34E	8	10	9404
20170330	2565	E	12	PE3_T34E	10	10	11452
20170330	2580	E	1	PE3_T34E	0.5	10	634
20170330	2580	E	2	PE3_T34E	1	10	1143
20170330	2580	E	3	PE3_T34E	1.5	10	1850
20170330	2580	E	4	PE3_T34E	2	10	2408
20170330	2580	E	5	PE3_T34E	3	10	3631
20170330	2580	E	6	PE3_T34E	4	10	4636
20170330	2580	E	7	PE3_T34E	5	10	6038
20170330	2580	E	8	PE3_T34E	6	10	7091
20170330	2580	E	9	PE3_T34E	6.5	10	8095
20170330	2580	E	10	PE3_T34E	7	10	8056
20170330	2580	E	11	PE3_T34E	8	10	9291
20170330	2580	E	12	PE3_T34E	10	10	11516
20170330	2595	E	1	PE3_T34E	0.5	10	644
20170330	2595	E	2	PE3_T34E	1	10	1158
20170330	2595	E	3	PE3_T34E	1.5	10	1835
20170330	2595	E	4	PE3_T34E	2	10	2398
20170330	2595	E	5	PE3_T34E	3	10	3606
20170330	2595	E	6	PE3_T34E	4	10	4653
20170330	2595	E	7	PE3_T34E	5	10	6027
20170330	2595	E	8	PE3_T34E	6	10	7078
20170330	2595	E	9	PE3_T34E	6.5	10	8026
20170330	2595	E	10	PE3_T34E	7	10	8112
20170330	2595	E	11	PE3_T34E	8	10	9399
20170330	2595	E	12	PE3_T34E	10	10	11466
20170330	2610	E	1	PE3_T34E	0.5	10	640
20170330	2610	E	2	PE3_T34E	1	10	1154
20170330	2610	E	3	PE3_T34E	1.5	10	1834
20170330	2610	E	4	PE3_T34E	2	10	2410
20170330	2610	E	5	PE3_T34E	3	10	3629
20170330	2610	E	6	PE3_T34E	4	10	4641
20170330	2610	E	7	PE3_T34E	5	10	6037
20170330	2610	E	8	PE3_T34E	6	10	7097
20170330	2610	E	9	PE3_T34E	6.5	10	8075
20170330	2610	E	10	PE3_T34E	7	10	8128
20170330	2610	E	11	PE3_T34E	8	10	9294
20170330	2610	E	12	PE3_T34E	10	10	11459
20170330	2625	E	1	PE3_T34E	0.5	10	630
20170330	2625	E	2	PE3_T34E	1	10	1141
20170330	2625	E	3	PE3_T34E	1.5	10	1852
20170330	2625	E	4	PE3_T34E	2	10	2385
20170330	2625	E	5	PE3_T34E	3	10	3636
20170330	2625	E	6	PE3_T34E	4	10	4658
20170330	2625	E	7	PE3_T34E	5	10	6059
20170330	2625	E	8	PE3_T34E	6	10	7088
20170330	2625	E	9	PE3_T34E	6.5	10	8015
20170330	2625	E	10	PE3_T34E	7	10	8035
20170330	2625	E	11	PE3_T34E	8	10	9385
20170330	2625	E	12	PE3_T34E	10	10	11495
20170330	2640	E	1	PE3_T34E	0.5	10	638
20170330	2640	E	2	PE3_T34E	1	10	1141
20170330	2640	E	3	PE3_T34E	1.5	10	1838
20170330	2640	E	4	PE3_T34E	2	10	2417
20170330	2640	E	5	PE3_T34E	3	10	3596
20170330	2640	E	6	PE3_T34E	4	10	4631
20170330	2640	E	7	PE3_T34E	5	10	6025
20170330	2640	E	8	PE3_T34E	6	10	7085
20170330	2640	E	9	PE3_T34E	6.5	10	8034
20170330	2640	E	10	PE3_T34E	7	10	8058
20170330	2640	E	11	PE3_T34E	8	10	9402
20170330	2640	E	12	PE3_T34E	10	10	11526
20170330	2655	E	1	PE3_T34E	0.5	10	638
20170330	2655	E	2	PE3_T34E	1	10	1149
20170330	2655	E	3	PE3_T34E	1.5	10	1869
20170330	2655	E	4	PE3_T34E	2	10	2408
20170330	2655	E	5	PE3_T34E	3	10	3600
20170330	2655	E	6	PE3_T34E	4	10	4650
20170330	2655	E	7	PE3_T34E	5	10	6090
20170330	2655	E	8	PE3_T34E	6	10	7079
20170330	2655	E	9	PE3_T34E	6.5	10	8075
20170330	2655	E	10	PE3_T34E	7	10	8027
20170330	2655	E	11	PE3_T34E	8	10	9358
20170330	2655	E	12	PE3_T34E	10	10	11497
20170330	2670	E	1	PE3_T34E	0.5	10	648
20170330	2670	E	2	PE3_T34E	1	10	1146
20170330	2670	E	3	PE3_T34E	1.5	10	1854
20170330	2670	E	4	PE3_T34E	2	10	2410
20170330	2670	E	5	PE3_T34E	3	10	3615
20170330	2670	E	6	PE3_T34E	4	10	4655
20170330	2670	E	7	PE3_T34E	5	10	6016
20170330	2670	E	8	PE3_T34E	6	10	7075
20170330	2670	E	9	PE3_T34E	6.5	10	8029
20170330	2670	E	10	PE3_T34E	7	10	8018
20170330	2670	E	11	PE3_T34E	8	10	9398
20170330	2670	E	12	PE3_T34E	10	10	11406
20170330	2685	E	1	PE3_T34E	0.5	10	644
20170330	2685	E	2	PE3_T34E	1	10	1148
20170330	2685	E	3	PE3_T34E	1.5	10	1873
20170330	2685	E	4	PE3_T34E	2	10	2400
20170330	2685	E	5	PE3_T34E	3	10	3618
20170330	2685	E	6	PE3_T34E	4	10	4638
20170330	2685	E	7	PE3_T34E	5	10	6073
20170330	2685	E	8	PE3_T34E	6	10	7051
20170330	2685	E	9	PE3_T34E	6.5	10	8040
20170330	2685	E	10	PE3_T34E	7	10	8044
20170330	2685	E	11	PE3_T34E	8	10	9337
20170330	2685	E	12	PE3_T34E	10	10	11591
20170330	2700	E	1	PE3_T34E	0.5	10	637
20170330	2700	E	2	PE3_T34E	1	10	1133
20170330	2700	E	3	PE3_T34E	1.5	10	1864
20170330	2700	E	4	PE3_T34E	2	10	2417
20170330	2700	E	5	PE3_T34E	3	10	3595
20170330	2700	E	6	PE3_T34E	4	10	4628
20170330	2700	E	7	PE3_T34E	5	10	6028
20170330	2700	E	8	PE3_T34E	6	10	7047
20170330	2700	E	9	PE3_T34E	6.5	10	8020
20170330	2700	E	10	PE3_T34E	7	10	8076
20170330	2700	E	11	PE3_T34E	8	10	9395
20170330	2700	E	12	PE3_T34E	10	10	11446
20170330	2715	E	1	PE3_T34E	0.5	10	642
20170330	2715	E	2	PE3_T34E	1	10	1151
20170330	2715	E	3	PE3_T34E	1.5	10	1849
20170330	2715	E	4	PE3_T34E	2	10	2399
20170330	2715	E	5	PE3_T34E	3	10	3585
20170330	2715	E	6	PE3_T34E	4	10	4633
20170330	2715	E	7	PE3_T34E	5	10	6029
20170330	2715	E	8	PE3_T34E	6	10	7074
20170330	2715	E	9	PE3_T34E	6.5	10	7970
20170330	2715	E	10	PE3_T34E	7	10	8036
20170330	2715	E	11	PE3_T34E	8	10	9351
20170330	2715	E	12	PE3_T34E	10	10	11480
20170330	2730	E	1	PE3_T34E	0.5	10	629
20170330	2730	E	2	PE3_T34E	1	10	1136
20170330	2730	E	3	PE3_T34E	1.5	10	1851
20170330	2730	E	4	PE3_T34E	2	10	2394
20170330	2730	E	5	PE3_T34E	3	10	3607
20170330	2730	E	6	PE3_T34E	4	10	4613
20170330	2730	E	7	PE3_T34E	5	10	5975
20170330	2730	E	8	PE3_T34E	6	10	7078
20170330	2730	E	9	PE3_T34E	6.5	10	7991
20170330	2730	E	10	PE3_T34E	7	10	8044
20170330	2730	E	11	PE3_T34E	8	10	9318
20170330	2730	E	12	PE3_T34E	10	10	11426
20170330	2745	E	1	PE3_T34E	0.5	10	631
20170330	2745	E	2	PE3_T34E	1	10	1135
20170330	2745	E	3	PE3_T34E	1.5	10	1853
20170330	2745	E	4	PE3_T34E	2	10	2371
20170330	2745	E	5	PE3_T34E	3	10	3590
20170330	2745	E	6	PE3_T34E	4	10	4646
20170330	2745	E	7	PE3_T34E	5	10	6019
20170330	2745	E	8	PE3_T34E	6	10	7023
20170330	2745	E	9	PE3_T34E	6.5	10	7964
20170330	2745	E	10	PE3_T34E	7	10	8030
20170330	2745	E	11	PE3_T34E	8	10	9347
20170330	2745	E	12	PE3_T34E	10	10	11477
20170330	2760	E	1	PE3_T34E	0.5	10	638
20170330	2760	E	2	PE3_T34E	1	10	1118
20170330	2760	E	3	PE3_T34E	1.5	10	1844
20170330	2760	E	4	PE3_T34E	2	10	2398
20170330	2760	E	5	PE3_T34E	3	10	3570
20170330	2760	E	6	PE3_T34E	4	10	4632
20170330	2760	E	7	PE3_T34E	5	10	6043
20170330	2760	E	8	PE3_T34E	6	10	7035
20170330	2760	E	9	PE3_T34E	6.5	10	7996
20170330	2760	E	10	PE3_T34E	7	10	8007
20170330	2760	E	11	PE3_T34E	8	10	9310
20170330	2760	E	12	PE3_T34E	10	10	11417
20170330	2775	E	1	PE3_T34E	0.5	10	635
20170330	2775	E	2	PE3_T34E	1	10	1138
20170330	2775	E	3	PE3_T34E	1.5	10	1844
20170330	2775	E	4	PE3_T34E	2	10	2383
20170330	2775	E	5	PE3_T34E	3	10	3606
20170330	2775	E	6	PE3_T34E	4	10	4631
20170330	2775	E	7	PE3_T34E	5	10	6040
20170330	2775	E	8	PE3_T34E	6	10	7006
20170330	2775	E	9	PE3_T34E	6.5	10	8011
20170330	2775	E	10	PE3_T34E	7	10	8061
20170330	2775	E	11	PE3_T34E	8	10	9360
20170330	2775	E	12	PE3_T34E	10	10	11510
20170330	2790	E	1	PE3_T34E	0.5	10	638
20170330	2790	E	2	PE3_T34E	1	10	1142
20170330	2790	E	3	PE3_T34E	1.5	10	1849
20170330	2790	E	4	PE3_T34E	2	10	2352
20170330	2790	E	5	PE3_T34E	3	10	3605
20170330	2790	E	6	PE3_T34E	4	10	4586
20170330	2790	E	7	PE3_T34E	5	10	6040
20170330	2790	E	8	PE3_T34E	6	10	7030
20170330	2790	E	9	PE3_T34E	6.5	10	8016
20170330	2790	E	10	PE3_T34E	7	10	8001
20170330	2790	E	11	PE3_T34E	8	10	9366
20170330	2790	E	12	PE3_T34E	10	10	11425
20170330	2805	E	1	PE3_T34E	0.5	10	632
20170330	2805	E	2	PE3_T34E	1	10	1136
20170330	2805	E	3	PE3_T34E	1.5	10	1840
20170330	2805	E	4	PE3_T34E	2	10	2392
20170330	2805	E	5	PE3_T34E	3	10	3618
20170330	2805	E	6	PE3_T34E	4	10	4614
20170330	2805	E	7	PE3_T34E	5	10	6022
20170330	2805	E	8	PE3_T34E	6	10	7036
20170330	2805	E	9	PE3_T34E	6.5	10	7956
20170330	2805	E	10	PE3_T34E	7	10	8021
20170330	2805	E	11	PE3_T34E	8	10	9328
20170330	2805	E	12	PE3_T34E	10	10	11374
20170330	2820	E	1	PE3_T34E	0.5	10	643
20170330	2820	E	2	PE3_T34E	1	10	1132
20170330	2820	E	3	PE3_T34E	1.5	10	1864
20170330	2820	E	4	PE3_T34E	2	10	2364
20170330	2820	E	5	PE3_T34E	3	10	3589
20170330	2820	E	6	PE3_T34E	4	10	4611
20170330	2820	E	7	PE3_T34E	5	10	6077
20170330	2820	E	8	PE3_T34E	6	10	7022
20170330	2820	E	9	PE3_T34E	6.5	10	8049
20170330	2820	E	10	PE3_T34E	7	10	8006
20170330	2820	E	11	PE3_T34E	8	10	9299
20170330	2820	E	12	PE3_T34E	10	10	11358
20170330	2835	E	1	PE3_T34E	0.5	10	640
20170330	2835	E	2	PE3_T34E	1	10	1124
20170330	2835	E	3	PE3_T34E	1.5	10	1839
20170330	2835	E	4	PE3_T34E	2	10	2397
20170330	2835	E	5	PE3_T34E	3	10	3614
20170330	2835	E	6	PE3_T34E	4	10	4627
20170330	2835	E	7	PE3_T34E	5	10	5994
20170330	2835	E	8	PE3_T34E	6	10	7042
20170330	2835	E	9	PE3_T34E	6.5	10	7984
20170330	2835	E	10	PE3_T34E	7	10	8068
20170330	2835	E	11	PE3_T34E	8	10	9251
20170330	2835	E	12	PE3_T34E	10	10	11408
20170330	2850	E	1	PE3_T34E	0.5	10	630
20170330	2850	E	2	PE3_T34E	1	10	1127
20170330	2850	E	3	PE3_T34E	1.5	10	1840
20170330	2850	E	4	PE3_T34E	2	10	2399
20170330	2850	E	5	PE3_T34E	3	10	3641
20170330	2850	E	6	PE3_T34E	4	10	4567
20170330	2850	E	7	PE3_T34E	5	10	6038
20170330	2850	E	8	PE3_T34E	6	10	7014
20170330	2850	E	9	PE3_T34E	6.5	10	7972
20170330	2850	E	10	PE3_T34E	7	10	7978
20170330	2850	E	11	PE3_T34E	8	10	9289
20170330	2850	E	12	PE3_T34E	10	10	11345
20170330	2865	E	1	PE3_T34E	0.5	10	628
20170330	2865	E	2	PE3_T34E	1	10	1142
20170330	2865	E	3	PE3_T34E	1.5	10	1857
20170330	2865	E	4	PE3_T34E	2	10	2384
20170330	2865	E	5	PE3_T34E	3	10	3596
20170330	2865	E	6	PE3_T34E	4	10	4633
20170330	2865	E	7	PE3_T34E	5	10	6003
20170330	2865	E	8	PE3_T34E	6	10	7031
20170330	2865	E	9	PE3_T34E	6.5	10	8000
20170330	2865	E	10	PE3_T34E	7	10	8029
20170330	2865	E	11	PE3_T34E	8	10	9315
20170330	2865	E	12	PE3_T34E	10	10	11308
20170330	2880	E	1	PE3_T34E	0.5	10	641
20170330	2880	E	2	PE3_T34E	1	10	1149
20170330	2880	E	3	PE3_T34E	1.5	10	1835
20170330	2880	E	4	PE3_T34E	2	10	2388
20170330	2880	E	5	PE3_T34E	3	10	3579
20170330	2880	E	6	PE3_T34E	4	10	4631
20170330	2880	E	7	PE3_T34E	5	10	6027
20170330	2880	E	8	PE3_T34E	6	10	7028
20170330	2880	E	9	PE3_T34E	6.5	10	8004
20170330	2880	E	10	PE3_T34E	7	10	8009
20170330	2880	E	11	PE3_T34E	8	10	9330
20170330	2880	E	12	PE3_T34E	10	10	11375
20170330	2895	E	1	PE3_T34E	0.5	10	630
20170330	2895	E	2	PE3_T34E	1	10	1136
20170330	2895	E	3	PE3_T34E	1.5	10	1844
20170330	2895	E	4	PE3_T34E	2	10	2409
20170330	2895	E	5	PE3_T34E	3	10	3576
20170330	2895	E	6	PE3_T34E	4	10	4623
20170330	2895	E	7	PE3_T34E	5	10	6006
20170330	2895	E	8	PE3_T34E	6	10	7043
20170330	2895	E	9	PE3_T34E	6.5	10	8019
20170330	2895	E	10	PE3_T34E	7	10	8048
20170330	2895	E	11	PE3_T34E	8	10	9295
20170330	2895	E	12	PE3_T34E	10	10	11379
20170330	2910	E	1	PE3_T34E	0.5	10	628
20170330	2910	E	2	PE3_T34E	1	10	1130
20170330	2910	E	3	PE3_T34E	1.5	10	1834
20170330	2910	E	4	PE3_T34E	2	10	2369
20170330	2910	E	5	PE3_T34E	3	10	3573
20170330	2910	E	6	PE3_T34E	4	10	4645
20170330	2910	E	7	PE3_T34E	5	10	6021
20170330	2910	E	8	PE3_T34E	6	10	7079
20170330	2910	E	9	PE3_T34E	6.5	10	7950
20170330	2910	E	10	PE3_T34E	7	10	8013
20170330	2910	E	11	PE3_T34E	8	10	9375
20170330	2910	E	12	PE3_T34E	10	10	11420
20170330	2925	E	1	PE3_T34E	0.5	10	634
20170330	2925	E	2	PE3_T34E	1	10	1130
20170330	2925	E	3	PE3_T34E	1.5	10	1823
20170330	2925	E	4	PE3_T34E	2	10	2372
20170330	2925	E	5	PE3_T34E	3	10	3594
20170330	2925	E	6	PE3_T34E	4	10	4604
20170330	2925	E	7	PE3_T34E	5	10	6034
20170330	2925	E	8	PE3_T34E	6	10	7015
20170330	2925	E	9	PE3_T34E	6.5	10	8037
20170330	2925	E	10	PE3_T34E	7	10	8038
20170330	2925	E	11	PE3_T34E	8	10	9262
20170330	2925	E	12	PE3_T34E	10	10	11381
20170330	2940	E	1	PE3_T34E	0.5	10	638
20170330	2940	E	2	PE3_T34E	1	10	1127
20170330	2940	E	3	PE3_T34E	1.5	10	1823
20170330	2940	E	4	PE3_T34E	2	10	2382
20170330	2940	E	5	PE3_T34E	3	10	3573
20170330	2940	E	6	PE3_T34E	4	10	4609
20170330	2940	E	7	PE3_T34E	5	10	6034
20170330	2940	E	8	PE3_T34E	6	10	7012
20170330	2940	E	9	PE3_T34E	6.5	10	7971
20170330	2940	E	10	PE3_T34E	7	10	8019
20170330	2940	E	11	PE3_T34E	8	10	9240
20170330	2940	E	12	PE3_T34E	10	10	11356
20170330	2955	E	1	PE3_T34E	0.5	10	642
20170330	2955	E	2	PE3_T34E	1	10	1133
20170330	2955	E	3	PE3_T34E	1.5	10	1824
20170330	2955	E	4	PE3_T34E	2	10	2383
20170330	2955	E	5	PE3_T34E	3	10	3557
20170330	2955	E	6	PE3_T34E	4	10	4582
20170330	2955	E	7	PE3_T34E	5	10	6019
20170330	2955	E	8	PE3_T34E	6	10	7007
20170330	2955	E	9	PE3_T34E	6.5	10	7923
20170330	2955	E	10	PE3_T34E	7	10	7951
20170330	2955	E	11	PE3_T34E	8	10	9329
20170330	2955	E	12	PE3_T34E	10	10	11344
20170330	2970	E	1	PE3_T34E	0.5	10	632
20170330	2970	E	2	PE3_T34E	1	10	1119
20170330	2970	E	3	PE3_T34E	1.5	10	1837
20170330	2970	E	4	PE3_T34E	2	10	2401
20170330	2970	E	5	PE3_T34E	3	10	3594
20170330	2970	E	6	PE3_T34E	4	10	4605
20170330	2970	E	7	PE3_T34E	5	10	6004
20170330	2970	E	8	PE3_T34E	6	10	7046
20170330	2970	E	9	PE3_T34E	6.5	10	8024
20170330	2970	E	10	PE3_T34E	7	10	7975
20170330	2970	E	11	PE3_T34E	8	10	9316
20170330	2970	E	12	PE3_T34E	10	10	11443
20170330	2985	E	1	PE3_T34E	0.5	10	626
20170330	2985	E	2	PE3_T34E	1	10	1143
20170330	2985	E	3	PE3_T34E	1.5	10	1813
20170330	2985	E	4	PE3_T34E	2	10	2392
20170330	2985	E	5	PE3_T34E	3	10	3587
20170330	2985	E	6	PE3_T34E	4	10	4580
20170330	2985	E	7	PE3_T34E	5	10	5971
20170330	2985	E	8	PE3_T34E	6	10	7005
20170330	2985	E	9	PE3_T34E	6.5	10	7933
20170330	2985	E	10	PE3_T34E	7	10	7996
20170330	2985	E	11	PE3_T34E	8	10	9284
20170330	2985	E	12	PE3_T34E	10	10	11476
20170330	3000	E	1	PE3_T34E	0.5	10	632
20170330	3000	E	2	PE3_T34E	1	10	1128
20170330	3000	E	3	PE3_T34E	1.5	10	1818
20170330	3000	E	4	PE3_T34E	2	10	2359
20170330	3000	E	5	PE3_T34E	3	10	3569
20170330	3000	E	6	PE3_T34E	4	10	4591
20170330	3000	E	7	PE3_T34E	5	10	6020
20170330	3000	E	8	PE3_T34E	6	10	6994
20170330	3000	E	9	PE3_T34E	6.5	10	7988
20170330	3000	E	10	PE3_T34E	7	10	8018
20170330	3000	E	11	PE3_T34E	8	10	9249
20170330	3000	E	12	PE3_T34E	10	10	11336
20170330	3015	E	1	PE3_T34E	0.5	10	618
20170330	3015	E	2	PE3_T34E	1	10	1116
20170330	3015	E	3	PE3_T34E	1.5	10	1834
20170330	3015	E	4	PE3_T34E	2	10	2354
20170330	3015	E	5	PE3_T34E	3	10	3595
20170330	3015	E	6	PE3_T34E	4	10	4596
20170330	3015	E	7	PE3_T34E	5	10	6004
20170330	3015	E	8	PE3_T34E	6	10	7023
20170330	3015	E	9	PE3_T34E	6.5	10	7945
20170330	3015	E	10	PE3_T34E	7	10	7997
20170330	3015	E	11	PE3_T34E	8	10	9334
20170330	3015	E	12	PE3_T34E	10	10	11336
20170330	3030	E	1	PE3_T34E	0.5	10	641
20170330	3030	E	2	PE3_T34E	1	10	1124
20170330	3030	E	3	PE3_T34E	1.5	10	1819
20170330	3030	E	4	PE3_T34E	2	10	2391
20170330	3030	E	5	PE3_T34E	3	10	3576
20170330	3030	E	6	PE3_T34E	4	10	4592
20170330	3030	E	7	PE3_T34E	5	10	6000
20170330	3030	E	8	PE3_T34E	6	10	6978
20170330	3030	E	9	PE3_T34E	6.5	10	7971
20170330	3030	E	10	PE3_T34E	7	10	7986
20170330	3030	E	11	PE3_T34E	8	10	9298
20170330	3030	E	12	PE3_T34E	10	10	11355
20170330	3045	E	1	PE3_T34E	0.5	10	628
20170330	3045	E	2	PE3_T34E	1	10	1109
20170330	3045	E	3	PE3_T34E	1.5	10	1833
20170330	3045	E	4	PE3_T34E	2	10	2374
20170330	3045	E	5	PE3_T34E	3	10	3565
20170330	3045	E	6	PE3_T34E	4	10	4574
20170330	3045	E	7	PE3_T34E	5	10	5994
20170330	3045	E	8	PE3_T34E	6	10	7042
20170330	3045	E	9	PE3_T34E	6.5	10	8010
20170330	3045	E	10	PE3_T34E	7	10	7950
20170330	3045	E	11	PE3_T34E	8	10	9300
20170330	3045	E	12	PE3_T34E	10	10	11343
20170330	3060	E	1	PE3_T34E	0.5	10	628
20170330	3060	E	2	PE3_T34E	1	10	1132
20170330	3060	E	3	PE3_T34E	1.5	10	1806
20170330	3060	E	4	PE3_T34E	2	10	2384
20170330	3060	E	5	PE3_T34E	3	10	3587
20170330	3060	E	6	PE3_T34E	4	10	4601
20170330	3060	E	7	PE3_T34E	5	10	5975
20170330	3060	E	8	PE3_T34E	6	10	7016
20170330	3060	E	9	PE3_T34E	6.5	10	7903
20170330	3060	E	10	PE3_T34E	7	10	7987
20170330	3060	E	11	PE3_T34E	8	10	9277
20170330	3060	E	12	PE3_T34E	10	10	11309
20170330	3075	E	1	PE3_T34E	0.5	10	630
20170330	3075	E	2	PE3_T34E	1	10	1153
20170330	3075	E	3	PE3_T34E	1.5	10	1812
20170330	3075	E	4	PE3_T34E	2	10	2344
20170330	3075	E	5	PE3_T34E	3	10	3578
20170330	3075	E	6	PE3_T34E	4	10	4607
20170330	3075	E	7	PE3_T34E	5	10	5957
20170330	3075	E	8	PE3_T34E	6	10	6952
20170330	3075	E	9	PE3_T34E	6.5	10	7956
20170330	3075	E	10	PE3_T34E	7	10	8005
20170330	3075	E	11	PE3_T34E	8	10	9260
20170330	3075	E	12	PE3_T34E	10	10	11307
20170330	3090	E	1	PE3_T34E	0.5	10	636
20170330	3090	E	2	PE3_T34E	1	10	1133
20170330	3090	E	3	PE3_T34E	1.5	10	1821
20170330	3090	E	4	PE3_T34E	2	10	2367
20170330	3090	E	5	PE3_T34E	3	10	3591
20170330	3090	E	6	PE3_T34E	4	10	4625
20170330	3090	E	7	PE3_T34E	5	10	5927
20170330	3090	E	8	PE3_T34E	6	10	7002
20170330	3090	E	9	PE3_T34E	6.5	10	7914
20170330	3090	E	10	PE3_T34E	7	10	7927
20170330	3090	E	11	PE3_T34E	8	10	9235
20170330	3090	E	12	PE3_T34E	10	10	11282
20170330	3105	E	1	PE3_T34E	0.5	10	622
20170330	3105	E	2	PE3_T34E	1	10	1136
20170330	3105	E	3	PE3_T34E	1.5	10	1835
20170330	3105	E	4	PE3_T34E	2	10	2375
20170330	3105	E	5	PE3_T34E	3	10	3589
20170330	3105	E	6	PE3_T34E	4	10	4599
20170330	3105	E	7	PE3_T34E	5	10	5941
20170330	3105	E	8	PE3_T34E	6	10	6958
20170330	3105	E	9	PE3_T34E	6.5	10	7924
20170330	3105	E	10	PE3_T34E	7	10	7939
20170330	3105	E	11	PE3_T34E	8	10	9227
20170330	3105	E	12	PE3_T34E	10	10	11337
20170330	3120	E	1	PE3_T34E	0.5	10	631
20170330	3120	E	2	PE3_T34E	1	10	1127
20170330	3120	E	3	PE3_T34E	1.5	10	1784
20170330	3120	E	4	PE3_T34E	2	10	2358
20170330	3120	E	5	PE3_T34E	3	10	3564
20170330	3120	E	6	PE3_T34E	4	10	4574
20170330	3120	E	7	PE3_T34E	5	10	6007
20170330	3120	E	8	PE3_T34E	6	10	6990
20170330	3120	E	9	PE3_T34E	6.5	10	7965
20170330	3120	E	10	PE3_T34E	7	10	7937
20170330	3120	E	11	PE3_T34E	8	10	9255
20170330	3120	E	12	PE3_T34E	10	10	11288
20170330	3135	E	1	PE3_T34E	0.5	10	631
20170330	3135	E	2	PE3_T34E	1	10	1126
20170330	3135	E	3	PE3_T34E	1.5	10	1847
20170330	3135	E	4	PE3_T34E	2	10	2377
20170330	3135	E	5	PE3_T34E	3	10	3622
20170330	3135	E	6	PE3_T34E	4	10	4576
20170330	3135	E	7	PE3_T34E	5	10	5984
20170330	3135	E	8	PE3_T34E	6	10	6952
20170330	3135	E	9	PE3_T34E	6.5	10	7955
20170330	3135	E	10	PE3_T34E	7	10	7913
20170330	3135	E	11	PE3_T34E	8	10	9232
20170330	3135	E	12	PE3_T34E	10	10	11399
20170330	3150	E	1	PE3_T34E	0.5	10	634
20170330	3150	E	2	PE3_T34E	1	10	1143
20170330	3150	E	3	PE3_T34E	1.5	10	1829
20170330	3150	E	4	PE3_T34E	2	10	2364
20170330	3150	E	5	PE3_T34E	3	10	3590
20170330	3150	E	6	PE3_T34E	4	10	4584
20170330	3150	E	7	PE3_T34E	5	10	5922
20170330	3150	E	8	PE3_T34E	6	10	7027
20170330	3150	E	9	PE3_T34E	6.5	10	7916
20170330	3150	E	10	PE3_T34E	7	10	7973
20170330	3150	E	11	PE3_T34E	8	10	9231
20170330	3150	E	12	PE3_T34E	10	10	11288
20170330	3165	E	1	PE3_T34E	0.5	10	624
20170330	3165	E	2	PE3_T34E	1	10	1129
20170330	3165	E	3	PE3_T34E	1.5	10	1832
20170330	3165	E	4	PE3_T34E	2	10	2377
20170330	3165	E	5	PE3_T34E	3	10	3568
20170330	3165	E	6	PE3_T34E	4	10	4573
20170330	3165	E	7	PE3_T34E	5	10	5942
20170330	3165	E	8	PE3_T34E	6	10	6948
20170330	3165	E	9	PE3_T34E	6.5	10	7888
20170330	3165	E	10	PE3_T34E	7	10	7975
20170330	3165	E	11	PE3_T34E	8	10	9252
20170330	3165	E	12	PE3_T34E	10	10	11270
20170330	3180	E	1	PE3_T34E	0.5	10	627
20170330	3180	E	2	PE3_T34E	1	10	1118
20170330	3180	E	3	PE3_T34E	1.5	10	1811
20170330	3180	E	4	PE3_T34E	2	10	2389
20170330	3180	E	5	PE3_T34E	3	10	3565
20170330	3180	E	6	PE3_T34E	4	10	4570
20170330	3180	E	7	PE3_T34E	5	10	5971
20170330	3180	E	8	PE3_T34E	6	10	7029
20170330	3180	E	9	PE3_T34E	6.5	10	7955
20170330	3180	E	10	PE3_T34E	7	10	7949
20170330	3180	E	11	PE3_T34E	8	10	9297
20170330	3180	E	12	PE3_T34E	10	10	11286
20170330	3195	E	1	PE3_T34E	0.5	10	629
20170330	3195	E	2	PE3_T34E	1	10	1123
20170330	3195	E	3	PE3_T34E	1.5	10	1838
20170330	3195	E	4	PE3_T34E	2	10	2369
20170330	3195	E	5	PE3_T34E	3	10	3553
20170330	3195	E	6	PE3_T34E	4	10	4587
20170330	3195	E	7	PE3_T34E	5	10	5959
20170330	3195	E	8	PE3_T34E	6	10	6981
20170330	3195	E	9	PE3_T34E	6.5	10	7914
20170330	3195	E	10	PE3_T34E	7	10	7971
20170330	3195	E	11	PE3_T34E	8	10	9180
20170330	3195	E	12	PE3_T34E	10	10	11297
20170330	3210	E	1	PE3_T34E	0.5	10	632
20170330	3210	E	2	PE3_T34E	1	10	1132
20170330	3210	E	3	PE3_T34E	1.5	10	1798
20170330	3210	E	4	PE3_T34E	2	10	2364
20170330	3210	E	5	PE3_T34E	3	10	3541
20170330	3210	E	6	PE3_T34E	4	10	4555
20170330	3210	E	7	PE3_T34E	5	10	5938
20170330	3210	E	8	PE3_T34E	6	10	7003
20170330	3210	E	9	PE3_T34E	6.5	10	7883
20170330	3210	E	10	PE3_T34E	7	10	7962
20170330	3210	E	11	PE3_T34E	8	10	9214
20170330	3210	E	12	PE3_T34E	10	10	11312
20170330	3225	E	1	PE3_T34E	0.5	10	631
20170330	3225	E	2	PE3_T34E	1	10	1131
20170330	3225	E	3	PE3_T34E	1.5	10	1821
20170330	3225	E	4	PE3_T34E	2	10	2382
20170330	3225	E	5	PE3_T34E	3	10	3557
20170330	3225	E	6	PE3_T34E	4	10	4546
20170330	3225	E	7	PE3_T34E	5	10	5969
20170330	3225	E	8	PE3_T34E	6	10	7016
20170330	3225	E	9	PE3_T34E	6.5	10	7909
20170330	3225	E	10	PE3_T34E	7	10	7967
20170330	3225	E	11	PE3_T34E	8	10	9232
20170330	3225	E	12	PE3_T34E	10	10	11275
