

Software Version	3.03.14



Experiment File Path:	C:\Users\Public\Documents\Experiments\Tina\20181210_GAP_assay2.xpt
Protocol File Path:	C:\Users\Public\Documents\Protocols\Tina\GAP_sensor_assay.prt



Plate Number	Plate 1
Date	12/10/2018
Time	3:28:46 PM
Reader Type:	Synergy H1
Reader Serial Number:	1803011C
Reading Type	Reader

Procedure Details

Plate Type	Costar 96 well half area
Set Temperature	Setpoint 30°C
Start Kinetic	Runtime 1:00:00 (HH:MM:SS), Interval 0:00:05, 721 Reads
    Read	Fluorescence Endpoint
	C1..C12
	Filter Set 1
	    Excitation: 425,  Emission: 457
	    Optics: Bottom,  Gain: 57
	Light Source: Xenon Flash,  Lamp Energy: High
	Read Speed: Normal,  Delay: 0 msec,  Measurements/Data Point: 5
	Read Height: 7 mm
End Kinetic	

Layout
	1	2	3	4	5	6	7	8	9	10	11	12
A													Well ID
B													Well ID
C	SPL47	SPL48	SPL49	SPL50	SPL51	SPL52	SPL53	SPL54	SPL55	SPL56	SPL57	SPL58	Well ID
D													Well ID
E													Well ID
F													Well ID
G													Well ID
H													Well ID

425,457

Time	T° 425,457	C1	C2	C3	C4	C5	C6	C7	C8	C9	C10	C11	C12
0:00:00	30.0	6881	6818	7152	6423	6444	6360	6525	6576	6747	6969	7228	7301
0:00:05	30.0	7071	7106	7412	6673	6755	6637	6802	6871	7004	7263	7494	7552
0:00:10	30.0	7262	7333	7585	6903	7046	6832	7124	7224	7297	7568	7884	7844
0:00:15	30.0	7446	7520	7799	7158	7280	7056	7416	7564	7595	7821	8069	8120
0:00:20	30.0	7563	7775	7995	7358	7551	7345	7698	7801	7932	8133	8362	8435
0:00:25	30.0	7742	7963	8231	7626	7802	7456	7985	7914	8141	8457	8551	8709
0:00:30	30.0	7924	8207	8402	7706	8103	7751	8241	8259	8489	8728	8930	9082
0:00:35	30.0	8113	8342	8429	8013	8321	7932	8514	8505	8644	8995	9214	9297
0:00:40	30.0	8161	8621	8578	8299	8616	8185	8748	8737	8894	9165	9513	9588
0:00:45	30.0	8378	8806	8803	8605	8845	8408	9038	8960	9132	9488	9867	9802
0:00:50	30.0	8493	8961	9003	8792	9068	8635	9248	9232	9370	9727	10182	10119
0:00:55	30.0	8680	9302	9105	8988	9375	8870	9593	9512	9630	10002	10602	10315
0:01:00	30.0	8856	9357	9369	9182	9610	9127	9878	9859	9897	10230	10879	10561
0:01:05	30.0	8919	9631	9466	9626	9782	9270	10147	10163	10160	10490	11275	10847
0:01:10	30.0	9188	9872	9701	9748	10027	9548	10481	10524	10407	10790	11543	11063
0:01:15	30.0	9300	10120	9937	9938	10242	9672	10656	10735	10771	10979	11862	11339
0:01:20	30.0	9507	10336	10071	10090	10475	9872	10983	11222	10907	11287	12064	11587
0:01:25	30.0	9700	10572	10302	10361	10826	10273	11227	11484	11159	11438	12306	11772
0:01:30	30.0	9863	10845	10427	10442	11014	10429	11508	11756	11492	11732	12571	12096
0:01:35	30.0	10112	10926	10619	10789	11194	10595	11648	12036	11712	11995	12725	12378
0:01:40	30.0	10135	11149	10877	10995	11490	10815	11918	12269	11937	12251	12965	12681
0:01:45	30.0	10273	11320	11099	11242	11715	11027	12272	12550	12162	12588	13165	12831
0:01:50	30.0	10431	11559	11204	11476	11980	11324	12516	12879	12442	12698	13607	13145
0:01:55	30.0	10584	11725	11466	11623	12190	11499	12793	13041	12581	13031	13771	13502
0:02:00	30.0	10827	11950	11534	11865	12574	11770	13009	13197	12902	13187	14177	13599
0:02:05	30.0	11009	12146	11765	12190	12642	11937	13141	13573	13214	13531	14312	13949
0:02:10	30.0	11108	12369	11853	12261	12861	12150	13464	13725	13436	13721	14675	14161
0:02:15	30.0	11242	12746	12115	12426	13142	12386	13701	14014	13581	13916	14871	14307
0:02:20	30.0	11394	12791	12301	12804	13364	12619	13935	14175	13812	14178	15131	14655
0:02:25	30.0	11568	13046	12509	13032	13749	12783	14135	14427	14126	14445	15299	14844
0:02:30	30.0	11815	13135	12619	13235	13848	13014	14536	14697	14505	14742	15551	15358
0:02:35	30.0	11821	13447	12753	13396	14163	13317	14715	14840	14668	14814	15703	15254
0:02:40	30.0	12014	13507	13056	13522	14412	13389	14871	14969	14800	15197	16041	15581
0:02:45	30.0	12046	13771	13118	13720	14597	13813	15074	15225	15059	15289	16241	15973
0:02:50	30.0	12207	14014	13340	14028	14826	13884	15299	15479	15293	15597	16605	16069
0:02:55	30.0	12261	14165	13540	14370	15094	14019	15552	15702	15537	15961	16809	16366
0:03:00	30.0	12413	14247	13696	14282	15428	14275	15836	16001	15694	16086	16895	16437
0:03:05	30.0	12466	14433	13827	14559	15537	14515	16067	16266	15973	16404	17369	16798
0:03:10	30.0	12701	14694	13962	14963	15705	14642	16240	16436	16191	16638	17532	17002
0:03:15	30.0	12598	14862	14301	15049	16009	15007	16589	16689	16238	16922	17780	17283
0:03:20	30.0	12884	14992	14285	15227	16098	15243	16744	16935	16567	16958	17865	17513
0:03:25	30.0	12954	15232	14422	15382	16328	15319	17023	17169	16841	17202	18094	17613
0:03:30	30.0	13026	15346	14629	15689	16556	15456	17204	17268	17126	17445	18375	18066
0:03:35	30.0	13037	15405	14886	15862	16870	15663	17555	17474	17231	17584	18650	18141
0:03:40	30.0	13071	15460	14971	15973	16997	15935	17647	17809	17486	17898	18733	18269
0:03:45	30.0	13011	15805	15135	16269	17222	16086	17892	18077	17762	18075	18815	18640
0:03:50	30.0	13203	15904	15326	16455	17462	16290	17907	18339	17903	18226	19213	18796
0:03:55	30.0	13221	16140	15482	16614	17681	16492	18203	18447	18185	18474	19342	18934
0:04:00	30.0	13305	16254	15637	16854	18069	16488	18523	18688	18281	18669	19623	19185
0:04:05	30.0	13239	16396	15676	16900	17966	16862	18841	18853	18582	19063	19690	19113
0:04:10	30.0	13411	16466	15810	17227	18364	17064	18991	18889	18599	19035	20052	19591
0:04:15	30.0	13296	16692	16053	17388	18416	17159	19185	19047	18871	19309	20030	19793
0:04:20	30.0	13308	16672	16228	17609	18582	17493	19387	19379	19125	19475	20425	19860
0:04:25	30.0	13409	16884	16254	17778	18823	17620	19793	19702	19183	19794	20477	20205
0:04:30	30.0	13486	16864	16548	18015	19233	17857	19898	19782	19607	19858	20746	20313
0:04:35	30.0	13304	16930	16460	18001	19284	18042	20188	19931	19675	20009	20768	20468
0:04:40	30.0	13438	17115	16665	18051	19511	18288	20204	20185	19828	20165	20878	20551
0:04:45	30.0	13426	16969	16937	18436	19498	18441	20552	20278	19934	20473	21052	20810
0:04:50	30.0	13429	17208	17111	18540	19815	18476	20709	20617	20029	20587	21284	20906
0:04:55	30.0	13307	17196	17161	18834	19952	18687	20690	20620	20255	20799	21488	21159
0:05:00	30.0	13350	17350	17215	18990	20104	18980	20930	20622	20536	20898	21615	21376
0:05:05	30.0	13384	17304	17284	19060	20363	19155	21193	21058	20771	21203	21818	21380
0:05:10	30.0	13403	17366	17526	19223	20419	19305	21383	21378	20829	21277	21945	21512
0:05:15	30.0	13407	17412	17542	19358	20601	19247	21449	21177	20996	21344	22099	21575
0:05:20	30.0	13291	17279	17659	19594	20652	19722	21633	21298	21207	21585	22323	21849
0:05:25	30.0	13482	17169	17508	19670	21122	19648	21969	21569	21260	21618	22536	22014
0:05:30	30.0	13386	17425	17405	19852	21114	20043	22089	21869	21602	21762	22624	22194
0:05:35	30.0	13323	17530	17778	19891	21145	20072	22310	21980	21666	22016	22615	22268
0:05:40	30.0	13407	17475	17910	19959	21445	20189	22603	22170	21697	22141	22818	22419
0:05:45	30.0	13410	17362	17852	20326	21313	20483	22595	22341	21890	22317	23000	22540
0:05:50	30.0	13298	17422	17977	20327	21509	20624	22811	22322	22195	22693	23264	22643
0:05:55	30.0	13230	17387	17973	20448	21585	20773	22890	22551	22087	22512	23278	22820
0:06:00	30.0	13366	17296	18033	20582	21983	21106	23025	22637	22367	22765	23393	22829
0:06:05	30.0	13396	17367	17939	20816	21964	21106	23206	22711	22383	22707	23606	22994
0:06:10	30.0	13390	17430	18077	20802	22158	21303	23188	22809	22523	22908	23575	23058
0:06:15	30.0	13455	17311	18038	21026	22067	21604	23187	22977	22658	23297	23704	23299
0:06:20	30.0	13383	17307	18016	21195	22124	21415	23704	23061	22826	23204	23816	23401
0:06:25	30.0	13245	17487	18006	21006	22497	21595	23712	23363	23188	23276	24029	23357
0:06:30	30.0	13412	17286	18072	21305	22478	21902	23820	23311	23140	23431	24094	23657
0:06:35	30.0	13393	17359	18139	21311	22636	22014	23705	23301	23177	23575	24259	23734
0:06:40	30.0	13342	17437	17948	21514	22784	22336	24158	23603	23287	23572	24272	23857
0:06:45	30.0	13401	17435	17954	21530	22749	22386	24195	23550	23703	23679	24309	23742
0:06:50	30.1	13359	17442	18088	21609	22780	22612	24221	23688	23587	23843	24371	23911
0:06:55	30.0	13393	17333	17923	21569	22992	22380	24526	23790	23552	23819	24485	23962
0:07:00	30.0	13351	17366	18055	21688	22699	22725	24663	23772	23691	24073	24493	24204
0:07:05	30.0	13283	17360	17940	21716	23018	22706	24750	24088	23834	24279	24790	24111
0:07:10	30.0	13265	17287	18023	21688	22951	23007	24670	23993	23850	24209	24536	24225
0:07:15	30.0	13369	17281	17901	21645	22985	23066	24715	24227	24127	24164	24933	24346
0:07:20	30.0	13237	17210	18059	21707	23227	23234	24772	24350	24142	24367	24640	24416
0:07:25	30.0	13354	17404	17897	21891	23328	23382	24882	24258	24283	24589	24921	24456
0:07:30	30.0	13246	17219	18031	21838	23222	23403	24939	24387	24292	24319	25009	24502
0:07:35	30.0	13253	17310	18012	21993	23284	23513	24914	24502	24406	24624	25203	24549
0:07:40	30.0	13228	17332	18099	21885	23247	23618	25257	24622	24283	24557	25129	24680
0:07:45	30.0	13259	17201	18054	21938	23255	23590	25215	24701	24439	24654	25411	25029
0:07:50	30.0	13237	17345	18054	22041	23130	23765	25058	24563	24613	24771	25378	24907
0:07:55	30.0	13207	17188	18037	22003	23355	23746	25320	24709	24712	24889	25340	24836
0:08:00	30.0	13304	17293	17933	21787	23297	23990	25429	24750	24611	24867	25334	25050
0:08:05	30.0	13158	17155	17917	21888	23294	23933	25426	24882	24715	24904	25505	24959
0:08:10	30.0	13355	17210	17963	21920	23193	24052	25548	25032	24548	25056	25491	24988
0:08:15	30.0	13292	17149	17933	21777	23324	24438	25402	24910	24966	25030	25571	25230
0:08:20	30.0	13188	17152	17944	21830	23200	24265	25475	24961	24935	25019	25633	25252
0:08:25	30.0	13227	17154	17918	22090	23147	24346	25710	24868	24966	25018	25598	25285
0:08:30	30.0	13243	17320	17976	21810	23258	24309	25311	25086	25081	25376	25800	25085
0:08:35	30.0	13239	17317	17947	21740	23193	24430	25356	25070	25129	25279	25734	25345
0:08:40	30.0	13230	17067	17906	21976	23509	24641	25600	25094	25468	25125	25690	25204
0:08:45	30.0	13249	17226	17849	21826	23267	24697	25707	25135	25201	25307	25825	25161
0:08:50	30.0	13295	17132	17981	21731	23295	24842	25747	25416	25209	25352	25825	25410
0:08:55	30.0	13219	17159	17998	21827	23255	24783	25709	25060	25270	25222	26109	25265
0:09:00	30.0	13237	17078	17858	21906	23424	24668	25573	25472	25368	25472	25822	25327
0:09:05	30.0	13152	17209	17944	21833	23283	24770	25662	25142	25344	25376	25912	25566
0:09:10	30.0	13166	17236	17949	21832	23277	24867	25749	25358	25304	25275	25890	25738
0:09:15	30.0	13214	17076	17985	21669	23314	24821	25631	25137	25335	25595	25862	25822
0:09:20	30.0	13234	17189	17792	21742	23312	24785	25751	25339	25687	25421	25882	25337
0:09:25	30.0	13204	17206	17874	21922	23348	24694	25727	25450	25492	25484	26139	25522
0:09:30	30.0	13176	17190	17940	21831	23251	24949	25613	25084	25634	25701	26105	25559
0:09:35	30.0	13160	17167	17964	21816	23136	25040	25671	25342	25446	25515	25972	25786
0:09:40	30.0	13183	17055	17777	21767	23271	25040	25597	25048	25368	25740	26043	25632
0:09:45	30.0	13099	17157	17796	21722	23313	24998	25628	25271	25525	25685	26084	25603
0:09:50	30.0	13247	17067	18016	21582	23000	25161	25782	25446	25613	25654	26125	25704
0:09:55	30.0	13255	17203	17789	21770	23228	24866	25402	25343	25419	25577	26117	25654
0:10:00	30.0	13178	17088	17914	21681	23115	24920	25508	25256	25776	25656	26162	25779
0:10:05	30.0	13264	17052	17790	21732	22935	24984	25562	25218	25678	25741	26163	25811
0:10:10	30.0	13262	17236	17895	21765	23177	24857	25861	25246	25505	25584	26241	25776
0:10:15	30.0	13153	17112	17792	21903	23087	24813	25772	25516	25881	25573	26174	25835
0:10:20	30.0	13096	17155	17781	21665	23155	25056	25435	25048	25620	25863	26136	25758
0:10:25	30.0	13138	17109	17697	21642	22967	24957	25608	25076	25756	25730	26130	25735
0:10:30	30.0	13162	17108	17784	21677	23047	25136	25610	25258	25740	25785	26099	25922
0:10:35	30.0	13180	17133	17794	21601	23064	24916	25525	25138	25723	25937	26526	25957
0:10:40	30.0	13183	17084	17687	21554	23122	24953	25320	25106	25595	25850	26280	26006
0:10:45	30.0	13148	17065	17731	21772	23015	24860	25569	25294	25901	25784	26403	26022
0:10:50	30.0	13188	16928	17765	21646	22949	24859	25452	25256	25654	25880	26315	26139
0:10:55	30.0	13220	17011	17723	21646	23110	25067	25321	25314	25740	25962	26364	26104
0:11:00	30.0	13052	17088	17780	21534	23064	24832	25342	25213	25754	25716	26248	25879
0:11:05	30.0	13077	17040	17751	21445	23074	25055	25513	25147	25730	25978	26322	26009
0:11:10	30.0	13137	16878	17858	21710	22966	24966	25385	25325	25867	25791	26124	25863
0:11:15	30.0	13033	17094	17709	21741	23096	25035	25368	25261	25788	25935	26301	25982
0:11:20	30.0	13171	17039	17745	21531	23034	24874	25160	25273	25579	26010	26357	25786
0:11:25	30.0	13135	17048	17780	21457	22976	24865	25509	25075	25839	25694	26283	25784
0:11:30	30.0	13114	17032	17695	21690	23079	24935	25165	24987	25772	25801	26430	26067
0:11:35	30.0	13109	17076	17918	21540	23117	25002	25431	25142	25799	25811	26321	26252
0:11:40	30.0	13122	16916	17817	21631	22754	25005	25417	25091	25608	25857	26402	26054
0:11:45	30.0	13171	16927	17772	21501	22828	24864	25313	25252	25646	25934	26334	26052
0:11:50	30.0	13251	17067	17606	21611	22950	24724	25468	25177	25665	25809	26314	26114
0:11:55	30.0	13107	16956	17657	21540	22877	24829	25300	25025	25575	25828	26264	26127
0:12:00	30.0	13233	16937	17709	21708	22951	24926	25405	24882	25816	25943	26307	26076
0:12:05	30.0	13101	16999	17756	21682	23126	24904	25418	25035	25555	25819	26108	26259
0:12:10	30.0	13037	16916	17716	21391	22955	24742	25142	25306	25493	25721	26314	25968
0:12:15	30.0	13089	17087	17800	21690	22802	24747	25206	25211	25890	25733	26331	26180
0:12:20	30.0	13158	17002	17674	21762	22902	24963	25340	25135	25524	25923	26241	26197
0:12:25	30.0	13081	16872	17758	21655	22815	24905	25492	24948	25792	25869	26317	26160
0:12:30	30.0	13180	16861	17695	21514	23118	24755	25296	24979	25604	25764	26479	26115
0:12:35	30.0	12975	16897	17717	21585	23069	24841	25351	24970	25548	25640	26268	26300
0:12:40	30.0	12990	16820	17751	21582	22842	24761	25233	24787	25591	25659	26234	26111
0:12:45	30.0	13020	17056	17693	21555	23047	24771	25386	24937	25741	25626	26117	26205
0:12:50	30.0	13049	17147	17701	21532	22813	24701	25266	24978	25612	25619	26185	26032
0:12:55	30.0	13045	17039	17697	21453	22907	24868	25432	24749	25533	25751	26222	26041
0:13:00	30.0	13095	16886	17780	21571	22721	24623	25192	24901	25660	25859	26199	26102
0:13:05	30.0	13030	16948	17646	21482	22874	24822	25204	25017	25742	25837	26127	26117
0:13:10	30.0	13137	16794	17675	21547	22958	24393	25111	24833	25647	25729	26078	25959
0:13:15	30.0	13028	17058	17755	21489	22814	24829	25104	24887	25503	25675	26242	26102
0:13:20	30.0	13038	16911	17603	21263	22741	24716	25170	25160	25500	25604	26059	25933
0:13:25	30.0	13109	16884	17719	21533	22723	24661	25065	24924	25536	25638	26146	26149
0:13:30	30.0	13083	16941	17563	21632	22832	24806	25246	24899	25487	25730	26263	26107
0:13:35	30.0	13030	16725	17596	21383	22817	24688	25241	25090	25470	25740	26279	26217
0:13:40	30.0	13092	16881	17680	21478	22901	24859	25026	24895	25689	25813	26071	26183
0:13:45	30.0	12981	16773	17576	21257	22733	24671	25246	24847	25466	25434	26070	26040
0:13:50	30.0	13175	16917	17676	21421	22767	24622	25047	24976	25394	25754	26269	26087
0:13:55	30.0	13001	16966	17688	21522	22645	24419	25276	24854	25654	25684	26290	26206
0:14:00	30.0	13082	16843	17555	21603	22916	24624	25277	24803	25427	25757	26245	26107
0:14:05	30.0	13084	16911	17616	21330	22861	24705	25137	24878	25541	25612	26222	25992
0:14:10	30.0	13061	16943	17531	21528	22894	24538	25089	24953	25498	25649	26190	25846
0:14:15	30.0	13105	16801	17469	21345	22718	24656	25282	25020	25439	25689	25935	26053
0:14:20	30.0	13013	16957	17647	21411	22789	24829	25106	24886	25552	25681	26189	26052
0:14:25	30.0	12923	16860	17486	21326	22646	24419	24979	24939	25456	25446	26028	25944
0:14:30	30.0	13137	16811	17527	21372	22895	24595	25086	24852	25588	25657	25890	26082
0:14:35	30.0	12976	16897	17727	21545	22729	24674	25161	24821	25330	25708	25994	25878
0:14:40	30.0	12967	16856	17508	21410	22742	24730	25190	24974	25488	25578	25845	25969
0:14:45	30.0	13070	16884	17658	21429	22522	24787	25121	24595	25387	25490	25943	26011
0:14:50	30.0	12896	16848	17398	21354	22737	24554	25098	24801	25632	25430	26240	25979
0:14:55	30.0	13042	16993	17493	21327	22740	24508	25186	24627	25299	25462	26048	26217
0:15:00	30.0	13097	16851	17441	21260	22717	24612	25024	24821	25539	25508	26051	25906
0:15:05	30.0	13016	16955	17547	21439	22665	24616	25160	24658	25507	25535	25915	26105
0:15:10	30.0	12993	16827	17639	21338	22786	24365	25296	24831	25563	25479	26049	26045
0:15:15	30.0	12944	16762	17530	21186	22807	24539	25212	24714	25581	25407	26100	26084
0:15:20	30.0	12907	16836	17475	21372	22859	24537	24816	24766	25353	25436	26178	25723
0:15:25	30.0	12946	16937	17481	21315	22872	24694	24911	24733	25427	25623	26057	25895
0:15:30	30.0	13056	16816	17507	21432	22730	24676	25051	24631	25487	25490	25996	25838
0:15:35	30.0	13049	16859	17518	21436	22720	24437	24897	24657	25337	25436	25882	25706
0:15:40	30.0	12954	16768	17462	21366	22531	24610	25051	24790	25410	25508	25916	25991
0:15:45	30.0	12967	16979	17447	21257	22533	24467	25139	24755	25289	25505	26213	25798
0:15:50	30.0	13039	16836	17393	21237	22795	24683	25025	24846	25533	25616	26028	25911
0:15:55	30.0	12992	16706	17560	21354	22790	24405	24993	24882	25306	25433	26017	25881
0:16:00	30.0	13095	16836	17508	21435	22604	24493	24856	24612	25524	25480	25964	26158
0:16:05	30.0	12965	16727	17492	21324	22612	24451	25025	24778	25444	25404	26048	25923
0:16:10	30.0	13057	16817	17558	21249	22617	24361	24851	24927	25390	25167	25984	25820
0:16:15	30.0	12932	16790	17470	21222	22761	24629	24969	24711	25421	25055	25972	25713
0:16:20	30.0	12953	16992	17439	21429	22675	24459	24981	24853	25266	25381	26062	26044
0:16:25	30.0	12995	16761	17565	21164	22662	24484	24853	24745	25149	25379	25880	26045
0:16:30	30.0	12917	16654	17568	21244	22864	24459	25016	24771	25025	25465	25993	25851
0:16:35	30.0	12949	16863	17517	21430	22777	24504	25015	24753	25394	25498	25933	25776
0:16:40	30.0	12988	16920	17332	21337	22534	24633	25014	24660	25535	25321	25829	25903
0:16:45	30.0	12998	16698	17350	21341	22553	24302	25215	24571	25362	25566	26026	25785
0:16:50	30.0	13060	16745	17460	21324	22557	24565	24949	24529	25299	25419	25893	25853
0:16:55	30.0	12898	16741	17507	21407	22495	24579	25024	24521	25301	25387	26060	25781
0:17:00	30.0	12946	16898	17370	21330	22608	24459	24985	24766	25192	25265	25955	25916
0:17:05	30.0	12943	16805	17557	21406	22602	24411	24926	24618	25124	25302	25733	25906
0:17:10	30.0	12923	16747	17512	21293	22696	24455	25023	24609	24983	25312	25888	25654
0:17:15	30.0	13058	16639	17480	21215	22613	24508	24839	24677	25306	25161	25834	26065
0:17:20	30.0	12872	16662	17455	21364	22456	24529	25091	24619	25228	25336	25950	25859
0:17:25	30.0	12893	16635	17406	21112	22584	24416	24728	24679	25263	25448	25921	25921
0:17:30	30.0	13036	16912	17570	21299	22364	24361	24755	24634	25268	25194	25815	25857
0:17:35	30.0	12901	16851	17489	21132	22401	24423	24994	24810	25520	25430	25833	25863
0:17:40	30.0	12968	16702	17446	21220	22534	24575	24798	24697	25085	25263	25900	25798
0:17:45	30.0	12932	16745	17672	21129	22411	24377	25079	24687	25208	25477	25838	25670
0:17:50	30.0	13013	16856	17494	21248	22679	24405	25007	24858	25264	25357	25840	25801
0:17:55	30.0	12948	16823	17497	21218	22680	24316	24969	24600	25151	25164	25842	25564
0:18:00	30.0	12913	16770	17451	21419	22510	24579	24912	24775	25157	25326	26028	26036
0:18:05	30.0	12962	16754	17316	21379	22510	24463	25007	24547	25296	25327	25926	25630
0:18:10	30.0	13065	16656	17432	21291	22714	24418	24961	24640	25303	25245	25720	25703
0:18:15	30.0	12915	16610	17433	21258	22509	24426	24886	24853	25113	25304	25840	25689
0:18:20	30.0	12997	16811	17343	20994	22589	24463	24991	24650	25166	25397	25892	25831
0:18:25	30.0	12981	16721	17338	21095	22647	24386	24679	24636	25161	25434	25734	25566
0:18:30	30.0	13043	16645	17475	21186	22569	24451	24702	24598	25216	24908	25843	25649
0:18:35	30.0	12931	16602	17542	21044	22460	24430	24909	24555	25094	25310	25826	25908
0:18:40	30.0	12928	16674	17242	21335	22463	24379	24999	24622	25009	25167	25854	25596
0:18:45	30.0	12885	16718	17319	21055	22531	24416	24892	24602	25175	25385	25859	25758
0:18:50	30.0	12967	16874	17398	21290	22478	24298	24745	24406	25180	25278	25896	25513
0:18:55	30.0	12876	16716	17425	21471	22432	24459	24828	24628	25037	25226	25653	25543
0:19:00	30.0	12922	16714	17330	21155	22436	24308	24942	24617	25069	25315	25687	25593
0:19:05	30.0	13018	16795	17500	21155	22474	24184	24812	24492	25158	25230	25623	25771
0:19:10	30.0	13013	16608	17465	21191	22269	24358	24812	24670	25178	25214	25680	25635
0:19:15	30.0	12860	16718	17399	21178	22459	24597	24808	24534	25145	25183	25826	25596
0:19:20	30.0	12980	16658	17500	21289	22312	24591	24724	24467	25069	25207	25767	25671
0:19:25	30.0	12801	16751	17414	21065	22525	24379	24897	24405	25030	25288	25724	25628
0:19:30	30.0	12952	16743	17288	21024	22300	24486	24755	24720	25166	25304	25806	25698
0:19:35	30.0	12812	16668	17443	21161	22629	24153	24786	24609	25163	25114	25678	25755
0:19:40	30.0	12828	16680	17292	21096	22482	24422	24657	24532	25115	25103	25742	25756
0:19:45	30.0	12866	16699	17391	21181	22365	24565	24822	24545	25154	25350	25569	25904
0:19:50	30.0	12845	16665	17308	21127	22596	24251	24767	24559	24892	25423	25792	25601
0:19:55	30.0	12947	16738	17456	21307	22552	24197	24727	24530	25186	25176	25882	25812
0:20:00	30.0	12872	16690	17549	21004	22408	24327	24818	24748	25066	24849	25648	25560
0:20:05	30.0	13023	16466	17393	21217	22378	24255	24797	24496	25053	25213	25741	25526
0:20:10	30.0	12850	16764	17324	21133	22491	24309	24676	24297	25126	25182	25749	25692
0:20:15	30.0	12849	16681	17340	21063	22547	24474	25008	24498	25136	25092	25866	25676
0:20:20	30.0	12929	16627	17409	21201	22405	24305	24767	24655	25012	25181	25618	25819
0:20:25	30.0	12901	16728	17270	21069	22578	24191	24826	24414	24962	25274	25772	25721
0:20:30	30.0	12808	16631	17543	21147	22400	24289	24962	24560	25156	25114	25467	25580
0:20:35	30.0	12950	16684	17374	21166	22644	24243	24767	24527	25311	25167	25660	25723
0:20:40	30.0	13004	16718	17330	21069	22405	24395	24924	24382	25140	25153	25774	25605
0:20:45	30.0	12814	16523	17494	21178	22593	24232	24968	24523	24908	25108	25660	25508
0:20:50	30.0	12970	16663	17432	21255	22658	24236	24414	24329	25183	25086	25645	25838
0:20:55	30.0	12989	16555	17368	21087	22576	24342	24696	24428	25043	25049	25946	25718
0:21:00	30.0	12964	16726	17349	21110	22547	24220	24733	24433	25022	25153	25586	25750
0:21:05	30.0	12919	16710	17417	21081	22265	24282	25006	24510	24917	25278	25655	25754
0:21:10	30.0	12895	16433	17242	21189	22420	24102	24766	24495	25145	25084	25499	25536
0:21:15	30.0	12861	16605	17365	20960	22174	24433	24647	24426	25216	25369	25794	25661
0:21:20	30.0	12806	16706	17416	21162	22431	24283	24784	24397	25186	25174	25619	25668
0:21:25	30.0	12815	16546	17415	21069	22312	24185	24621	24536	24980	25030	25850	25540
0:21:30	30.0	12839	16694	17517	21091	22421	24181	24726	24354	25120	25082	25630	25780
0:21:35	30.0	12875	16691	17480	21020	22398	24270	24912	24368	24966	25060	25759	25599
0:21:40	30.0	12942	16609	17313	21190	22394	24108	24603	24476	24854	24997	25574	25360
0:21:45	30.0	12786	16559	17215	21183	22339	24317	24579	24649	25100	24987	25390	25576
0:21:50	30.0	12760	16685	17282	20995	22279	24191	24580	24491	24971	25006	25589	25581
0:21:55	30.0	12934	16579	17421	21256	22092	24240	24696	24399	25062	25151	25558	25799
0:22:00	30.0	12923	16674	17480	20989	22371	23982	24749	24503	25107	25137	25709	25769
0:22:05	30.0	12924	16762	17300	21060	22406	24181	24664	24458	24950	25148	25843	25620
0:22:10	30.0	12868	16576	17337	20989	22408	24214	24521	24590	25067	25237	25598	25695
0:22:15	30.0	12820	16519	17299	20990	22292	24138	24675	24427	24840	25032	25754	25724
0:22:20	30.0	12916	16600	17437	21078	22391	24170	24760	24346	25139	25032	25722	25535
0:22:25	30.0	12693	16652	17400	21022	22406	24006	24584	24430	25137	25073	25642	25691
0:22:30	30.0	12943	16689	17278	20871	22417	24139	24534	24233	24925	25083	25539	25700
0:22:35	30.0	12888	16588	17324	21264	22124	24163	24611	24307	25020	24984	25437	25504
0:22:40	30.0	12828	16585	17198	21058	22564	23932	24727	24429	25049	25072	25740	25573
0:22:45	30.0	12896	16549	17234	21124	22217	24222	24482	24246	24948	25070	25716	25539
0:22:50	30.0	12940	16691	17409	20963	22389	23984	24748	24600	25014	25027	25547	25593
0:22:55	30.0	12875	16722	17248	21038	22390	24109	24555	24418	24988	25123	25752	25619
0:23:00	30.0	12951	16697	17374	21025	22405	23963	24614	24511	25042	25025	25608	25580
0:23:05	30.0	12976	16618	17095	21115	22385	24064	24571	24230	24927	25008	25690	25356
0:23:10	30.0	12949	16671	17251	21016	22349	24197	24774	24416	24876	25213	25570	25464
0:23:15	30.0	12905	16544	17230	20887	22363	24185	24588	24420	24964	24938	25522	25583
0:23:20	30.0	12835	16532	17249	20976	22236	24254	24504	24389	24908	25047	25604	25326
0:23:25	30.0	12794	16609	17398	21021	22377	24171	24674	24268	24946	25199	25762	25615
0:23:30	30.0	12821	16759	17332	21077	22452	23980	24735	24338	24811	25010	25358	25485
0:23:35	30.0	12850	16602	17283	21029	22338	24436	24642	24501	25059	25118	25668	25458
0:23:40	30.0	12851	16553	17274	20948	22485	24282	24586	24410	24988	24912	25603	25450
0:23:45	30.0	12891	16530	17396	21013	22192	24197	24535	24310	24928	25133	25577	25762
0:23:50	30.0	12868	16495	17306	21166	22356	24140	24457	24275	24940	25076	25531	25378
0:23:55	30.0	12855	16580	17323	21105	22279	24223	24659	24333	24866	24977	25543	25338
0:24:00	30.0	12852	16639	17286	21087	22405	24068	24791	24439	24907	24976	25358	25326
0:24:05	30.0	12863	16678	17088	20964	22278	24229	24660	24313	24994	25036	25473	25718
0:24:10	30.0	12678	16566	17430	21038	22256	24167	24550	24424	24980	25131	25568	25453
0:24:15	30.0	12808	16638	17291	21026	22227	23892	24657	24351	24853	25162	25583	25510
0:24:20	30.0	12861	16661	17381	21123	22300	24099	24555	24459	24868	24997	25690	25664
0:24:25	30.0	12789	16554	17341	21269	22162	24022	24543	24336	24782	25074	25628	25464
0:24:30	30.0	12888	16619	17319	21111	22377	24077	24551	24364	24747	24928	25429	25604
0:24:35	30.0	12793	16514	17362	20978	22236	24156	24553	24556	25023	24976	25586	25583
0:24:40	30.0	12892	16648	17260	21108	22256	24111	24617	24179	24920	25062	25682	25526
0:24:45	30.0	12698	16647	17446	20932	22384	24232	24578	24335	25072	24920	25663	25537
0:24:50	30.0	12791	16584	17253	20908	22123	24009	24486	24300	24925	24997	25425	25526
0:24:55	30.0	12781	16606	17310	21086	22496	24107	24392	24415	24928	25080	25592	25507
0:25:00	30.0	12831	16573	17334	21112	22158	24186	24733	24278	24865	25009	25627	25323
0:25:05	30.0	12819	16635	17240	20956	22190	24201	24551	24363	24847	24910	25532	25538
0:25:10	30.0	12927	16490	17387	21054	22240	23985	24722	24368	24909	25085	25693	25429
0:25:15	30.0	12945	16605	17293	21002	22162	24142	24700	24243	24821	24941	25610	25482
0:25:20	30.0	12753	16538	17327	20802	22145	24139	24512	24374	24709	24925	25649	25350
0:25:25	30.0	12894	16575	17141	20916	22253	23961	24639	24415	24759	24997	25463	25436
0:25:30	30.0	12781	16575	17181	20926	22217	24245	24604	24446	25015	24808	25592	25545
0:25:35	30.0	12821	16448	17286	21010	22308	24082	24407	24126	24819	24839	25363	25405
0:25:40	30.0	12704	16555	17323	20989	22403	24017	24710	24428	24980	24916	25683	25395
0:25:45	30.0	12795	16744	17213	20984	22294	24255	24481	24242	25074	24888	25608	25352
0:25:50	30.0	12771	16728	17181	20964	22228	24166	24625	24151	24928	25049	25628	25435
0:25:55	30.0	12839	16586	17246	20990	22277	24148	24688	24422	24853	24886	25431	25627
0:26:00	30.0	12778	16587	17209	20982	22194	24238	24425	24391	24928	24872	25423	25443
0:26:05	30.0	12735	16488	17234	21001	22266	24069	24629	24237	24926	24797	25550	25450
0:26:10	30.0	12813	16595	17156	21035	22416	24065	24581	24230	24726	24910	25587	25365
0:26:15	30.0	12784	16542	17114	20896	22176	24066	24620	24177	24808	24938	25485	25537
0:26:20	30.0	12876	16626	17218	20868	22316	23985	24464	24454	24888	24794	25495	25348
0:26:25	30.0	12815	16568	17225	20819	22246	24003	24616	24230	24873	24999	25542	25425
0:26:30	30.0	12782	16561	17233	21025	22184	24109	24580	24335	24878	24827	25520	25444
0:26:35	30.0	12817	16485	17328	20819	22337	24078	24406	24179	24949	25079	25598	25335
0:26:40	30.0	12822	16488	17220	20733	22230	24002	24483	24180	24775	24991	25469	25283
0:26:45	30.0	12833	16458	17364	20992	22298	24177	24375	24151	24797	24878	25578	25478
0:26:50	30.0	12813	16556	17150	21084	22316	24023	24399	24155	25033	24841	25602	25429
0:26:55	30.0	12739	16497	17244	20968	22261	23832	24556	24356	24794	24947	25586	25538
0:27:00	30.0	12777	16474	17270	20764	22201	23971	24588	24284	24868	24851	25396	25489
0:27:05	30.0	12782	16595	17201	20810	22180	23968	24672	24220	24815	24934	25408	25290
0:27:10	30.0	12834	16590	17176	20796	22361	24052	24593	24202	24701	24870	25486	25507
0:27:15	30.0	12809	16531	17209	20754	22202	24032	24425	24190	24761	24645	25408	25335
0:27:20	30.0	12879	16681	17175	20987	22203	24091	24773	24046	24804	24813	25598	25517
0:27:25	30.0	12708	16626	17369	20906	22152	24065	24431	24326	24771	24961	25594	25346
0:27:30	30.0	12741	16664	17364	21200	22161	24078	24625	24278	24760	24903	25487	25479
0:27:35	30.0	12825	16521	17283	21057	22178	24175	24576	24197	24845	24890	25683	25321
0:27:40	30.0	12787	16505	17301	21007	22285	24140	24561	24249	24821	24885	25453	25445
0:27:45	30.0	12813	16472	17164	20775	22095	24027	24508	24251	24826	24842	25510	25443
0:27:50	30.0	12905	16465	17222	21079	22202	24098	24496	24358	24694	24881	25477	25229
0:27:55	30.0	12805	16509	17228	21063	22148	24241	24566	24235	24651	25117	25559	25322
0:28:00	30.0	12823	16470	17310	20931	22107	23961	24667	24269	24818	25050	25596	25174
0:28:05	30.0	12922	16569	17308	20898	21918	24093	24705	24182	24873	24856	25424	25371
0:28:10	30.0	12789	16470	17258	21044	21911	24061	24414	24245	24872	24941	25655	25413
0:28:15	30.0	12756	16614	17045	21006	22327	23696	24686	24077	24828	24754	25339	25436
0:28:20	30.0	12748	16472	17029	20961	22391	24021	24274	24367	24646	24880	25465	25432
0:28:25	30.0	12912	16732	17144	20783	22166	24200	24605	24232	24843	24799	25629	25332
0:28:30	30.0	12798	16573	17242	20896	22007	24021	24545	24321	24631	25160	25443	25545
0:28:35	30.0	12841	16633	17255	20881	21940	24048	24766	24342	24921	25115	25527	25156
0:28:40	30.0	12803	16389	17265	21097	22368	23945	24540	24273	24663	24853	25250	25357
0:28:45	30.0	12738	16460	17271	21041	22233	24140	24559	24067	24821	24895	25393	25432
0:28:50	30.0	12811	16503	17154	20822	22360	24070	24399	24159	24799	24659	25370	25379
0:28:55	30.0	12790	16600	17239	20972	22159	24013	24373	24298	24816	24892	25413	25440
0:29:00	30.0	12784	16657	17143	20913	22180	23918	24452	24175	24668	25078	25396	25475
0:29:05	30.0	12725	16591	17179	20958	22239	24167	24584	24312	24939	24811	25406	25507
0:29:10	30.0	12870	16536	17294	20912	22334	24109	24398	24190	24870	24831	25365	25613
0:29:15	30.0	12755	16448	17156	20848	22052	23975	24317	24144	24715	24773	25596	25264
0:29:20	30.0	12852	16656	17328	20878	22183	23934	24472	24199	24756	24876	25577	25539
0:29:25	30.0	12788	16702	17151	20975	22120	24090	24194	24237	24575	24712	25323	25483
0:29:30	30.0	12824	16663	17197	20897	22218	23905	24345	24033	24627	24748	25555	25275
0:29:35	30.0	12749	16565	17240	20890	22051	23981	24427	24156	24948	24708	25471	25396
0:29:40	30.0	12649	16436	17235	21032	22182	23986	24330	24126	24711	24742	25514	25330
0:29:45	30.0	12789	16520	17146	20963	22306	24102	24692	24275	24525	24811	25503	25377
0:29:50	30.0	12781	16582	17091	20911	22113	24213	24427	24186	24868	24888	25349	25443
0:29:55	30.0	12811	16393	17207	20880	22260	23954	24375	24337	24751	24885	25315	25547
0:30:00	30.0	12663	16558	17322	21029	22186	23921	24436	24227	24697	24952	25284	25315
0:30:05	30.0	12805	16654	17096	20947	22131	23907	24541	24203	24916	24950	25505	25276
0:30:10	30.0	12690	16465	17243	20912	22204	23820	24500	24228	24726	24780	25446	25358
0:30:15	30.0	12736	16470	17285	20911	22165	23951	24517	24362	24820	24901	25538	25583
0:30:20	30.0	12648	16535	17237	20939	22128	23965	24351	24039	24588	24784	25355	25359
0:30:25	30.0	12723	16480	17145	20820	22326	23970	24428	24383	24693	24704	25353	25336
0:30:30	30.0	12766	16502	17289	20921	22203	23899	24471	24028	24473	24889	25434	25342
0:30:35	30.0	12781	16544	17156	20902	22057	23833	24514	24142	24684	24994	25382	25448
0:30:40	30.0	12833	16519	17237	20994	22182	23956	24437	24257	24715	24802	25419	25461
0:30:45	30.0	12780	16408	17333	20906	22100	24239	24507	23970	24579	24650	25398	25405
0:30:50	30.0	12709	16533	17216	20870	22023	23813	24329	24233	24745	24869	25410	25407
0:30:55	30.0	12659	16486	17298	20759	22179	24065	24478	24305	24717	24868	25442	25365
0:31:00	30.0	12797	16529	17221	20922	22263	23953	24563	24165	24721	24837	25552	25342
0:31:05	30.0	12732	16436	17300	20842	22124	23935	24425	24210	24674	24635	25175	25234
0:31:10	30.0	12783	16468	17125	20689	22200	24004	24250	24040	24848	24994	25317	25414
0:31:15	30.0	12844	16512	17063	20768	22120	24073	24568	24095	24738	24886	25370	25011
0:31:20	30.0	12772	16481	17152	20829	22185	24008	24462	24292	24646	24754	25541	25224
0:31:25	30.0	12685	16419	17196	20802	22201	23837	24512	24308	24695	24702	25292	25214
0:31:30	30.0	12724	16373	17224	20968	22106	23990	24494	24049	24744	24856	25356	25231
0:31:35	30.0	12750	16403	17179	20762	22185	23956	24270	24294	24667	24804	25343	25408
0:31:40	30.0	12802	16348	17364	20795	22210	23803	24356	24334	24772	24759	25197	25072
0:31:45	30.0	12766	16574	17284	20843	22258	23777	24496	23998	24369	24662	25385	25248
0:31:50	30.0	12764	16545	17220	20933	22104	23853	24299	24191	24706	24727	25162	25292
0:31:55	30.0	12783	16483	17256	20876	22255	24018	24463	24110	24673	24859	25386	25309
0:32:00	30.0	12775	16399	17093	20798	22143	23841	24395	24131	24605	25115	25387	25249
0:32:05	30.0	12635	16568	17302	20791	22129	23816	24491	24131	24667	24775	25430	25205
0:32:10	30.0	12696	16361	17192	20956	22386	23975	24169	24196	24434	24740	25591	25301
0:32:15	30.0	12782	16466	17094	20931	22055	23937	24394	24000	24599	24574	25253	25273
0:32:20	30.0	12831	16405	17116	20861	22179	24048	24311	24198	24794	24820	25391	25321
0:32:25	30.0	12708	16373	17188	20740	22013	23836	24460	24189	24842	24881	25343	25378
0:32:30	30.0	12661	16392	17182	20909	22237	24052	24407	24341	24701	24791	25434	25483
0:32:35	30.0	12798	16407	17126	20780	22252	23992	24403	24135	24538	25066	25540	25258
0:32:40	30.0	12790	16589	17077	20564	21985	23769	24337	24170	24743	24868	25567	25278
0:32:45	30.0	12818	16452	17193	21012	22120	23773	24278	24178	24660	24613	25399	25296
0:32:50	30.0	12695	16531	17174	20734	22154	23948	24376	24025	24702	25044	25296	25415
0:32:55	30.0	12670	16445	17244	20791	22014	23972	24431	24093	24717	24914	25464	25141
0:33:00	30.0	12681	16434	17043	20792	22192	23756	24528	24214	24674	24699	25176	25335
0:33:05	30.0	12710	16481	17215	20783	22157	23805	24353	24108	24646	24662	25471	25252
0:33:10	30.0	12715	16383	17211	20655	21992	23836	24427	24151	24496	24678	25356	25351
0:33:15	30.1	12698	16451	17187	20775	22176	23926	24320	24097	24623	24852	25520	25407
0:33:20	30.0	12654	16302	17090	20854	22220	23946	24393	24181	24743	24756	25566	25223
0:33:25	30.1	12735	16318	17055	20972	22139	23882	24399	24092	24757	24610	25466	25382
0:33:30	30.1	12710	16476	17176	20750	22085	24000	24306	24322	24691	24740	25492	25178
0:33:35	30.1	12713	16386	17184	20882	22231	24024	24483	24193	24747	24830	25363	25450
0:33:40	30.0	12698	16584	17119	20824	21917	24210	24433	24052	24420	24817	25389	25015
0:33:45	30.0	12758	16427	17202	20709	22274	24075	24293	24110	24607	24872	25249	25319
0:33:50	30.1	12669	16536	17211	20836	22137	23891	24437	24019	24627	24776	25256	25384
0:33:55	30.1	12728	16345	17168	20805	22087	23868	24391	24224	24777	24730	25269	25456
0:34:00	30.1	12714	16505	17183	20895	22158	23710	24408	24111	24651	24654	25299	25379
0:34:05	30.1	12665	16405	17324	20994	21996	24006	24330	24137	24711	24481	25441	25321
0:34:10	30.1	12770	16444	16983	20932	22170	23880	24342	24163	24688	24894	25487	25287
0:34:15	30.1	12645	16441	17044	20694	22166	23789	24625	24092	24749	24859	25336	25322
0:34:20	30.1	12741	16393	17342	20596	22050	23983	24297	24063	24623	24606	25331	25201
0:34:25	30.1	12825	16427	17167	21073	22000	23769	24402	24203	24530	24772	25128	25327
0:34:30	30.1	12820	16365	17146	20976	21931	23962	24460	24014	24436	24713	25210	25280
0:34:35	30.0	12774	16348	17105	20842	22074	23811	24349	24209	24733	24723	25503	25214
0:34:40	30.1	12776	16336	17117	20804	22131	23959	24388	24167	24777	24590	25439	25248
0:34:45	30.1	12765	16313	17195	20910	22116	23917	24492	24144	24646	24761	25356	25348
0:34:50	30.1	12716	16362	17095	20973	22144	23942	24390	23965	24602	24792	25209	25204
0:34:55	30.0	12724	16361	17236	20807	22096	23868	24466	24072	24679	24720	25325	25271
0:35:00	30.1	12819	16531	16907	20856	21791	23910	24496	24054	24865	24997	25202	25230
0:35:05	30.1	12668	16557	17211	20931	22203	23821	24208	23872	24845	24761	25363	25188
0:35:10	30.1	12637	16544	17127	20748	22135	23947	24273	23976	24702	24670	25296	25226
0:35:15	30.1	12586	16405	17114	20825	22156	23951	24429	24139	24574	24734	25498	25151
0:35:20	30.1	12751	16444	17324	20762	21904	23860	24538	24028	24688	24687	25271	25403
0:35:25	30.0	12769	16411	17120	20629	22147	23973	24357	24044	24523	24839	25399	25303
0:35:30	30.1	12768	16353	16973	20922	22095	23911	24296	23996	24449	24582	25414	25261
0:35:35	30.1	12776	16409	17216	20658	22078	24096	24350	24187	24573	24804	25285	25219
0:35:40	30.1	12638	16362	17179	20694	22131	23902	24359	24089	24734	24714	25033	25129
0:35:45	30.1	12780	16393	17108	20724	22171	23949	24357	24115	24621	24741	25469	25351
0:35:50	30.1	12633	16363	17139	20822	22109	23949	24410	24034	24701	24652	25240	25298
0:35:55	30.1	12716	16464	17078	20882	21995	23858	24399	24077	24585	24476	25397	25196
0:36:00	30.1	12699	16494	17131	20809	22053	23997	24401	24290	24741	24537	25452	25301
0:36:05	30.1	12738	16442	17133	20737	22207	23823	24437	24034	24617	24600	25199	25422
0:36:10	30.1	12614	16239	17125	20811	22120	23769	24373	24050	24702	24783	25328	25168
0:36:15	30.1	12799	16462	17191	20664	22161	23816	24237	24128	24506	24626	25181	25133
0:36:20	30.0	12709	16422	17329	20991	22003	23742	24362	24146	24666	24771	25137	25160
0:36:25	30.0	12736	16412	17043	20753	21949	23720	24504	24024	24473	24824	25300	25199
0:36:30	30.1	12685	16408	17108	20821	22034	23839	24251	24147	24577	24763	25256	25054
0:36:35	30.1	12706	16369	17203	20700	22016	23869	24312	23912	24483	24619	25458	25179
0:36:40	30.1	12761	16426	17144	20853	22044	23876	24353	24021	24528	24865	25273	25301
0:36:45	30.1	12765	16433	17223	20754	22138	23898	24291	24205	24808	24626	25365	25183
0:36:50	30.1	12754	16442	17048	20894	22150	23810	24397	24004	24748	24591	25168	25246
0:36:55	30.1	12706	16398	16962	20749	22150	23848	24301	24051	24685	24487	25189	25224
0:37:00	30.1	12685	16527	17101	20760	21945	23865	24349	24133	24686	24856	25462	24995
0:37:05	30.1	12778	16332	17044	20774	21980	23766	24245	24073	24610	24549	25245	25289
0:37:10	30.0	12604	16515	17020	20775	22020	23845	24296	24072	24687	24661	25195	25477
0:37:15	30.1	12669	16321	17110	20668	22041	23771	24505	23962	24471	24622	25336	25272
0:37:20	30.1	12659	16389	17109	20753	22131	23893	24258	24102	24599	24520	25267	25207
0:37:25	30.1	12637	16403	16967	20742	21989	23711	24140	24007	24395	24594	25344	25056
0:37:30	30.1	12798	16429	17080	20704	22097	23800	24472	24033	24428	24599	25251	25202
0:37:35	30.1	12714	16370	17059	20782	22002	23723	24284	23889	24720	24678	25411	24867
0:37:40	30.0	12690	16459	17093	20767	21944	23930	24096	23996	24332	24549	25226	25426
0:37:45	30.1	12702	16356	17168	20804	22038	24024	24391	24071	24485	24680	25358	25279
0:37:50	30.1	12708	16418	17013	20710	22138	23663	24452	24095	24707	24621	25379	25179
0:37:55	30.1	12707	16394	16969	20873	21915	23562	24426	24074	24288	24541	25136	25005
0:38:00	30.1	12748	16470	17166	20619	22006	23910	24388	23773	24745	24320	25147	25010
0:38:05	30.1	12712	16335	17050	20754	22089	24024	24342	24047	24595	24841	25354	25394
0:38:10	30.1	12662	16364	17120	20675	21844	23968	24327	23891	24534	24796	25351	25334
0:38:15	30.1	12709	16389	17163	20730	22071	24006	24354	24090	24561	24805	25301	25198
0:38:20	30.1	12669	16461	17139	20640	22169	23792	24353	23877	24635	24743	25264	25195
0:38:25	30.1	12677	16633	17074	20826	22098	23846	24322	24163	24527	24577	25343	25264
0:38:30	30.1	12660	16362	17033	20814	21880	23986	24274	24161	24621	24823	25232	25207
0:38:35	30.1	12565	16389	17044	20806	22099	23725	24451	24146	24622	24546	25216	25223
0:38:40	30.1	12717	16422	17077	20789	21989	24009	24388	24068	24532	24667	25335	25170
0:38:45	30.1	12796	16550	16855	20839	22027	23928	24503	24022	24589	24695	25267	25273
0:38:50	30.1	12610	16465	17140	20895	22080	23843	24383	24152	24675	24808	25054	25067
0:38:55	30.1	12622	16352	16999	20749	22184	23993	24285	24181	24539	24701	25087	25303
0:39:00	30.1	12546	16399	17067	20845	22141	23863	24279	23987	24491	24748	25265	25040
0:39:05	30.1	12656	16353	17078	20727	22015	23806	24192	24060	24604	24493	25275	25019
0:39:10	30.1	12648	16407	17015	20771	22041	23811	24184	23776	24776	24629	25299	25102
0:39:15	30.1	12705	16380	17098	20800	21842	23750	24368	23852	24726	24593	25380	25442
0:39:20	30.1	12645	16432	17069	20775	22043	23898	24250	24009	24623	24607	25280	25308
0:39:25	30.1	12695	16369	17131	20671	22073	23684	24319	24173	24672	24551	25493	25398
0:39:30	30.1	12657	16382	17161	20689	21878	23883	24280	24082	24558	24629	24922	25127
0:39:35	30.1	12666	16306	16902	20674	22188	23801	24176	23955	24322	24447	25328	25326
0:39:40	30.1	12630	16487	17020	20938	22090	23912	24170	24076	24509	24430	25300	25218
0:39:45	30.1	12589	16277	17140	20724	21886	23722	24322	23934	24542	24528	25245	25449
0:39:50	30.1	12731	16413	17134	20748	22104	23806	24307	24105	24609	24441	25174	25236
0:39:55	30.1	12628	16294	17106	20804	21938	23634	24390	24081	24520	24569	25215	25248
0:40:00	30.1	12590	16381	17190	20809	22008	23916	24281	23900	24631	24510	25329	25195
0:40:05	30.1	12571	16400	17102	20827	21816	23993	24359	24113	24459	24559	25326	25198
0:40:10	30.1	12729	16349	17165	20728	22047	23880	24247	24045	24366	24794	25157	25113
0:40:15	30.1	12703	16387	17006	20741	22005	24096	24334	24134	24413	24655	25239	25083
0:40:20	30.1	12616	16291	17010	20710	21881	23885	24255	24028	24463	24634	25172	25077
0:40:25	30.1	12694	16406	17184	20812	22068	23761	24237	24110	24588	24508	25233	25266
0:40:30	30.1	12636	16422	17128	20617	21944	23717	24205	24181	24623	24699	25014	25019
0:40:35	30.1	12752	16368	17112	20841	22063	23816	24216	23998	24436	24420	25211	25106
0:40:40	30.1	12660	16471	16956	20888	21892	23759	24210	23849	24482	24597	25289	24966
0:40:45	30.1	12611	16296	17037	20796	22047	23686	24218	23824	24485	24652	25470	25096
0:40:50	30.1	12694	16325	17074	20536	21978	23773	24346	23902	24566	24745	25257	25202
0:40:55	30.1	12645	16487	17011	20817	22043	23706	24115	24070	24487	24415	25041	25221
0:41:00	30.1	12700	16315	17069	20670	21867	23595	24258	23990	24547	24566	25233	25067
0:41:05	30.1	12573	16351	17059	20591	22037	23722	24272	23866	24385	24716	25315	25182
0:41:10	30.1	12732	16305	17033	20800	21861	23839	24217	23891	24547	24470	25044	25266
0:41:15	30.1	12660	16285	17035	20571	22030	23674	24283	23854	24520	24640	25178	24951
0:41:20	30.1	12707	16388	16864	20904	22111	23894	24074	23887	24552	24282	25171	25093
0:41:25	30.1	12738	16307	16950	20631	22072	23778	23980	23849	24505	24434	24949	25088
0:41:30	30.1	12660	16388	17021	20828	22017	23956	23924	23884	24536	24580	25091	25112
0:41:35	30.1	12691	16310	17040	20728	22068	23710	24074	23958	24480	24516	25171	25216
0:41:40	30.1	12662	16435	17062	20731	21948	23638	24100	24067	24456	24559	25112	25164
0:41:45	30.1	12643	16380	17056	20838	22133	23937	24197	23900	24575	24644	25163	25218
0:41:50	30.1	12604	16291	16940	20675	21961	23734	24326	24114	24335	24476	25211	24854
0:41:55	30.1	12529	16222	17117	20646	21945	23820	24137	23865	24460	24466	25092	25251
0:42:00	30.1	12744	16264	16963	20709	22042	23828	24274	23880	24462	24354	25221	24915
0:42:05	30.1	12696	16259	17148	20546	21847	23704	24167	23775	24723	24422	25198	25041
0:42:10	30.1	12566	16291	16931	20641	21912	23754	24101	24019	24476	24607	25136	25168
0:42:15	30.1	12672	16295	17093	20677	21935	23740	24244	23906	24416	24516	25136	25034
0:42:20	30.1	12629	16380	17082	20531	21824	23786	23994	24008	24428	24544	25111	25142
0:42:25	30.1	12537	16379	17055	20593	21736	23417	24251	23971	24449	24693	25276	25218
0:42:30	30.1	12685	16299	17019	20647	21915	23862	24353	24088	24573	24548	25121	24975
0:42:35	30.1	12608	16179	16899	20599	22116	23592	24152	23818	24757	24551	25199	24908
0:42:40	30.1	12526	16323	17049	20582	21831	23668	24089	23874	24488	24588	25012	25075
0:42:45	30.1	12614	16368	16963	20818	21834	23910	24067	23976	24368	24463	25144	24927
0:42:50	30.1	12660	16294	17047	20663	21928	23667	23960	23764	24365	24536	25074	25043
0:42:55	30.1	12605	16250	17078	20699	21860	23499	24196	23985	24552	24763	25032	24951
0:43:00	30.1	12612	16163	17017	20539	21851	23564	24241	23792	24416	24335	25225	24970
0:43:05	30.1	12608	16240	17028	20562	21935	23512	24210	23980	24594	24505	25033	24865
0:43:10	30.1	12518	16216	16951	20714	21924	23850	24153	23906	24373	24309	25126	25046
0:43:15	30.1	12424	16257	17096	20785	21744	23710	24118	24170	24462	24407	25144	24830
0:43:20	30.1	12594	16272	16812	20578	22029	23715	24079	23842	24419	24620	25116	25015
0:43:25	30.1	12636	16244	17022	20521	21933	23433	23995	23865	24506	24646	25042	25141
0:43:30	30.1	12534	16395	17003	20673	21892	23769	24257	23916	24527	24545	25255	25002
0:43:35	30.1	12632	16363	16967	20722	21899	23710	24079	23823	24541	24543	25084	24982
0:43:40	30.1	12531	16373	16839	20643	21793	23515	24002	24007	24488	24719	25332	24914
0:43:45	30.1	12573	16353	16825	20459	21937	23716	24216	23905	24635	24661	25290	25056
0:43:50	30.1	12624	16412	16999	20801	21767	23693	24018	23974	24504	24459	25279	25226
0:43:55	30.1	12610	16228	17043	20672	21864	23695	24145	23984	24552	24480	25206	25044
0:44:00	30.1	12615	16326	16996	20707	21918	23575	24326	23947	24454	24277	25136	25104
0:44:05	30.1	12619	16152	16913	20522	21768	23491	24129	23755	24562	24205	25132	24820
0:44:10	30.1	12598	16241	16766	20733	21896	23695	24204	23908	24368	24402	24972	25198
0:44:15	30.1	12640	16382	17024	20521	22118	23749	24178	24040	24469	24307	25166	24853
0:44:20	30.1	12531	16183	16975	20518	21969	23703	24070	24032	24330	24401	25203	24993
0:44:25	30.1	12667	16384	16957	20702	21915	23691	24080	23781	24332	24535	25048	24968
0:44:30	30.1	12602	16294	16840	20752	21830	23592	24370	23960	24544	24371	24967	25050
0:44:35	30.1	12426	16255	16977	20560	21992	23849	24173	24014	24470	24561	25083	25160
0:44:40	30.1	12593	16265	16948	20668	22028	23500	24164	23974	24526	24195	24973	24697
0:44:45	30.1	12589	16374	17028	20453	21814	23593	24130	23840	24567	24293	25099	25163
0:44:50	30.1	12618	16252	17026	20666	21849	23777	24124	24025	24624	24645	25140	25134
0:44:55	30.1	12584	16345	16964	20739	21962	23832	24058	24026	24428	24578	25202	25026
0:45:00	30.1	12589	16197	16780	20602	21935	23717	24083	23897	24439	24459	25082	25060
0:45:05	30.1	12552	16098	16950	20472	21979	23656	23867	23930	24440	24457	25102	24899
0:45:10	30.1	12521	16363	16976	20493	21696	23568	24411	23815	24401	24400	24874	25096
0:45:15	30.1	12657	16248	16911	20601	21965	23701	24215	23995	24352	24326	25068	24852
0:45:20	30.1	12610	16209	16832	20711	21830	23557	24090	23898	24479	24483	25138	24859
0:45:25	30.1	12628	16261	16980	20703	21846	23802	24244	23904	24294	24461	25217	25303
0:45:30	30.1	12625	16302	16847	20566	21899	23665	24172	23822	24145	24369	25089	24953
0:45:35	30.1	12600	16244	16956	20439	21761	23652	24321	24027	24537	24442	24906	25041
0:45:40	30.1	12614	16373	16883	20603	21864	23649	24227	23849	24480	24279	24969	25108
0:45:45	30.1	12589	16235	16811	20592	21772	23787	24207	24067	24307	24493	24934	25072
0:45:50	30.1	12518	16295	16821	20721	21838	23694	24098	23642	24354	24401	24823	25055
0:45:55	30.1	12540	16333	16920	20532	21766	23412	24025	24017	24418	24423	24969	24862
0:46:00	30.1	12673	16259	16889	20479	21851	23784	24234	23776	24478	24261	25025	25066
0:46:05	30.1	12567	16204	16808	20493	21655	23786	24140	23984	24398	24434	25041	24978
0:46:10	30.1	12501	16223	16999	20812	22003	23623	24085	23961	24144	24292	25008	25029
0:46:15	30.1	12570	16205	16812	20551	21758	23710	24024	23817	24367	24473	24966	24911
0:46:20	30.1	12532	16343	16960	20438	21803	23694	24052	24181	24391	24398	25143	24939
0:46:25	30.1	12573	16195	16985	20567	21840	23648	24192	23924	24455	24382	25137	25129
0:46:30	30.1	12632	16149	16912	20559	21938	23442	24066	23815	24395	24437	25039	24706
0:46:35	30.1	12612	16250	16826	20536	21705	23554	23980	23819	24432	24620	24900	25078
0:46:40	30.1	12518	16343	16961	20620	21962	23536	24078	23794	24356	24206	25139	24986
0:46:45	30.1	12600	16304	16867	20486	21685	23707	23958	23907	24516	24531	25042	24870
0:46:50	30.1	12531	16360	17119	20567	21851	23534	24208	23930	24411	24533	24891	25039
0:46:55	30.1	12617	16189	16835	20698	21961	23527	24146	23965	24373	24357	25196	25093
0:47:00	30.1	12563	16222	16878	20562	21849	23533	24064	23856	24468	24416	25097	24848
0:47:05	30.1	12481	16163	16939	20681	21813	23778	24111	23681	24426	24419	25154	24989
0:47:10	30.1	12565	16364	16977	20687	21813	23566	24234	23954	24333	24527	25048	25011
0:47:15	30.1	12564	16223	16994	20553	21867	23724	24126	23889	24316	24247	25067	24800
0:47:20	30.1	12673	16210	16941	20675	21776	23551	24171	23973	24373	24432	25073	24928
0:47:25	30.1	12584	16318	16918	20458	21800	23687	24190	23945	24517	24266	25016	24876
0:47:30	30.1	12649	16333	16878	20582	22053	23608	23989	23812	24415	24440	24912	24904
0:47:35	30.1	12549	16343	16976	20693	21955	23681	24059	23942	24467	24486	25122	24912
0:47:40	30.1	12546	16171	16923	20542	21757	23538	24190	23855	24306	24364	24924	24737
0:47:45	30.1	12552	16191	17016	20566	21915	23611	24179	23788	24225	24311	24996	25162
0:47:50	30.1	12529	16271	16925	20473	21886	23532	24103	23863	24751	24549	24903	24949
0:47:55	30.1	12511	16258	16790	20548	21927	23535	24140	23899	24309	24359	25110	24990
0:48:00	30.1	12547	16102	16967	20485	21817	23565	24149	23962	24463	24285	24932	24995
0:48:05	30.1	12464	16266	16817	20553	21811	23850	23989	23872	24372	24368	25088	24857
0:48:10	30.1	12492	16189	16831	20634	21781	23511	24234	23917	24362	24240	24914	24978
0:48:15	30.1	12572	16245	16962	20583	21991	23636	24345	23860	24191	24526	25161	24746
0:48:20	30.1	12653	16267	16838	20610	21731	23533	23992	23836	24396	24398	25104	24913
0:48:25	30.1	12618	16288	16971	20596	21788	23565	24318	23872	24466	24403	25175	25007
0:48:30	30.1	12475	16217	16899	20594	21964	23551	23925	23843	24515	24485	24835	24889
0:48:35	30.1	12614	16138	16885	20773	21738	23509	24150	23859	24459	24337	25079	25019
0:48:40	30.1	12400	16188	16996	20508	21756	23455	23926	23803	24284	24302	25080	24894
0:48:45	30.1	12564	16185	17108	20682	21846	23527	24083	23785	24556	24449	25036	24898
0:48:50	30.1	12557	16314	16805	20608	21679	23658	24058	23800	24440	24370	24998	24987
0:48:55	30.1	12473	16109	17043	20813	21792	23649	23979	23645	24409	24337	25017	24984
0:49:00	30.1	12573	16163	16873	20682	21650	23714	24040	23865	24458	24367	25025	24927
0:49:05	30.1	12432	16168	16954	20500	21912	23690	24315	23847	24242	24446	24904	25050
0:49:10	30.1	12496	16257	16772	20683	21785	23597	24134	23753	24337	24383	24883	25162
0:49:15	30.1	12593	16242	16856	20732	21724	23624	24225	23683	24261	24371	25063	25177
0:49:20	30.1	12581	16299	16946	20536	21879	23421	23959	23868	24449	24444	24970	24862
0:49:25	30.1	12493	16366	16929	20538	21691	23567	24070	23765	24252	24537	24935	25270
0:49:30	30.1	12499	16417	16916	20605	21921	23819	24056	23747	24245	24602	24913	25069
0:49:35	30.1	12457	16169	16954	20653	21737	23443	24177	23964	24439	24492	25042	25065
0:49:40	30.1	12459	16253	16837	20558	21836	23603	23914	23735	24586	24313	25119	24729
0:49:45	30.1	12495	16197	16671	20543	21690	23304	24112	23809	24578	24401	25006	24893
0:49:50	30.1	12578	16207	16903	20448	21827	23801	24168	23743	24398	24251	25005	25044
0:49:55	30.1	12657	16079	16910	20650	21783	23520	24081	23805	24088	24610	25093	24945
0:50:00	30.1	12655	16396	16824	20665	21827	23675	24069	23734	24373	24302	24975	24869
0:50:05	30.1	12512	16325	16904	20546	21746	23504	23998	23652	24212	24478	25101	25126
0:50:10	30.1	12647	16353	17051	20449	21645	23642	24017	23867	24533	24465	25084	24921
0:50:15	30.1	12567	16256	16715	20716	21908	23443	23903	23759	24226	24423	24978	25105
0:50:20	30.1	12607	16291	16836	20387	21852	23697	24202	23827	24311	24647	24850	24944
0:50:25	30.1	12561	16180	16889	20600	21617	23747	24008	23696	24407	24517	25226	25040
0:50:30	30.1	12699	16214	16804	20557	22001	23711	24135	23840	24455	24460	25092	24893
0:50:35	30.1	12509	16145	17036	20495	21798	23727	24067	23746	24378	24358	24748	24897
0:50:40	30.1	12546	16280	16903	20528	21694	23849	24067	23706	24256	24270	25232	24712
0:50:45	30.1	12485	16306	16749	20281	21930	23590	24021	23848	24260	24605	25102	25000
0:50:50	30.1	12550	16392	16859	20491	21754	23423	24075	23920	24528	24339	25038	25040
0:50:55	30.1	12488	16195	16823	20504	21905	23745	24348	23962	24348	24228	24979	24941
0:51:00	30.1	12455	16305	16873	20564	21719	23671	24149	23774	24307	24531	25058	24985
0:51:05	30.1	12498	16237	16779	20642	21825	23486	23875	23951	24190	24441	25238	25216
0:51:10	30.1	12568	16244	16985	20461	21732	23694	23982	23753	24381	24346	24892	24910
0:51:15	30.1	12400	16251	16856	20656	21816	23566	24167	23827	24162	24594	24992	24989

Results
	1	2	3	4	5	6	7	8	9	10	11	12
A													Max V [425,457]
													R-Squared [425,457]
													t at Max V [425,457]
													Lagtime [425,457]
B													Max V [425,457]
													R-Squared [425,457]
													t at Max V [425,457]
													Lagtime [425,457]
C	3432000.000	4524000.000	4476000.000	5724000.000	5640000.000	5964000.000	-6648000.000	5844000.000	6312000.000	-6312000.000	-6852000.000	6708000.000	Max V [425,457]
	1.000	1.000	1.000	1.000	1.000	1.000	1.000	1.000	1.000	1.000	1.000	1.000	R-Squared [425,457]
	0:03:18	0:02:13	0:05:33	0:34:23	0:05:23	0:49:48	0:20:48	0:01:18	0:47:48	0:18:28	0:39:28	0:37:38	t at Max V [425,457]
	0:01:35	0:00:56	0:03:13	0:31:51	0:02:49	0:46:55	0:23:31	0:00:32	0:44:59	0:21:21	0:42:05	0:34:58	Lagtime [425,457]
D													Max V [425,457]
													R-Squared [425,457]
													t at Max V [425,457]
													Lagtime [425,457]
E													Max V [425,457]
													R-Squared [425,457]
													t at Max V [425,457]
													Lagtime [425,457]
F													Max V [425,457]
													R-Squared [425,457]
													t at Max V [425,457]
													Lagtime [425,457]
G													Max V [425,457]
													R-Squared [425,457]
													t at Max V [425,457]
													Lagtime [425,457]
H													Max V [425,457]
													R-Squared [425,457]
													t at Max V [425,457]
													Lagtime [425,457]


