

Software Version	3.03.14



Experiment File Path:	C:\Users\Public\Documents\Experiments\Tina\20181108_GAP_sensor_assay.xpt
Protocol File Path:	C:\Users\Public\Documents\Protocols\Tina\GAP_sensor_assay.prt



Plate Number	Plate 1
Date	11/8/2018
Time	12:02:33 PM
Reader Type:	Synergy H1
Reader Serial Number:	1803011C
Reading Type	Reader

Procedure Details

Plate Type	Costar 96 well half area
Start Kinetic	Runtime 1:23:00 (HH:MM:SS), Interval 0:00:05, 997 Reads
    Read	Fluorescence Endpoint
	E1..E12
	Filter Set 1
	    Excitation: 425,  Emission: 457
	    Optics: Bottom,  Gain: 59
	Light Source: Xenon Flash,  Lamp Energy: High
	Read Speed: Normal,  Delay: 0 msec,  Measurements/Data Point: 5
	Read Height: 7 mm
End Kinetic	

Layout
	1	2	3	4	5	6	7	8	9	10	11	12
A													Well ID
B													Well ID
C													Well ID
D													Well ID
E	SPL7	SPL8	SPL9	SPL10	SPL11	SPL12	SPL13	SPL14	SPL15	SPL16	SPL17	SPL18	Well ID
F													Well ID
G													Well ID
H													Well ID

425,457

Time	T° 425,457	E1	E2	E3	E4	E5	E6	E7	E8	E9	E10	E11	E12
0:00:00	29.6	6503	6786	6896	7465	8425	8405	9146	9186	9738	10357	10685	11312
0:00:05	29.5	6738	7008	7202	7744	8741	8765	9533	9706	9954	10562	11016	11798
0:00:10	29.5	6886	7269	7553	8009	9071	9114	9799	10126	10300	11050	11289	12025
0:00:15	29.5	7023	7509	7806	8283	9393	9395	10164	10287	10670	11146	11412	12356
0:00:20	29.4	7290	7772	8073	8516	9642	9670	10282	10613	10819	11375	11606	12751
0:00:25	29.4	7443	7966	8349	8855	10045	10043	10637	11043	11211	11655	11832	13027
0:00:30	29.4	7498	8247	8624	9129	10281	10337	10894	11159	11397	11961	11920	13350
0:00:35	29.4	7573	8438	8875	9319	10612	10624	11176	11476	11670	12080	12233	13527
0:00:40	29.3	7703	8723	9074	9539	10905	10767	11297	11691	11914	12404	12464	13709
0:00:45	29.3	7742	8946	9348	9861	11135	11158	11701	11946	12270	12554	12790	14109
0:00:50	29.3	7909	9180	9578	10215	11434	11508	11909	12226	12503	12791	13083	14400
0:00:55	29.3	7955	9370	9935	10399	11788	11843	12165	12467	12713	13219	13303	14628
0:01:00	29.2	8021	9599	10128	10631	12008	12042	12434	12623	13009	13335	13583	15025
0:01:05	29.2	8048	9786	10440	11036	12414	12459	12649	12938	13155	13759	13850	15353
0:01:10	29.2	8142	10049	10710	11302	12708	12635	12943	13205	13439	13907	14107	15577
0:01:15	29.2	8109	10138	10881	11489	12903	12989	13350	13506	13649	14167	14378	15989
0:01:20	29.1	8101	10286	11319	11818	13195	13424	13620	13660	13988	14615	14782	16425
0:01:25	29.1	8166	10473	11387	12183	13476	13638	13954	13980	14107	14899	15073	16739
0:01:30	29.1	8211	10584	11745	12491	13779	13864	14164	14279	14446	15213	15672	17141
0:01:35	29.1	8146	10815	12021	12723	14110	14233	14352	14588	14681	15586	15976	17401
0:01:40	29.1	8259	10803	12164	12985	14318	14556	14748	14839	15007	15913	16201	17645
0:01:45	29.0	8208	10919	12459	13236	14848	14869	14933	15204	15185	16286	16493	17976
0:01:50	29.0	8228	11050	12633	13635	15062	15241	15262	15441	15578	16681	16841	18446
0:01:55	29.0	8218	11100	12818	13760	15359	15512	15503	15792	15680	16929	17325	18553
0:02:00	29.0	8213	11100	12979	14227	15569	15884	15887	16124	16036	17345	17646	18922
0:02:05	29.0	8152	11210	13217	14382	16017	16148	16128	16467	16125	17831	17930	19362
0:02:10	28.9	8165	11274	13495	14711	16242	16428	16344	16613	16309	17892	18158	19604
0:02:15	28.9	8207	11351	13623	15044	16342	16814	16599	16900	16767	18322	18337	20096
0:02:20	28.9	8266	11370	13785	15144	16840	16988	17107	17229	17010	18598	18673	20171
0:02:25	28.9	8206	11410	13912	15457	17044	17488	17284	17589	17127	18915	19029	20608
0:02:30	28.9	8295	11248	14030	15676	17425	17633	17574	17839	17516	19366	19464	20935
0:02:35	28.8	8253	11505	14140	16030	17506	17952	17910	18240	17642	19632	19631	21507
0:02:40	28.8	8284	11386	14235	16205	17952	18465	18165	18461	17914	20032	20056	21815
0:02:45	28.8	8286	11454	14502	16448	18333	18758	18493	18643	18074	20362	20259	21922
0:02:50	28.8	8218	11428	14536	16688	18409	18836	18617	18978	18327	20502	20557	22382
0:02:55	28.8	8209	11428	14624	17048	18677	19334	19014	19538	18633	20970	20787	22647
0:03:00	28.7	8212	11411	14654	16958	18763	19632	19520	19599	19121	21543	21048	23136
0:03:05	28.7	8227	11324	14752	17344	19184	19858	19564	20028	19202	21492	21525	23326
0:03:10	28.7	8200	11383	14827	17554	19407	20196	19970	20302	19363	21850	21562	23598
0:03:15	28.7	8186	11501	14901	17729	19615	20542	20248	20769	19773	22228	22007	23988
0:03:20	28.7	8219	11472	14964	17813	19892	20605	20353	20809	20133	22530	22152	24482
0:03:25	28.6	8242	11438	15102	17839	20216	21057	20928	21335	20358	22762	22517	24599
0:03:30	28.6	8307	11477	14958	17961	20341	21280	20891	21351	20691	23129	22889	24673
0:03:35	28.6	8252	11338	14917	18152	20455	21467	21265	21744	20815	23325	23078	25223
0:03:40	28.6	8284	11342	14988	18207	20814	21641	21420	22016	21098	23686	23281	25597
0:03:45	28.6	8228	11403	15049	18336	20955	22023	21888	22316	21265	23840	23638	25877
0:03:50	28.6	8236	11382	14924	18503	21161	22163	21981	22632	21589	24353	23955	26019
0:03:55	28.5	8144	11401	14950	18446	21365	22214	22156	22945	21848	24508	24417	26264
0:04:00	28.5	8283	11404	15032	18190	21416	22785	22445	23237	22107	24956	24433	26444
0:04:05	28.5	8273	11455	15165	18522	21579	23175	22924	23643	22530	25336	24494	26723
0:04:10	28.5	8223	11387	15047	18431	21750	23451	23082	23844	22848	25359	25155	26971
0:04:15	28.5	8186	11321	15054	18501	21965	23515	23160	24169	23137	25595	25183	27407
0:04:20	28.5	8170	11388	15070	18492	22172	23860	23534	24492	23104	25935	25495	27706
0:04:25	28.4	8140	11311	15112	18621	22147	23991	23968	24689	23476	26163	25628	27767
0:04:30	28.4	8178	11480	15009	18418	22257	24031	24129	24835	24071	26560	25838	28298
0:04:35	28.4	8221	11361	15023	18480	22315	24433	24410	25132	24241	26768	26341	28338
0:04:40	28.4	8193	11319	15112	18392	22440	24703	24608	25436	24327	26875	26671	28746
0:04:45	28.4	8235	11441	14990	18434	22248	24688	24950	25521	24663	27037	26937	28797
0:04:50	28.4	8223	11332	15023	18459	22507	24888	24948	26013	24993	27305	27209	29286
0:04:55	28.3	8234	11431	14879	18466	22481	25130	25215	26156	25382	27410	27586	29407
0:05:00	28.3	8123	11461	14952	18530	22415	25222	25593	26498	25452	27806	27661	29542
0:05:05	28.3	8211	11413	15032	18464	22478	25201	25658	26735	25785	27848	27996	29861
0:05:10	28.3	8203	11280	15014	18431	22809	25292	25861	26804	25995	28233	28059	30160
0:05:15	28.3	8118	11316	14870	18603	22490	25676	26131	27030	26655	28295	28364	30280
0:05:20	28.3	8137	11344	14883	18517	22637	25558	26228	27541	26687	28740	28792	30585
0:05:25	28.2	8202	11382	14913	18431	22791	25601	26408	27490	26713	28908	28858	30608
0:05:30	28.2	8174	11251	14939	18463	22666	25913	26837	27734	27195	28935	29143	31172
0:05:35	28.2	8132	11407	15053	18420	22866	25731	26966	27815	27469	29300	29371	31223
0:05:40	28.2	8190	11222	14966	18344	22419	25934	27153	27953	27645	29406	29581	31425
0:05:45	28.2	8195	11275	14894	18310	22687	25817	27133	28390	28166	29662	29955	31520
0:05:50	28.2	8194	11443	14841	18543	22326	25844	27316	28594	28354	29850	29898	31662
0:05:55	28.1	8115	11235	14915	18434	22432	26023	27542	28641	28534	30190	30261	31960
0:06:00	28.1	8173	11350	14999	18446	22543	25938	27611	29193	28741	30205	30448	32425
0:06:05	28.1	8135	11245	15052	18555	22418	25888	27958	28908	29031	30561	30911	32127
0:06:10	28.1	8175	11377	14746	18455	22455	25959	28138	29173	29423	30483	31246	32649
0:06:15	28.1	8203	11256	14930	18496	22703	26015	28289	29349	29572	31006	31087	32833
0:06:20	28.1	8151	11393	14911	18421	22734	26089	28265	29604	29626	30902	31227	33030
0:06:25	28.1	8184	11249	14850	18616	22578	26267	28495	29915	29954	31023	31580	33030
0:06:30	28.0	8119	11229	14807	18308	22512	26082	28624	29813	30186	31268	31703	33004
0:06:35	28.0	8199	11248	14857	18339	22401	26243	28401	29860	30351	31297	31983	33552
0:06:40	28.0	8135	11248	14730	18359	22525	25782	28406	30246	30477	31859	32001	33599
0:06:45	28.0	8193	11445	14859	18194	22426	25997	28852	30145	30776	31845	32155	33620
0:06:50	28.0	8135	11187	14767	18315	22384	26096	28738	30426	30764	31884	32483	33897
0:06:55	28.0	8161	11221	14930	18373	22646	26016	28612	30258	30961	32033	32516	33893
0:07:00	28.0	8171	11221	14981	18255	22476	25846	28542	30743	31164	31761	32811	34077
0:07:05	27.9	8207	11250	14960	18221	22685	25820	28891	30520	31352	32282	33058	34453
0:07:10	27.9	8155	11216	14722	18350	22432	26035	28864	30451	31675	32478	33087	34344
0:07:15	27.9	8075	11182	14898	18397	22614	25899	28911	30643	31598	32318	33390	34830
0:07:20	27.9	8192	11254	14817	18467	22692	25826	28920	30329	31714	32621	33736	35022
0:07:25	27.9	8110	11225	14927	18201	22441	25630	28798	30691	31905	32431	33306	34886
0:07:30	27.9	8201	11155	14813	18239	22520	25983	28901	30234	32009	32604	33843	34865
0:07:35	27.9	8131	11294	14674	18196	22333	25897	28792	30958	32056	32648	33798	35119
0:07:40	27.8	8129	11175	14813	18297	22394	26057	28821	30237	32213	32416	34166	35304
0:07:45	27.8	8171	11238	14878	18251	22494	25833	28903	30500	32025	32800	34278	35437
0:07:50	27.8	8124	11216	14944	18216	22415	25852	28863	30460	32053	32977	34479	35590
0:07:55	27.8	8131	11198	14801	18245	22445	25832	29075	30340	32185	32888	34505	35435
0:08:00	27.8	8173	11229	14694	18223	22323	25734	28787	30588	32052	32985	34357	35469
0:08:05	27.8	8188	11208	14742	18253	22506	25919	28911	30579	32337	32951	34641	35799
0:08:10	27.8	8197	11158	14733	18140	22283	25871	29046	30484	32372	32935	34656	36051
0:08:15	27.8	8199	11181	14696	18414	22449	25499	28971	30437	32539	33179	34951	35897
0:08:20	27.8	8124	11237	14798	18121	22327	25855	28811	30495	32583	33111	34724	36084
0:08:25	27.7	8060	11202	14792	18185	22280	25927	28922	30627	32843	33018	34549	36046
0:08:30	27.7	8198	11201	14834	18295	22410	25688	28871	30493	32745	33232	34895	36041
0:08:35	27.7	8144	11210	14754	18129	22270	25730	28598	30391	32668	33230	34941	36457
0:08:40	27.7	8110	11158	14641	18101	22252	25960	28804	30639	32575	33376	35081	36073
0:08:45	27.7	8117	11114	14711	18266	22187	26032	28690	30666	32579	33391	35053	36727
0:08:50	27.7	8092	11292	14812	18255	22372	25783	28674	30616	32711	33247	35154	36463
0:08:55	27.7	8183	11206	14884	18176	22348	25739	28592	30546	32555	33218	35519	36564
0:09:00	27.6	8064	11142	14747	18049	22193	25737	28925	30531	32581	33394	35301	36278
0:09:05	27.6	8074	11156	14757	18203	22273	25634	28594	30547	32698	33458	35210	36751
0:09:10	27.6	8113	11139	14587	18225	22281	25545	28820	30649	32749	33371	35190	37116
0:09:15	27.6	8162	11305	14616	18114	22313	25539	28618	30316	32613	33532	35197	36831
0:09:20	27.6	8146	11172	14603	18241	22097	25469	28741	30467	32770	33496	35365	36670
0:09:25	27.6	8040	11079	14634	18239	22312	25605	28751	30354	32567	33292	35062	36893
0:09:30	27.6	8124	11103	14596	18105	22215	25717	28686	30424	32960	33428	35037	36615
0:09:35	27.6	8062	11133	14708	18166	22302	25741	28661	30366	32570	33301	35186	36966
0:09:40	27.6	8069	11110	14571	18106	22325	25696	28553	30458	32740	33544	35359	36969
0:09:45	27.5	8100	11214	14625	18169	22279	25916	28784	30250	32982	33509	35144	37012
0:09:50	27.5	8169	11118	14721	18060	22404	25517	28890	30579	33045	33531	35249	36912
0:09:55	27.5	8107	11041	14730	17960	22296	25766	28765	30337	32865	33810	35218	36689
0:10:00	27.5	8104	11201	14608	18039	22395	25293	28943	30321	33017	33664	35446	37097
0:10:05	27.5	8134	11188	14609	18243	22407	25554	28631	30304	32831	33567	35144	37429
0:10:10	27.5	8050	11180	14671	18264	22132	25569	28542	30547	32505	33999	35368	36824
0:10:15	27.5	8161	11134	14786	18096	22241	25660	28784	30445	32586	33743	35335	37200
0:10:20	27.5	8165	11169	14626	18058	22037	25540	28506	30234	33058	33738	35589	37268
0:10:25	27.4	8108	11137	14623	18164	22146	25667	28560	30443	32754	33882	35477	37106
0:10:30	27.4	8150	11206	14761	18084	22190	25526	28699	30498	32810	33734	35356	37198
0:10:35	27.4	8209	11088	14643	18023	22174	25469	28510	30315	32756	33462	35443	37010
0:10:40	27.4	8084	11066	14766	18181	22202	25521	28477	30306	32665	33725	35124	37119
0:10:45	27.4	8128	11050	14722	18073	22019	25525	28615	30447	32605	33818	35367	36932
0:10:50	27.4	8085	11159	14768	18133	22228	25518	28536	30602	32820	33916	35172	37435
0:10:55	27.4	8062	11094	14635	18086	22211	25369	28627	30110	32398	33753	35545	37121
0:11:00	27.4	8113	11096	14714	18006	22107	25539	28553	30110	32612	33732	35583	37332
0:11:05	27.4	8144	11158	14639	18156	22012	25737	28567	30154	32457	33823	35149	37138
0:11:10	27.4	8090	11107	14518	18276	22091	25623	28716	30170	32732	33757	35304	36852
0:11:15	27.4	8029	11235	14718	18193	21896	25389	28534	30304	32308	33453	35387	37124
0:11:20	27.3	8091	11143	14809	18156	22105	25431	28642	30059	32634	33847	35154	36877
0:11:25	27.3	8136	11106	14675	18204	22375	25523	28668	30198	32403	33897	34955	37086
0:11:30	27.3	8122	11095	14677	17947	22206	25440	28723	30125	32797	33829	35302	36943
0:11:35	27.3	8087	11061	14580	18191	22136	25704	28768	30151	32748	33802	35268	37025
0:11:40	27.3	8125	11000	14728	18106	22104	25511	28541	30325	32637	33863	35416	36900
0:11:45	27.3	8097	11016	14637	18037	21931	25502	28673	30174	32577	33608	35214	37220
0:11:50	27.3	8034	11057	14703	18186	22108	25425	28652	30475	32509	33617	35124	37015
0:11:55	27.3	8106	11094	14587	17958	22011	25471	28543	30110	32635	33832	35191	37029
0:12:00	27.3	8095	11074	14701	18034	22127	25380	28295	30571	32455	33385	35416	36871
0:12:05	27.2	8077	10988	14625	18004	22170	25621	28690	30421	32621	33607	35229	36919
0:12:10	27.2	8087	11130	14760	17947	21839	25558	28655	30314	32439	33923	35297	36716
0:12:15	27.2	8049	11138	14463	18044	21955	25428	28411	30208	32645	33692	35263	37034
0:12:20	27.2	8090	11109	14739	18149	21868	25375	28571	30207	32465	33881	35358	37074
0:12:25	27.2	8015	11022	14534	17975	22040	25463	28178	30257	32795	34298	34956	37034
0:12:30	27.2	8067	11089	14626	18011	21903	25434	28313	30106	32643	33782	35140	36875
0:12:35	27.2	8137	11218	14631	17896	22196	25339	28485	30148	32798	33620	35251	36818
0:12:40	27.2	8119	11044	14548	18032	22161	25341	28445	30386	32481	33897	35407	36848
0:12:45	27.2	8152	11049	14484	17912	22292	25151	28445	30427	32516	33920	34798	36774
0:12:50	27.2	8040	11067	14572	18032	22008	25320	28581	30177	32537	33877	34923	36633
0:12:55	27.2	7981	11082	14752	18033	22108	25352	28465	30167	32428	33779	35216	36638
0:13:00	27.1	8088	11022	14431	17892	21983	25527	28389	30291	32868	34048	35214	36516
0:13:05	27.1	8095	11038	14532	18075	22208	25361	28461	30460	32801	34022	35128	37005
0:13:10	27.1	8065	11037	14607	17898	22037	25296	28485	30128	32252	33720	35278	37037
0:13:15	27.1	8106	11105	14414	18069	21934	25628	28532	30323	32534	34122	35296	36831
0:13:20	27.1	8131	11024	14661	18118	21920	25320	28398	29911	32532	33729	35480	36875
0:13:25	27.1	8091	11041	14586	18070	21963	25179	28249	30219	32485	33699	35618	36709
0:13:30	27.1	8107	11097	14494	17912	22113	25395	28173	29923	32771	34024	35262	36815
0:13:35	27.1	8054	11031	14560	17997	22108	25228	28368	30174	32385	33684	35128	37128
0:13:40	27.1	8061	11131	14598	17946	22039	25376	28399	30054	32482	33738	35214	36647
0:13:45	27.1	8039	11033	14585	18068	22076	25341	28516	30116	32625	33756	35283	36895
0:13:50	27.1	8090	11093	14463	18098	22083	25222	28278	30094	32331	33870	35118	37134
0:13:55	27.1	8097	11102	14521	18130	22165	25466	28448	30028	32521	34146	35043	36895
0:14:00	27.1	8030	11022	14639	18097	22173	25457	28250	30086	32516	34158	35142	36826
0:14:05	27.0	8050	11111	14633	17953	21948	25415	28451	30105	32469	33924	34880	36960
0:14:10	27.0	8136	11024	14655	18001	22063	25200	28483	30224	32397	33911	35284	36776
0:14:15	27.0	8032	10934	14391	18002	22182	25261	28345	30281	32406	33823	35155	36833
0:14:20	27.0	8042	11014	14557	18074	22018	25211	28385	30070	32794	33876	35246	36683
0:14:25	27.0	8044	11013	14578	17981	21982	25427	28450	29939	32425	33665	35280	36863
0:14:30	27.0	8088	11021	14499	17991	21861	25211	28509	30040	32564	33961	35196	36715
0:14:35	27.0	8134	11123	14570	18088	21940	25395	28433	29997	32337	33940	35076	36919
0:14:40	27.0	8021	11026	14556	17925	22086	25503	28507	30014	32108	34193	35387	36912
0:14:45	27.0	8007	11073	14492	18118	22023	25310	28043	30254	32417	33735	35152	36825
0:14:50	27.0	8063	11021	14525	17888	22045	25158	28413	30225	32557	33679	34617	36816
0:14:55	27.0	8108	11030	14658	17936	22006	25433	28330	29917	32380	33685	35156	36899
0:15:00	27.0	8063	11028	14438	18046	21994	25429	28294	29994	32391	34120	34931	36778
0:15:05	27.0	8074	11043	14725	17959	21904	25224	28557	30110	32345	33951	35003	36870
0:15:10	26.9	8039	11097	14525	17839	21948	25090	28314	30033	32418	33687	35086	36768
0:15:15	26.9	8028	11027	14509	17843	21893	25381	28230	30043	32366	33538	34977	36697
0:15:20	26.9	7995	11015	14551	18002	21956	25333	28331	30016	32232	33690	34978	36507
0:15:25	26.9	8046	11100	14499	18111	21905	25270	28482	30308	32333	33683	35254	36830
0:15:30	26.9	8002	11054	14322	17962	22002	25212	28385	30248	32584	33977	35036	36757
0:15:35	26.9	8040	11038	14465	17896	22064	25261	28458	30154	32084	33569	34821	36522
0:15:40	26.9	8083	11070	14609	17941	22025	25347	28282	29977	32312	33719	34899	36968
0:15:45	26.9	8106	11064	14484	18056	22034	25189	28333	30217	32328	33735	34988	36944
0:15:50	26.9	7988	11028	14475	18042	21871	25245	28331	30254	32335	33833	35165	36474
0:15:55	26.9	8064	10985	14563	17857	22046	25189	28311	30200	32283	33590	35000	36813
0:16:00	26.9	8034	10962	14516	17911	21942	25260	28417	30036	32270	33716	34980	36724
0:16:05	26.9	8058	10935	14593	18090	21756	25110	28158	30163	32519	33790	34930	36706
0:16:10	26.9	8048	10899	14398	18029	21852	25392	28302	29773	32222	34047	34895	36957
0:16:15	26.9	8008	11049	14561	17842	22252	25196	28224	29939	32353	34014	34989	36878
0:16:20	26.9	8097	10996	14537	18057	21876	25255	28082	30296	32318	33802	34873	37096
0:16:25	26.8	8035	10975	14415	17927	22021	25168	28369	30307	32296	33841	34906	36826
0:16:30	26.8	8043	11102	14440	17908	21904	25481	28251	30077	32424	34002	35104	36686
0:16:35	26.8	8064	11045	14386	18022	21925	25360	28350	30026	32275	33686	35205	36839
0:16:40	26.8	7987	11040	14596	17998	21720	25150	28077	30350	32471	33919	35074	36692
0:16:45	26.8	8075	10968	14492	17953	21938	25232	28189	30027	32237	34010	35235	36731
0:16:50	26.8	8057	11065	14498	17937	21844	25326	28333	29966	32154	33627	35000	36876
0:16:55	26.8	7981	10959	14492	17839	21745	25266	28160	29999	32302	33822	35172	36637
0:17:00	26.8	8083	10987	14462	17915	22108	25035	28264	30072	32220	33753	34986	36833
0:17:05	26.8	8047	11005	14401	17998	21964	25446	28205	29680	32275	33773	35058	36657
0:17:10	26.8	8141	11002	14474	18026	21893	25200	28056	29922	32199	34086	35151	36683
0:17:15	26.8	8025	10981	14361	18088	21824	25077	28326	30100	32275	34059	34787	36851
0:17:20	26.8	8085	10980	14484	17967	21807	25354	28197	30324	32101	33939	35374	36484
0:17:25	26.8	8031	11058	14532	17857	21814	25299	28462	30083	32491	33652	34720	36594
0:17:30	26.8	8130	10980	14415	17764	21959	25333	28281	29854	32536	33876	34850	36382
0:17:35	26.8	7970	11055	14699	18055	21903	25195	28322	29920	32358	33708	34917	36639
0:17:40	26.7	8089	11052	14568	18010	21743	25260	28227	29922	32645	33742	35061	36645
0:17:45	26.7	7967	10981	14382	17980	21934	25302	28166	29851	32523	33834	34899	36310
0:17:50	26.7	8117	11019	14437	17913	21770	25057	28050	29827	32401	33674	35476	36779
0:17:55	26.7	8038	11056	14512	17894	21831	25365	28362	30132	32438	33663	34786	36726
0:18:00	26.7	8085	10972	14582	17794	22043	25246	28449	30076	32138	34198	34993	36970
0:18:05	26.7	8141	11057	14381	17926	21871	25089	28273	30100	32550	33726	34912	36890
0:18:10	26.7	8093	10951	14411	17991	21742	25134	28196	29885	32326	33924	35360	36790
0:18:15	26.7	8000	10916	14319	17813	22041	25503	28161	29970	32183	33820	34871	36901
0:18:20	26.7	8078	10927	14533	17978	21821	25322	28075	30002	32485	33408	34876	36892
0:18:25	26.7	8084	10928	14506	17876	21863	25001	28328	29778	32466	33521	35230	36829
0:18:30	26.7	8024	10919	14450	17966	21987	25054	28443	29892	32013	33646	35184	36800
0:18:35	26.7	8043	10954	14349	17892	21961	25302	28291	29863	32269	33898	35108	36668
0:18:40	26.7	8014	10991	14530	17858	21926	25127	28206	30042	32149	33898	35116	36631
0:18:45	26.7	8074	11014	14535	17976	21924	25228	28238	29791	32300	33761	34651	36919
0:18:50	26.7	8058	10902	14451	17865	21686	25225	28125	30066	32307	33761	35186	36794
0:18:55	26.7	8050	10920	14363	17893	21752	25099	28104	30095	32159	33821	35009	36859
0:19:00	26.7	7991	11031	14482	18106	21955	25270	28372	29891	32323	33861	34842	36475
0:19:05	26.7	8093	10958	14546	17906	22032	25138	28279	30013	32352	33849	35296	36814
0:19:10	26.6	8043	10906	14566	17865	21805	25045	28335	30129	32071	34041	34931	36720
0:19:15	26.6	8071	10886	14635	17807	22033	25134	28170	29851	32224	34070	34823	36763
0:19:20	26.6	8065	11029	14585	17806	21883	25155	28380	29993	32390	33652	34647	36717
0:19:25	26.6	8015	10908	14602	17885	22025	25111	28213	29933	32146	33636	35150	36169
0:19:30	26.6	8034	10995	14476	17822	21840	25153	28304	29964	32211	33935	35250	36582
0:19:35	26.6	8026	11030	14490	18074	21950	25040	28061	29947	32420	33778	35115	36802
0:19:40	26.6	8014	11036	14461	18037	22118	25075	28272	29846	32287	33806	34979	36808
0:19:45	26.6	8018	10905	14457	17857	22013	25263	28068	29890	32410	33842	35076	36782
0:19:50	26.6	8038	10996	14518	17813	22001	25219	28296	30135	32484	33956	34870	36775
0:19:55	26.6	8024	10994	14515	17907	21947	25082	28420	29837	32301	33832	34868	36757
0:20:00	26.6	8001	11014	14474	17979	21862	25169	28114	30081	32398	34185	34733	36279
0:20:05	26.6	8053	10996	14428	17824	21769	25191	28175	29799	32077	33990	34859	36885
0:20:10	26.6	7977	10983	14468	17949	21944	25261	28205	29781	32166	34106	35078	36631
0:20:15	26.6	8065	11032	14424	17983	21944	25286	28175	29971	32532	33896	35072	36759
0:20:20	26.6	8085	11055	14475	17728	22127	25116	28226	29988	32206	33879	35024	36871
0:20:25	26.6	8033	11002	14444	18088	21824	25078	28252	29880	32251	33831	34872	36447
0:20:30	26.6	8048	10989	14425	17873	21804	25208	28032	29942	32609	33869	35074	36873
0:20:35	26.6	8025	10982	14571	17924	21864	25089	28174	30000	32408	33690	35017	36543
0:20:40	26.6	8059	11031	14487	17977	21897	25163	28174	29934	32587	33724	35315	36895
0:20:45	26.6	7976	11009	14486	17990	21934	24985	27917	29927	32018	33585	34738	36615
0:20:50	26.6	8044	10975	14437	17941	21920	25335	27942	29923	32412	33959	35050	36649
0:20:55	26.6	8022	10968	14420	17863	21794	25018	27882	29966	32398	33746	35091	36724
0:21:00	26.5	8106	11072	14464	17993	21720	25223	28270	29867	32244	33739	34899	36700
0:21:05	26.5	7993	10988	14397	17945	21780	25278	28303	30008	32293	33806	35226	36851
0:21:10	26.5	8077	10992	14377	17842	22011	25165	28505	30048	32248	33552	35020	36253
0:21:15	26.5	8107	11014	14345	17944	21793	25095	28086	29806	32280	33830	34968	36643
0:21:20	26.5	7945	10977	14455	17898	21773	24895	28117	29748	32391	33848	34748	36766
0:21:25	26.5	8080	10876	14485	17837	21810	25110	28224	29987	32386	33912	35034	36871
0:21:30	26.5	8033	11048	14390	17822	21997	25217	28415	30051	32058	33740	34791	36817
0:21:35	26.5	8066	10865	14563	17898	21960	24963	28435	29930	32244	33667	34866	36426
0:21:40	26.5	8033	10983	14387	17740	21800	25069	28246	30047	32162	33810	34998	36619
0:21:45	26.5	8060	10901	14518	17819	21828	25087	28308	29974	32073	33596	34937	36822
0:21:50	26.5	8093	11028	14334	18011	21894	25093	28064	29740	32274	33731	35033	36696
0:21:55	26.5	8023	11000	14524	17825	21816	25061	28197	30064	32297	33717	35068	36537
0:22:00	26.5	8037	10989	14335	17877	21790	25095	28023	29967	32563	33840	34980	36503
0:22:05	26.5	8118	10942	14378	18034	21974	25036	27897	29653	32321	33650	34976	36797
0:22:10	26.5	8078	10935	14524	17757	21986	25360	28153	30119	32200	33863	35200	36576
0:22:15	26.5	8020	11096	14458	17790	21983	25192	28209	29743	32306	33878	35009	36313
0:22:20	26.5	8047	11018	14458	17860	21739	25103	28287	29896	32291	33843	34955	36539
0:22:25	26.5	8055	10995	14468	18072	21901	25255	27956	30129	32449	33608	34927	36709
0:22:30	26.5	7988	11004	14405	17939	21810	24985	28130	30346	32276	33771	34780	36839
0:22:35	26.5	8000	10976	14496	17881	21737	25345	28344	30096	32256	33746	35011	36707
0:22:40	26.5	8050	11060	14374	17930	21930	25246	28059	29746	32048	33854	35147	36732
0:22:45	26.5	8112	10917	14514	18142	21960	24943	28175	29692	32133	33926	34708	36477
0:22:50	26.5	7924	11021	14424	17855	21880	25059	28041	30152	32159	33655	34685	36666
0:22:55	26.5	7991	10912	14532	17733	21767	25185	27983	29921	31933	33557	35030	36845
0:23:00	26.5	8055	11018	14463	17805	21953	25339	28100	30067	32153	33759	34950	36331
0:23:05	26.5	7997	10979	14338	17860	21884	25221	28072	30131	32246	33876	35136	36580
0:23:10	26.4	8095	11039	14468	17892	21908	25134	28111	29827	32425	33771	35130	36579
0:23:15	26.4	8076	10972	14534	17839	21968	25215	28110	29828	32198	33856	34918	36587
0:23:20	26.4	7992	10964	14463	17873	21861	25088	28207	29546	32340	33749	34928	36530
0:23:25	26.4	7989	11010	14370	17866	21843	25390	28080	30093	32310	33872	34837	36673
0:23:30	26.4	7987	10975	14511	17884	21705	25303	28172	29989	31976	33802	35020	36578
0:23:35	26.4	8008	10954	14417	17847	21782	25017	27928	29770	32174	33607	34818	36803
0:23:40	26.4	7998	11082	14435	17934	21951	25118	28053	29914	32199	33740	35072	36537
0:23:45	26.4	8022	11020	14498	17953	21867	25199	28010	29751	32231	33970	34915	36833
0:23:50	26.4	8032	10954	14421	17883	21733	24948	28087	29773	32296	34063	35078	36537
0:23:55	26.4	8013	11064	14354	17806	21974	25206	28432	30105	31861	33751	34984	36776
0:24:00	26.4	8008	10996	14370	17881	21830	25161	28498	29799	32313	33920	35236	36622
0:24:05	26.4	8051	10909	14408	18090	21634	25102	28351	29896	32361	33566	34919	36387
0:24:10	26.4	8001	10955	14574	17799	21932	25125	28383	29808	32456	33784	34758	36683
0:24:15	26.4	8040	11020	14556	17838	21842	25184	28084	30159	32278	33683	35073	36849
0:24:20	26.4	8040	10902	14293	17942	21830	25300	28172	29904	32398	33809	34884	36767
0:24:25	26.4	8068	10941	14622	18008	21892	25157	28144	29937	32104	33687	34985	36855
0:24:30	26.4	8021	10977	14429	17720	22014	25136	28235	30057	32253	33995	35102	36776
0:24:35	26.4	8020	10972	14414	17900	21749	24948	28278	29650	32095	33788	35172	36620
0:24:40	26.4	7973	10992	14406	17798	21784	24998	27988	29920	32009	33784	34874	36903
0:24:45	26.4	8030	11040	14443	17726	21881	25037	28089	29867	32266	33956	35181	36774
0:24:50	26.4	7965	11077	14476	17833	21895	25165	28258	29946	32305	33721	35003	36528
0:24:55	26.4	8046	10878	14426	17915	21884	25361	28178	29770	32406	33792	35030	36491
0:25:00	26.4	8098	10925	14416	17833	21766	25108	28145	29979	32213	33785	34978	36764
0:25:05	26.4	8059	10902	14409	17810	21766	25220	28175	30023	32301	33883	35077	36826
0:25:10	26.4	8038	10947	14505	17885	21797	25211	28007	29939	32178	33920	35110	36519
0:25:15	26.3	8083	10948	14485	17876	21821	25102	28108	29958	32336	33569	34910	36845
0:25:20	26.3	7985	10973	14534	17882	21870	24955	27920	29997	32259	33568	35036	37036
0:25:25	26.3	7993	11049	14302	17866	21713	25315	28299	29767	32212	33618	34963	37023
0:25:30	26.3	8020	11017	14517	18002	21988	25179	28306	30060	32459	33698	35217	36570
0:25:35	26.3	8023	11012	14576	17855	21715	25032	28303	29763	32405	33915	35208	36694
0:25:40	26.3	7986	10911	14426	17852	21879	25117	28201	29867	32688	33517	34947	36773
0:25:45	26.3	8021	11016	14447	17857	21730	25073	28231	30030	32442	33930	35343	37151
0:25:50	26.3	8050	10929	14434	17664	21903	25057	28126	30023	32316	33699	35072	36751
0:25:55	26.3	7998	10820	14389	17887	21798	25093	28280	29628	32319	33703	35139	36733
0:26:00	26.3	8063	10961	14394	17862	21811	25165	27939	30016	32226	34212	34852	36936
0:26:05	26.3	8042	10924	14386	17951	21894	25173	28066	29985	32133	33684	35198	36910
0:26:10	26.3	8021	10952	14401	17679	21853	24946	28115	29714	32501	34141	34824	36809
0:26:15	26.3	8071	10866	14374	17912	21940	25249	28214	29960	32177	33954	35092	36409
0:26:20	26.3	8053	10985	14432	17808	21797	25049	27796	29749	32356	33702	35003	36695
0:26:25	26.3	8026	10955	14506	17886	21792	25260	28045	30155	32553	33988	34958	36711
0:26:30	26.3	8065	10956	14426	17959	21779	25007	28255	29712	32336	33936	35014	36680
0:26:35	26.3	8052	11017	14425	17880	21769	25225	28025	29962	32310	33678	35177	37011
0:26:40	26.3	8050	10997	14527	17787	21808	25001	28310	30025	32252	33823	35035	36646
0:26:45	26.3	7968	11005	14424	17944	21870	25004	28393	30031	32322	33730	34982	36790
0:26:50	26.3	7974	10993	14464	17898	21962	25354	28030	30066	32225	33931	35080	36833
0:26:55	26.3	8014	10906	14487	17771	21845	25060	28134	30034	32174	33749	35178	36761
0:27:00	26.3	7957	10882	14415	17939	21845	25171	28420	29905	32496	33866	34954	36432
0:27:05	26.3	7995	11024	14536	17833	22013	25374	28039	29985	32472	34189	35180	36724
0:27:10	26.3	8030	11071	14442	17771	21987	25052	28170	29844	32179	33714	34945	36646
0:27:15	26.3	8075	10987	14333	17893	21896	25194	28100	29804	32233	33768	35236	36873
0:27:20	26.3	8086	10961	14471	17855	21804	25052	28117	29762	32042	33957	35127	36702
0:27:25	26.3	7990	10998	14381	17992	21793	25058	28253	29828	31930	33803	35182	36894
0:27:30	26.3	8071	10886	14417	17832	21866	25146	28275	30102	32102	33682	34999	36498
0:27:35	26.3	8042	10937	14328	17977	21776	25276	28139	30116	32287	33632	35104	36624
0:27:40	26.3	8009	10940	14391	17854	21896	24856	27964	30153	32283	33723	35011	36752
0:27:45	26.3	8008	10943	14432	17728	21815	25494	27974	29807	32160	33885	34938	36807
0:27:50	26.2	8090	11029	14487	17943	21752	25257	27998	29932	32372	33661	35005	36657
0:27:55	26.2	8018	11006	14342	17827	21854	25134	28049	29830	32366	33723	34901	36642
0:28:00	26.2	7973	10943	14484	17823	22020	25052	28229	29895	32206	33945	34918	36626
0:28:05	26.2	8020	10973	14445	17802	21835	25343	28074	29921	32261	33853	35024	36726
0:28:10	26.2	8025	10955	14336	17875	21809	25079	28015	30038	32058	33989	35094	36838
0:28:15	26.2	8024	10971	14472	17911	21864	25121	27979	30108	32078	33972	35069	36673
0:28:20	26.2	8024	11048	14379	18015	21983	25025	28196	29950	32240	34066	35101	36520
0:28:25	26.2	8057	11004	14431	17761	22026	25169	28137	29730	32342	33842	35351	36997
0:28:30	26.2	8018	10987	14538	17790	21868	25060	27955	30019	32232	33826	35113	36722
0:28:35	26.2	7994	10970	14525	18041	21710	25198	28296	30069	32270	33787	34934	36673
0:28:40	26.2	7989	10886	14401	17842	22007	24982	28139	30047	32392	33980	35216	36656
0:28:45	26.2	8043	10968	14352	17977	21979	25105	27839	29871	32090	33914	35112	36437
0:28:50	26.2	8049	11046	14385	17781	21798	25110	28231	29958	32249	33827	34975	36777
0:28:55	26.2	8000	10943	14454	17972	21815	24961	28222	29977	32326	33826	35016	36453
0:29:00	26.2	7936	11065	14580	17829	21930	25107	28082	30106	32005	33986	35293	36613
0:29:05	26.2	8010	10957	14373	17886	21848	25263	28041	30184	32055	34180	35120	36905
0:29:10	26.2	7970	10986	14423	17967	21913	25205	28045	30229	32594	34008	35228	37177
0:29:15	26.2	7996	10917	14464	17805	21998	25198	28209	29980	32439	34050	35218	36495
0:29:20	26.2	8033	11046	14410	17815	21939	25025	27952	29985	32133	33631	35337	36900
0:29:25	26.2	7973	10943	14327	17908	21739	25197	27966	29901	32427	33737	34907	36760
0:29:30	26.2	7990	11001	14362	17915	22027	25347	27880	29717	32341	33959	35013	37131
0:29:35	26.2	8016	10974	14377	17876	21823	25158	28386	30087	32551	33656	34993	36734
0:29:40	26.2	8012	10940	14389	17855	21821	25221	28147	29975	32202	33605	35047	36859
0:29:45	26.2	8081	10878	14429	17856	21929	24964	28050	29871	32287	34099	34874	36701
0:29:50	26.2	8028	10958	14411	17926	21920	25350	28142	29920	32417	34205	34844	36677
0:29:55	26.2	8014	11042	14493	17901	21813	25463	28228	29930	32523	33933	35111	36763
0:30:00	26.2	8001	10953	14394	17882	21801	25203	28159	30213	32471	33765	34802	36829
0:30:05	26.2	8062	10842	14402	17856	21827	25279	27973	29923	32305	33859	34712	36840
0:30:10	26.2	8013	10944	14463	17927	21867	25479	28085	29865	32543	33858	35012	36526
0:30:15	26.2	8058	10929	14384	17821	21781	25151	28090	29960	32395	33929	35112	36702
0:30:20	26.2	7990	10895	14429	17860	21850	25103	27998	29941	32349	33855	35103	36907
0:30:25	26.2	7978	11028	14394	18084	21908	25277	28205	29792	32163	34076	35080	36823
0:30:30	26.2	7962	11075	14408	18001	21770	24966	28319	30375	32139	34018	34875	36666
0:30:35	26.2	7990	10960	14381	17842	21838	24981	28149	29979	32341	33927	35184	36789
0:30:40	26.2	7984	10833	14502	17820	21925	25271	28266	30059	32486	33750	35326	36781
0:30:45	26.1	8089	10952	14517	17897	21862	25071	28139	29816	32247	33863	35120	36654
0:30:50	26.1	8017	11021	14408	18106	21904	25284	28106	29949	31893	33817	35356	36514
0:30:55	26.1	8032	10890	14410	17751	21682	25146	28247	29930	32396	34024	34883	36956
0:31:00	26.1	8062	10915	14537	17887	21864	25067	28259	29853	32237	33998	35017	36853
0:31:05	26.1	8002	10944	14378	17946	21722	25257	27947	29895	32353	33965	35025	36656
0:31:10	26.1	7983	10921	14506	17837	21915	25237	28122	30160	32338	34158	34968	36791
0:31:15	26.1	7967	10868	14356	17841	21704	25038	28179	29972	32167	34137	34988	36967
0:31:20	26.1	7999	10912	14431	17978	21721	25180	27847	29919	32241	33950	34892	36785
0:31:25	26.1	8021	10915	14516	17834	22006	25097	28207	30044	32309	33838	35102	36969
0:31:30	26.1	8035	11002	14370	17748	21970	25412	28138	30141	32255	33853	34933	36655
0:31:35	26.1	7987	10997	14390	17951	21854	25081	28067	29965	32366	33791	34749	36503
0:31:40	26.1	7988	10920	14472	17905	21780	25095	27977	30278	32112	33802	35050	36929
0:31:45	26.1	8049	10898	14382	17847	21819	25004	28318	29904	32445	34022	35048	36866
0:31:50	26.1	7998	10990	14356	17775	21735	25441	28230	29898	32386	33847	35248	36760
0:31:55	26.1	8020	11007	14492	17886	21843	25128	27987	30010	32439	33879	35143	36963
0:32:00	26.1	8045	10997	14424	17869	21941	25285	28242	29934	32149	33931	34927	36807
0:32:05	26.1	7998	10943	14372	17778	21999	25280	28161	29881	32328	33932	35240	36769
0:32:10	26.1	8035	10897	14361	17923	21914	24912	28193	30144	32240	33777	35126	36606
0:32:15	26.1	7960	10986	14398	18180	21776	25277	28222	29852	32148	34092	34928	36885
0:32:20	26.1	8058	10980	14510	17813	21837	25010	28222	30067	32361	33886	34952	36777
0:32:25	26.1	8003	10930	14466	17879	22008	25165	28224	30061	32294	34017	34887	36782
0:32:30	26.1	7987	10920	14383	17902	21848	25188	28302	30037	32427	33746	34872	37099
0:32:35	26.1	8052	10909	14498	17964	21945	25051	28075	30199	32079	34185	35009	36884
0:32:40	26.1	7967	10967	14648	17953	21921	24993	27842	30087	32531	33948	35096	36844
0:32:45	26.1	8053	10986	14368	17992	21965	25094	28319	29797	32328	33971	35526	36687
0:32:50	26.1	7994	10890	14428	17800	21961	25084	28092	30244	32159	33714	35100	36767
0:32:55	26.1	8083	11003	14494	17862	21784	25325	28277	29900	32399	33846	35196	36604
0:33:00	26.1	7996	10902	14381	17975	21774	25088	28397	29952	32281	33871	35122	36803
0:33:05	26.1	7957	11049	14465	17941	21855	25220	28474	29964	32200	33709	35249	36686
0:33:10	26.1	7943	11019	14250	17869	21877	25192	28372	30087	32476	33843	35375	36744
0:33:15	26.1	8033	10915	14363	18055	21785	24937	28226	30106	32161	33708	34996	37013
0:33:20	26.1	8054	10966	14520	17941	21965	25160	28115	30106	32286	33947	35599	36893
0:33:25	26.1	7974	10995	14430	18027	21837	25292	28131	29918	32282	33878	34998	36528
0:33:30	26.1	8037	10979	14283	18086	21988	25129	28445	29985	32335	34131	35057	37011
0:33:35	26.1	8074	10990	14553	17901	21854	24984	28376	29993	31997	33579	34886	36965
0:33:40	26.1	8042	10858	14433	17917	21840	25241	27977	29909	32454	33892	35101	36831
0:33:45	26.1	7956	10997	14467	17868	21861	25143	28320	29886	32697	33838	34853	36947
0:33:50	26.1	8023	10935	14477	17708	21919	25092	28304	30184	32520	33653	34960	36996
0:33:55	26.1	8009	10937	14335	17835	21915	25287	28389	30135	32447	33992	35071	36970
0:34:00	26.1	7988	10947	14459	17902	21984	25167	28183	29940	32413	34274	35261	36767
0:34:05	26.1	7991	10958	14345	17982	22002	25346	28106	29955	32217	34243	35307	36982
0:34:10	26.1	7950	10989	14364	17791	21846	25222	28101	29977	32206	33599	35092	36832
0:34:15	26.1	8028	10988	14467	17809	21917	25129	28185	29846	32342	33749	35094	36707
0:34:20	26.1	8040	10877	14550	18043	21884	25143	28257	30096	32229	34155	35059	37052
0:34:25	26.1	8040	10940	14517	17970	21885	25023	28250	30054	32243	34162	34983	36675
0:34:30	26.1	8020	10973	14403	17921	21884	25085	28281	30057	32206	34211	35053	36790
0:34:35	26.1	7991	10890	14482	17960	21974	25254	28141	29999	32126	33819	35367	36668
0:34:40	26.1	8053	10926	14338	17905	21802	25063	27946	30046	32251	33972	35092	36556
0:34:45	26.1	8036	10934	14510	17931	21909	24986	28169	30125	32138	33742	35077	36567
0:34:50	26.1	7986	10937	14380	18052	21796	25077	28211	30069	32404	33860	35080	36898
0:34:55	26.1	7979	10967	14476	17937	21868	25236	28122	29949	32309	33831	35124	37013
0:35:00	26.1	7961	10957	14526	18017	22000	25135	28214	29952	32480	34077	35105	37049
0:35:05	26.1	8034	10878	14467	17990	22061	25413	28223	30188	32152	34196	34885	37019
0:35:10	26.1	8038	11069	14321	17888	21905	25165	28131	30248	32177	33995	35227	36683
0:35:15	26.1	8028	10887	14465	17901	21760	25406	28324	30222	32192	34178	34739	36788
0:35:20	26.1	7981	10890	14536	17889	21863	25208	28183	30102	32229	34113	35288	36722
0:35:25	26.0	8019	10957	14412	17893	21936	25124	28281	30018	32575	33910	35156	36861
0:35:30	26.0	7992	10928	14449	17805	21741	24991	28285	29891	32113	34021	35060	37076
0:35:35	26.0	7973	10978	14421	17831	21909	25296	28142	29930	32321	34083	35114	37051
0:35:40	26.0	8025	10994	14448	17788	21819	25264	28425	29910	32211	34202	35254	36646
0:35:45	26.0	8010	10956	14418	17868	21938	25211	27982	29937	32346	33850	35064	36906
0:35:50	26.0	7963	10930	14279	17736	21916	25065	28337	30013	32383	33949	34915	36825
0:35:55	26.0	7935	10935	14425	17882	21923	25343	28116	29841	32569	34135	35177	36929
0:36:00	26.0	8027	10892	14303	17868	21876	25110	28364	29992	32342	33909	34756	36841
0:36:05	26.0	8033	10941	14466	17897	21935	25310	28273	29864	32544	34070	34704	37017
0:36:10	26.0	8002	10908	14390	17839	21810	25163	28354	29938	32590	33850	34852	36677
0:36:15	26.0	8032	10960	14354	17884	21887	25104	28179	29841	32203	33984	35239	37149
0:36:20	26.0	8015	10920	14463	17902	21960	25137	28362	30123	32456	33865	35089	36908
0:36:25	26.0	7993	10947	14375	17937	22037	25054	28299	29841	32442	34132	35182	36880
0:36:30	26.0	7923	10996	14352	17893	22107	25230	28167	29851	32107	33805	35357	37019
0:36:35	26.0	7973	10943	14413	17889	21874	25170	28267	30075	32356	33989	34911	36816
0:36:40	26.0	8036	10890	14487	17924	21771	25241	28145	30113	32425	33961	35029	36995
0:36:45	26.0	8032	11004	14404	17805	22099	25270	28328	30009	32405	34178	35140	37090
0:36:50	26.0	8057	10923	14370	18016	21975	25101	28205	29951	32219	33916	34789	36843
0:36:55	26.0	8102	10990	14378	17905	21918	25318	28266	30170	32310	33755	35016	36721
0:37:00	26.0	7997	10910	14382	17915	21817	25313	28377	30146	32497	34071	35061	36927
0:37:05	26.0	8040	10868	14487	17957	21774	25074	28145	29745	32358	33719	35330	37022
0:37:10	26.0	8015	10959	14469	17819	21756	24959	28360	29714	32351	33735	35167	36855
0:37:15	26.0	8028	11007	14417	17946	21909	25308	28242	29890	32433	33936	35156	36683
0:37:20	26.0	7998	10960	14596	17818	21923	25324	28096	29871	32412	34090	35350	36783
0:37:25	26.0	8038	10961	14455	17955	22002	25206	28189	30218	32421	33973	35299	36911
0:37:30	26.0	8014	10957	14474	17911	21927	25100	28132	29944	32205	34041	35364	36918
0:37:35	26.0	7987	11047	14399	17956	21902	25172	28354	29865	32233	33774	34890	36909
0:37:40	26.0	8008	10874	14482	17909	21986	25192	28285	30028	32285	33774	34802	36996
0:37:45	26.0	7977	10895	14391	18008	21892	25292	28416	29897	32273	34046	35301	36713
0:37:50	26.0	7962	10985	14416	17901	21952	24979	28190	29944	32198	33907	34865	36831
0:37:55	26.0	7975	10956	14359	17922	22039	25101	28189	29879	32538	33974	35233	37013
0:38:00	26.0	8008	10976	14573	17925	21895	25076	28016	29911	32517	33691	34979	36653
0:38:05	26.0	8078	10997	14455	17977	21934	25043	28165	29645	32332	34028	35275	36865
0:38:10	26.0	8051	10993	14420	17887	21895	25210	27992	30020	32625	34122	35392	37135
0:38:15	26.0	8019	10942	14500	17957	21807	25217	28257	30218	32288	33940	34953	36857
0:38:20	26.0	7991	10896	14335	18024	22009	25219	28376	30214	32322	33912	35076	37064
0:38:25	26.0	7990	10978	14480	17811	21861	25169	28281	29988	32199	33933	35184	36909
0:38:30	26.0	8055	10987	14431	17986	21823	25281	28319	30103	32390	33628	35206	36601
0:38:35	26.0	8001	11004	14389	17837	21892	25032	28278	29859	32497	34103	35120	37025
0:38:40	26.0	7997	10980	14448	17902	21780	25385	28112	30503	32235	33860	35146	36941
0:38:45	26.0	7955	10973	14418	17884	21818	25090	28117	30104	32583	33914	35270	36904
0:38:50	26.0	8022	10904	14366	17813	21877	25248	28197	29928	32176	33999	34962	37122
0:38:55	26.0	7999	10981	14381	17978	21980	25108	28322	30093	32603	33873	35401	37073
0:39:00	26.0	8009	10986	14348	17898	21927	25273	27949	29813	32322	34179	35076	36537
0:39:05	26.0	8003	10996	14498	17862	21909	25324	28194	30096	32467	33867	35562	36827
0:39:10	26.0	8026	10934	14377	17848	21901	25050	28237	30072	32691	34323	35121	36845
0:39:15	26.0	7979	10886	14393	17855	21833	25322	28189	30116	32312	33954	35262	37103
0:39:20	26.0	7965	10898	14359	17972	21943	25280	28267	29856	32198	34029	35050	36676
0:39:25	26.0	8074	10961	14466	17790	21951	25228	28453	29955	32407	33760	35014	36815
0:39:30	26.0	7959	10955	14609	17887	21992	25260	28102	29862	32380	33818	35032	36829
0:39:35	26.0	7979	10951	14347	17958	21890	25020	28514	30076	32387	34095	35347	36979
0:39:40	26.0	8049	10983	14320	17945	21950	25163	28378	30243	32289	33950	35191	36801
0:39:45	26.0	8013	10874	14459	17894	21856	25378	28321	29999	32183	33596	34895	37042
0:39:50	26.0	7944	10959	14459	17799	21897	25310	28123	29898	32343	34038	35402	36801
0:39:55	26.0	7988	10966	14474	17937	21837	25178	27977	30098	32506	34183	35112	36659
0:40:00	26.0	7963	11027	14404	17834	22032	25340	27945	30259	32533	34028	35205	36740
0:40:05	26.0	8025	10867	14397	17928	21964	25104	28304	29873	32231	33962	35247	36837
0:40:10	26.0	8090	11012	14487	17911	21984	25175	28494	29938	32440	34105	35044	36686
0:40:15	26.0	7969	10973	14493	17857	21966	25226	28190	30161	32416	33952	35050	36837
0:40:20	25.9	8001	10945	14470	17861	21894	25042	28332	30036	32156	34285	35135	36887
0:40:25	26.0	7983	10890	14465	17943	21899	25111	28125	29913	32425	33696	35108	37025
0:40:30	26.0	7996	10957	14460	17889	21980	25331	28309	30219	32548	33900	34891	36855
0:40:35	26.0	7917	10951	14457	17900	21889	25190	28425	29979	32112	33810	35124	36794
0:40:40	25.9	7970	10912	14477	17970	21900	25320	27862	29822	32168	33867	35140	36813
0:40:45	25.9	8027	10915	14296	17900	21975	25256	28379	30084	32420	33878	35463	36895
0:40:50	25.9	8026	11019	14503	17843	21980	25043	28094	30021	32318	34073	35242	36959
0:40:55	25.9	8012	10960	14566	17778	21956	25253	28282	29841	32406	34145	35387	36998
0:41:00	25.9	7994	10895	14278	17994	21710	25273	28213	29854	32630	33983	35110	37164
0:41:05	25.9	8074	10866	14339	17835	21854	25259	28205	30027	32234	34179	35331	37018
0:41:10	25.9	7972	11086	14433	17706	21854	25208	28527	30087	32266	33934	35380	37022
0:41:15	25.9	7994	10974	14513	17872	21959	25284	28418	30239	32641	34018	35299	37017
0:41:20	25.9	8002	10954	14384	17899	21841	25319	28256	29960	32540	34135	35301	36881
0:41:25	25.9	8007	10901	14659	17958	21954	25334	28288	30067	32407	34127	35079	36976
0:41:30	25.9	7946	10957	14440	17962	21877	25157	28611	30014	32175	34143	35320	36564
0:41:35	25.9	8043	11023	14509	17937	21805	25201	28110	30198	32568	33658	35121	37168
0:41:40	25.9	8026	10963	14546	17905	21909	25289	28337	30079	32319	33915	35134	37069
0:41:45	25.9	7980	10919	14337	17818	21839	25336	28275	30151	32525	34089	35269	36752
0:41:50	25.9	8018	10914	14522	17738	21946	25181	28003	30120	32628	33992	35386	36725
0:41:55	25.9	8028	10923	14466	17846	21920	25227	28046	29971	32222	34204	35166	36909
0:42:00	25.9	8014	10954	14437	18022	21911	25133	28251	30023	32285	34082	35299	36816
0:42:05	25.9	7946	11002	14411	17885	21933	25153	28108	30030	32313	34048	35101	36831
0:42:10	25.9	7998	10882	14491	17955	21856	25499	28185	29918	32152	34016	35098	37090
0:42:15	25.9	8039	10980	14456	17822	21947	25014	28481	30170	32287	34047	35485	37178
0:42:20	25.9	7989	10971	14427	17988	21876	25062	28598	30009	32170	34219	35286	36823
0:42:25	25.9	8094	10975	14491	18103	21976	25123	28244	29956	32192	34059	34894	36824
0:42:30	25.9	7986	10905	14575	17865	21931	25285	28284	30368	32510	34065	35169	36671
0:42:35	25.9	7979	10969	14314	17929	21916	25319	28339	30009	32356	33811	35089	36668
0:42:40	25.9	8087	10926	14418	17889	21898	25286	28361	29855	32356	34211	35371	37006
0:42:45	25.9	7962	10913	14416	17941	21803	25268	28230	30122	32599	34104	35238	36933
0:42:50	25.9	8076	10919	14264	17940	21870	25143	28140	29896	32348	34158	35044	36902
0:42:55	25.9	7951	11003	14581	17979	21960	25225	28267	29971	32567	33990	35270	37034
0:43:00	25.9	7947	10962	14414	17868	22031	25175	28069	29903	32608	33911	35088	36728
0:43:05	25.9	8032	10999	14452	17965	21915	25237	28438	30007	32388	33798	35106	37194
0:43:10	25.9	7951	10990	14458	17917	21959	25201	28255	30059	32319	34146	35096	36908
0:43:15	25.9	8008	10944	14436	17966	22003	25425	28364	30133	32678	33958	35109	36866
0:43:20	25.9	7972	10997	14476	17857	21850	25131	28020	29821	32402	34150	35375	37379
0:43:25	25.9	7998	10909	14471	17968	21803	25274	28253	29817	32357	34100	35036	36907
0:43:30	25.9	7987	11033	14503	17913	21919	25318	28217	30259	32440	33932	35061	36867
0:43:35	25.9	7932	11008	14563	17787	22002	25269	28239	30349	32545	34369	35373	37214
0:43:40	25.9	7976	10967	14387	17961	21866	25292	28274	29788	32736	34142	35432	37037
0:43:45	25.9	8066	10979	14531	17892	21886	25142	28310	29992	32308	34260	35223	36985
0:43:50	25.9	8007	10918	14600	17733	22001	25038	28128	30175	32369	33825	35334	36714
0:43:55	25.9	8065	11022	14517	17942	21901	25164	28158	30261	32640	34151	35197	37047
0:44:00	25.9	7982	10949	14366	17746	21976	25108	28364	30022	32300	34197	35183	36827
0:44:05	25.9	8016	11044	14541	17801	22075	25168	28002	30090	32372	34285	35381	37043
0:44:10	25.9	7919	10971	14500	17999	21991	25315	28416	29990	32406	34127	35214	36811
0:44:15	25.9	7976	10908	14346	17848	22118	25044	28109	30135	32292	34248	35469	37127
0:44:20	25.9	7983	10917	14523	18003	22066	25215	28372	30152	32608	34129	35483	37025
0:44:25	25.9	7931	10979	14271	17836	21887	25020	28424	29890	32203	34086	35175	37016
0:44:30	25.9	8064	10969	14538	17846	21906	25228	28408	29982	32566	34126	35578	37197
0:44:35	25.9	8016	10893	14463	17960	21916	25221	28367	30115	32527	34326	34938	36939
0:44:40	25.9	8004	10963	14444	17917	21966	25310	28178	30105	32501	34169	35180	37143
0:44:45	25.9	7989	10954	14530	17994	21943	25331	28626	29995	32636	34184	35180	36907
0:44:50	25.9	7998	10902	14502	17796	21824	25246	28260	30164	32339	33926	34932	36996
0:44:55	25.9	7999	10928	14467	17996	22012	25296	28201	30438	32505	34209	35138	36880
0:45:00	25.9	8047	11005	14391	18042	21898	25175	28292	30383	32491	34136	35179	36981
0:45:05	25.9	8010	11024	14424	17984	21904	25069	28270	30075	32614	34012	35149	37031
0:45:10	25.9	7926	10916	14482	18082	21949	25395	28253	30153	32523	34228	35463	36993
0:45:15	25.9	8006	10927	14431	17890	22060	25371	28325	30236	32413	33813	35285	36830
0:45:20	25.9	7986	10910	14462	18001	21846	25338	28334	30086	32361	33970	35303	36886
0:45:25	25.9	7996	10875	14557	17950	21885	25352	28349	29936	32176	34088	35096	36866
0:45:30	25.9	7952	10961	14550	17878	21837	25481	28059	30135	32168	34491	35291	36913
0:45:35	25.9	7913	10913	14355	17903	21988	25287	28209	29915	32229	34038	35087	36980
0:45:40	25.9	8018	10973	14384	17901	21991	25051	28189	29882	32304	34004	35298	36843
0:45:45	25.9	7994	11032	14344	17991	21996	25271	28159	30056	32266	33963	35298	36678
0:45:50	25.9	8048	10938	14399	18056	22042	25110	28307	30262	32278	33967	35225	36880
0:45:55	25.9	8013	10866	14526	17810	21998	25243	28287	30286	32457	33936	35060	37102
0:46:00	25.9	8035	10990	14423	17873	21921	25160	28215	30091	32383	34014	35169	36885
0:46:05	25.9	8006	11058	14385	17837	21929	25322	28219	30126	32552	34106	35269	37123
0:46:10	25.9	7992	11006	14457	17924	21900	25169	28420	30190	32290	33977	35292	36829
0:46:15	25.9	7910	10883	14416	17907	22196	25332	28243	30086	32639	33963	35430	36745
0:46:20	25.9	8064	11025	14446	17875	22084	25183	28193	30131	32146	34053	35181	36970
0:46:25	25.9	7985	10774	14556	17955	22162	25438	28048	30040	32509	34226	34976	36978
0:46:30	25.9	8047	10960	14393	17905	21881	25028	28319	30129	32144	33907	35208	36916
0:46:35	25.9	7995	10891	14483	17911	21963	25337	28323	29934	32542	33867	35226	37021
0:46:40	25.9	8097	11000	14362	17770	22078	25017	28318	30315	32445	33977	35432	37081
0:46:45	25.9	7999	11043	14391	17915	21891	25337	28432	30229	32166	34292	35014	36974
0:46:50	25.9	8045	11006	14386	17880	22047	25243	28178	29899	32519	33749	35204	37302
0:46:55	25.9	7906	10898	14577	17867	21877	25391	28360	30171	32417	34162	35023	36757
0:47:00	25.9	7976	10947	14465	18088	21881	25366	28329	30095	32694	34065	35299	37058
0:47:05	25.9	8018	11005	14546	17962	21839	25356	28136	30177	32248	34183	35332	36799
0:47:10	25.9	8045	10820	14387	17897	21864	25442	28028	30055	32355	33932	35035	37023
0:47:15	25.9	7990	10966	14431	18026	22004	25280	28290	30070	32356	33689	35313	36998
0:47:20	25.9	8023	10901	14451	18020	21859	25269	28178	30072	32382	34010	35140	36748
0:47:25	25.9	7955	10995	14441	17767	21962	25372	28030	29857	32287	33938	35090	37014
0:47:30	25.9	7924	10908	14400	18154	21956	25252	28527	29934	32697	34094	35320	37054
0:47:35	25.9	7938	10963	14456	17974	21773	25172	28211	30250	32542	34037	34846	36900
0:47:40	25.9	7930	10968	14558	17976	21903	25488	28320	30057	32435	34049	35173	37015
0:47:45	25.9	7894	11000	14442	17948	21952	25448	28145	30092	32627	34096	35334	37167
0:47:50	25.9	7998	11053	14499	18092	22002	25346	28264	29866	32570	33870	35359	36885
0:47:55	25.9	7972	10963	14567	17888	21922	25095	28251	29879	32500	34223	35225	36870
0:48:00	25.9	8027	10950	14440	17967	22038	25216	28228	30208	32473	33945	35524	37161
0:48:05	25.9	8024	10898	14469	17888	21741	25279	28392	29950	32394	34085	35143	36580
0:48:10	25.9	7969	10923	14353	18076	21929	25115	28295	30316	32401	34101	35251	37006
0:48:15	25.9	7968	10857	14479	18048	21992	25017	28294	30062	32478	34235	35097	37006
0:48:20	25.9	7924	10855	14469	17902	21966	25181	28346	30036	32445	33940	35426	37060
0:48:25	25.9	8007	10936	14438	17952	21887	25301	28126	30104	32170	34023	35224	36897
0:48:30	25.9	8012	10991	14531	17964	21927	25155	28395	29869	32563	33944	35257	36798
0:48:35	25.9	8066	11003	14559	17900	21964	25133	28143	30097	32933	34088	35043	36922
0:48:40	25.9	7910	10962	14519	17995	22098	25281	28322	30230	32433	34262	35462	37212
0:48:45	25.9	7964	10929	14474	18056	21992	25114	28257	30172	32183	33955	35442	37184
0:48:50	25.9	8056	10865	14561	17892	21870	25262	28463	30053	32317	34155	35319	36864
0:48:55	25.9	8079	11068	14611	17961	21908	25254	28483	29754	32317	34001	35319	37177
0:49:00	25.9	8107	10986	14472	17956	21991	25304	28167	29960	32475	34176	35219	37135
0:49:05	25.9	7981	10891	14380	18008	21780	25226	28348	30367	32438	34140	35098	37083
0:49:10	25.9	8044	10932	14408	17843	22153	25135	28390	30232	32489	34187	35139	37295
0:49:15	25.9	8004	11014	14437	17841	21959	25298	28561	30036	32420	33892	35362	36770
0:49:20	25.9	7956	10972	14350	17990	21857	25303	28163	30209	32372	34139	35181	36814
0:49:25	25.9	8004	10924	14430	17864	21919	25245	28392	30152	32322	33892	35298	36674
0:49:30	25.9	7984	10857	14348	18174	21861	25097	28351	30007	32336	34161	35254	37116
0:49:35	25.9	8037	10869	14449	18044	22086	25130	28356	30120	32460	34243	35457	37030
0:49:40	25.9	8018	10833	14493	17916	22000	24982	28166	30011	32463	34404	35173	37046
0:49:45	25.9	8045	10961	14448	18085	21975	25111	28212	30227	32369	34097	35166	36836
0:49:50	25.9	8006	11014	14387	17912	21968	25235	28231	29886	32445	33945	35152	36850
0:49:55	25.9	8033	10962	14348	18142	22019	25054	28289	30045	32442	33986	35018	37008
0:50:00	25.9	7963	10926	14499	18007	21760	25322	28299	30116	32365	34126	35351	37208
0:50:05	25.9	7929	10978	14426	17902	21968	25230	28200	29822	32459	34283	35050	36654
0:50:10	25.9	7993	10955	14474	18078	21923	25047	28415	30048	32257	34001	35379	36747
0:50:15	25.9	7884	10943	14473	18010	21961	25143	28335	30219	32271	33978	35179	37083
0:50:20	25.9	8022	10928	14518	18009	21914	25175	28450	30051	32337	34018	35285	37085
0:50:25	25.9	8017	10922	14394	18074	21788	25217	28369	30267	32251	34228	35232	37201
0:50:30	25.9	8016	11007	14488	18019	21813	25200	28356	30235	32339	33907	35028	37149
0:50:35	25.9	7957	10946	14459	17930	21971	25106	28307	30090	32380	34205	35410	36742
0:50:40	25.9	8048	10923	14426	17982	21981	25299	28269	30193	32700	33719	35412	36880
0:50:45	25.9	8007	10972	14363	17692	21932	25240	28473	30050	32447	34102	35389	36773
0:50:50	25.9	7966	10972	14358	17947	21982	25530	28407	30135	32451	34051	35349	37172
0:50:55	25.9	8056	10945	14401	17920	21963	25209	28311	30152	32473	34200	35533	36890
0:51:00	25.9	8062	11030	14504	17991	21845	25309	28121	29899	32445	33911	35359	36854
0:51:05	25.9	8013	10949	14539	18075	21877	25202	28161	29921	32488	34249	35293	37082
0:51:10	25.9	7960	10962	14432	17981	21890	25261	28104	30347	32376	34238	35313	36749
0:51:15	25.9	7976	11002	14435	18007	22110	25027	28348	30154	32608	34324	35008	37381
0:51:20	25.9	8071	10921	14614	18142	21866	25193	28092	29878	32563	33864	35567	36912
0:51:25	25.9	7989	10947	14403	17981	21786	25285	28390	30128	32317	34114	35073	36784
0:51:30	25.9	8051	10993	14393	18032	22022	25103	28166	30197	32690	33911	35224	37014
0:51:35	25.9	7996	10883	14457	17901	22027	25176	28430	30208	32419	33955	35302	37049
0:51:40	25.9	7975	10931	14374	17897	22084	25095	28287	29956	32394	33921	35530	37211
0:51:45	25.9	7931	10939	14489	18013	21926	25233	28146	29972	32181	33928	35409	37237
0:51:50	25.9	7909	11069	14373	17998	21806	25368	28343	30124	32550	33898	35179	37017
0:51:55	25.9	8027	10983	14449	18018	21885	25046	28342	29907	32288	33989	35276	36919
0:52:00	25.9	8002	10995	14477	18009	21973	25045	28379	30144	32551	34239	35183	36964
0:52:05	25.9	7993	10948	14311	17917	22264	25204	28339	30018	32559	34089	35233	37203
0:52:10	25.9	8006	10967	14557	18029	21751	25238	28068	30006	32568	34021	35279	37239
0:52:15	25.9	7986	10917	14453	17925	21947	25153	28273	30141	32417	34076	35238	36894
0:52:20	25.9	7953	10950	14424	17821	21903	25098	28366	30132	32442	34215	35211	37024
0:52:25	25.9	7945	10965	14615	17795	21926	25295	28204	30062	32236	33982	35098	36945
0:52:30	25.9	8037	10895	14500	17881	21772	25271	28164	29883	32492	33994	35144	36786
0:52:35	25.9	7986	10953	14296	17990	21989	25277	28112	29835	32571	33873	35140	37298
0:52:40	25.9	8100	10857	14458	18053	21703	25207	28318	30085	32422	34299	35329	36948
0:52:45	25.9	8103	10980	14498	18070	21791	25240	28100	29997	32464	34205	35550	36987
0:52:50	25.9	8038	10895	14527	18044	21875	25298	28259	30058	32519	34130	34938	37016
0:52:55	25.9	8037	10963	14391	17977	22002	25514	28088	30081	32551	33907	35261	37258
0:53:00	25.9	7991	10962	14405	17963	21847	25055	28206	30037	32575	33705	35252	37269
0:53:05	25.9	8003	10879	14501	18012	21817	25272	28294	30194	32436	34040	35444	37199
0:53:10	25.9	7966	10915	14515	17939	22007	25228	28434	29991	32605	34210	35204	37142
0:53:15	25.9	7993	10862	14481	17887	22039	25132	28037	30206	32344	34185	35211	37112
0:53:20	25.9	8011	10888	14474	17906	21911	25247	28076	30235	32504	34089	35036	36840
0:53:25	25.9	8007	10984	14497	17893	21911	25053	28042	30071	32543	34251	35114	36830
0:53:30	25.9	8024	10988	14387	18220	21769	25168	28337	30240	32347	34147	35065	37213
0:53:35	25.9	7923	10927	14457	17771	21970	25457	28288	30268	32461	33875	35320	37108
0:53:40	25.9	8003	10890	14494	17863	21864	25487	28092	29946	32043	34161	35423	37051
0:53:45	25.9	8100	11044	14454	18042	21868	25220	28338	30059	32435	34198	35178	36945
0:53:50	25.9	7891	11021	14549	17860	21998	25305	28157	30202	32272	34013	35417	37027
0:53:55	25.9	8017	11007	14400	17948	21797	24910	28351	29979	32406	34091	35162	37026
0:54:00	25.9	7984	10973	14461	18022	22004	25289	28287	30112	32133	33911	35514	37064
0:54:05	25.9	8063	10842	14384	17968	21915	25227	28244	29833	32277	33806	35130	37030
0:54:10	25.9	8024	11007	14352	17995	21946	25387	28337	30266	32274	34264	35298	37121
0:54:15	25.9	8049	10960	14393	17893	21757	25391	28242	29995	32566	34148	35327	36676
0:54:20	25.9	8000	11025	14695	17947	21974	25411	28094	29900	32141	34462	35194	36776
0:54:25	25.9	7972	10908	14473	17987	22103	25148	28274	30105	32558	34072	35213	36958
0:54:30	25.9	8006	10911	14487	18093	21817	25264	28363	30043	32248	33758	35199	37045
0:54:35	25.9	8088	10879	14502	17816	22022	25263	28276	30158	32789	34147	35155	36893
0:54:40	25.9	8049	10853	14491	18028	21821	25283	28408	30169	32188	34264	34855	37242
0:54:45	25.9	7988	11008	14502	17987	21682	25280	28324	30185	32488	33842	35400	37142
0:54:50	25.9	8013	10920	14405	17811	21822	25084	28171	30089	32324	34123	35233	37195
0:54:55	25.9	7980	10967	14496	17851	22136	25444	27718	30019	32466	34234	35630	36967
0:55:00	25.9	7990	11029	14448	18049	22119	25263	28177	30281	32541	34047	35463	36984
0:55:05	25.9	8009	10944	14485	17861	21978	25238	28410	30169	32590	34086	35288	37176
0:55:10	25.9	8031	10963	14468	17920	21847	25165	28056	29908	32454	34054	35327	37257
0:55:15	25.9	7973	10897	14321	17955	21850	25399	28644	30109	32701	34000	35374	37057
0:55:20	25.9	8008	11053	14475	17909	21996	25176	28203	30021	32456	34241	35513	36942
0:55:25	25.9	7956	10870	14496	17808	21923	25533	28212	30271	32267	34209	34975	36783
0:55:30	25.9	7975	11066	14513	18058	21864	25237	28486	30439	33006	34194	35312	36841
0:55:35	25.9	8011	11038	14443	18041	22099	25128	28484	30256	32541	33928	35203	37146
0:55:40	25.9	7993	10870	14425	17816	21939	25207	28299	30113	32256	34335	34795	36908
0:55:45	25.9	8067	10875	14402	17848	21748	25050	28215	30102	32621	34453	35309	36600
0:55:50	25.9	7989	10918	14332	17998	21930	25216	28018	29926	32322	34073	35010	36774
0:55:55	25.9	7962	10903	14418	17967	21886	25121	28674	30063	32676	34060	35229	36900
0:56:00	25.9	8030	10934	14459	17834	21768	25320	28211	30208	32625	34284	35372	36889
0:56:05	25.9	7945	10990	14503	18004	21774	25027	28161	30164	32443	33954	35388	36825
0:56:10	25.9	8007	11126	14507	18201	21899	25260	28516	29954	32559	34266	35168	36980
0:56:15	25.9	7993	11003	14381	18008	21989	25444	28238	29960	32675	33833	35425	36946
0:56:20	25.9	8041	10899	14530	18085	21963	25110	28233	29963	32465	34239	35218	37157
0:56:25	25.9	7943	10937	14437	17910	22004	25128	28343	30088	32380	33982	35430	37118
0:56:30	25.9	7950	10988	14496	17982	21878	24970	28094	29995	32336	34120	35043	36757
0:56:35	25.9	7987	10903	14489	17868	21842	25142	28434	29894	32461	34229	35657	36991
0:56:40	25.9	7959	10942	14578	17940	21857	25102	28386	30013	32207	34183	35153	37189
0:56:45	25.9	8029	10908	14506	18129	21879	25265	28101	30057	32437	33901	35240	37073
0:56:50	25.9	7989	10971	14511	18055	21862	25174	28288	30257	32464	34106	35334	36926
0:56:55	25.9	7987	10967	14320	17949	21862	25138	28316	30053	32477	34103	34873	37112
0:57:00	25.9	7958	11000	14378	17898	21969	25216	28207	30114	32320	33994	35307	36977
0:57:05	25.9	8019	10971	14458	17823	21934	25106	28478	29930	32616	34124	35454	37237
0:57:10	25.9	7991	10809	14418	17968	21810	25173	28010	30105	32416	34082	35151	37035
0:57:15	25.9	7966	10960	14370	17955	22036	25109	28090	30174	32657	34001	35198	37067
0:57:20	25.9	7953	10802	14441	17993	22008	25366	27922	29865	32578	34036	35230	37027
0:57:25	25.9	8073	10922	14364	18034	21892	25205	28121	29824	32466	34293	35304	36902
0:57:30	25.9	8007	10991	14467	17975	21856	25180	28149	30184	32530	33871	35434	37005
0:57:35	25.9	7989	10970	14422	17972	21723	25145	28270	30240	32303	33988	34947	37096
0:57:40	25.9	7990	11078	14346	18041	21757	25143	28365	30143	32471	33961	35165	37066
0:57:45	25.9	7992	10914	14478	17954	21811	25103	28118	30014	32471	33913	35435	36729
0:57:50	25.9	7986	10975	14515	17885	21854	25114	28361	29986	32354	34061	35066	36931
0:57:55	25.9	8004	10929	14427	17903	21899	25505	28064	30219	32462	33921	35306	36694
0:58:00	25.9	8070	10861	14487	17848	21942	24913	28069	30127	32419	33792	35272	37018
0:58:05	25.9	8017	10907	14537	17986	21875	25493	28111	30079	32537	34042	35191	37244
0:58:10	25.9	7986	11007	14499	17839	21904	25224	28344	30091	32467	33681	35374	36965
0:58:15	25.9	8025	10810	14366	18048	21994	25243	28141	30269	32457	34059	35433	37032
0:58:20	25.9	8047	10966	14448	18058	22117	25312	28154	29906	32359	34118	35202	37164
0:58:25	25.9	7975	10971	14472	17876	21875	25196	28283	30138	32497	34230	35089	36912
0:58:30	25.9	7958	10960	14515	17877	21763	25219	28195	30083	32619	34197	35417	37017
0:58:35	25.9	7923	10847	14356	17918	21952	25251	28033	30120	32533	34233	35121	36956
0:58:40	25.9	7943	10884	14524	18045	21969	25327	28369	30193	32672	33944	35134	36709
0:58:45	25.9	8062	10956	14516	18035	21769	25105	28152	29781	32407	33926	35620	36877
0:58:50	25.9	8001	10973	14507	18067	21737	25357	28290	30175	32554	34071	35315	37232
0:58:55	25.9	7977	11039	14406	18064	21985	24955	28336	30071	32336	34264	35239	36883
0:59:00	25.9	7964	10988	14466	18113	21972	25299	28108	30132	32445	34489	35260	37328
0:59:05	25.9	7986	10964	14462	17903	22132	25404	28274	30101	32625	34038	35289	37062
0:59:10	25.9	8020	10896	14527	17956	21825	25067	28146	30004	32008	33823	34988	37107
0:59:15	25.9	7964	10940	14412	18103	21923	25201	28093	30241	32600	33993	35095	37160
0:59:20	25.9	7972	10936	14588	18114	21770	25299	28248	30015	32470	34290	35299	37047
0:59:25	25.9	7975	10902	14580	17992	21923	25074	28167	30096	32250	33792	34801	37176
0:59:30	25.9	8053	10901	14526	17874	22083	25020	28022	30463	32571	34127	35285	36704
0:59:35	25.9	8049	10975	14468	17899	21956	25110	28208	30224	32461	34321	35484	37070
0:59:40	25.9	8001	10914	14369	17895	21871	25171	28248	30007	32571	34312	34976	36931
0:59:45	25.9	7997	10938	14400	18088	21947	25430	28253	30180	31985	33936	35049	37393
0:59:50	25.9	7922	10912	14412	17809	21801	25053	28145	29877	32367	33955	35303	36810
0:59:55	25.9	8008	11018	14520	17872	21938	25348	28234	29936	32715	34089	35390	36871
1:00:00	25.9	8009	10874	14493	17957	22062	25101	28329	29905	32383	33863	35372	37018
1:00:05	25.9	8005	10917	14466	17864	21941	25162	28390	29965	32486	34236	35444	37135
1:00:10	25.9	8003	11073	14516	18011	21940	25194	28376	30018	32246	33911	35199	36958
1:00:15	25.9	7973	10953	14415	18072	21796	25129	28199	30026	32562	34145	35185	36949
1:00:20	25.9	8015	10931	14465	17975	21791	25286	28053	30052	32493	33797	35367	36839
1:00:25	25.9	7973	10887	14352	17955	22148	24972	28303	30334	32434	33896	35465	36830
1:00:30	25.9	7980	10989	14488	17849	21971	25206	28066	29851	32342	34152	35059	36689
1:00:35	25.9	8020	11023	14382	17996	22009	25165	28179	29999	32439	34135	35210	36951
1:00:40	25.9	8001	10899	14367	17869	21863	25148	28233	30288	32273	34013	35480	37199
1:00:45	25.9	7939	10889	14446	18020	21768	25348	28254	30161	32282	33947	35457	36833
1:00:50	25.9	8046	10996	14363	18003	21949	25072	28110	30195	32571	34073	35273	37024
1:00:55	25.9	8019	10936	14534	18030	22061	25375	28022	30303	32390	34085	35424	36884
1:01:00	25.9	7983	10942	14501	18116	21838	25395	28320	30225	32417	33591	35446	37060
1:01:05	25.9	7938	10883	14539	18015	21976	25110	28158	29799	32363	34102	35026	37087
1:01:10	25.9	8029	10890	14365	18044	21911	25183	28293	30001	32394	33970	35148	36687
1:01:15	25.9	8044	10958	14483	17816	22055	25280	28397	29854	32501	34160	35335	36873
1:01:20	25.9	8020	11038	14424	17792	22120	25233	27966	30131	32475	34352	34951	37121
1:01:25	25.9	7982	11033	14419	17976	21773	25287	28306	29890	32238	33694	35340	36972
1:01:30	25.9	8001	10930	14367	17854	22069	25106	28172	30311	32610	34221	35219	36933
1:01:35	25.9	8008	10902	14474	18038	22012	25080	28290	30123	32328	34254	35201	37155
1:01:40	25.9	7968	10869	14578	17954	21761	25377	28283	30025	32169	34082	35333	37176
1:01:45	25.9	7948	10924	14406	17964	22004	25272	28103	30042	32370	33890	35171	36805
1:01:50	25.9	7942	10853	14433	17981	21981	25310	28207	29855	32495	34084	35085	37172
1:01:55	25.9	8011	10906	14552	18107	21972	25433	28420	30117	32642	34250	35078	36723
1:02:00	25.9	7925	10878	14411	17992	21858	25423	28197	29901	32637	34287	35511	37043
1:02:05	25.9	7995	11012	14450	17935	21927	25237	28253	30171	32339	34024	35103	36848
1:02:10	25.9	7979	10881	14617	17976	21864	25341	28164	30126	32550	34077	35382	37198
1:02:15	25.9	8039	10903	14508	17905	21840	25205	28221	29998	32492	34028	35445	37105
1:02:20	25.9	7980	11019	14409	17991	21876	25253	28017	30150	32218	34109	34970	37025
1:02:25	25.9	7946	10938	14594	18158	21863	25271	28277	30091	32436	34015	35079	36928
1:02:30	25.9	7973	10963	14372	17862	21831	25110	28410	30124	32558	33922	35364	36860
1:02:35	25.9	7951	10878	14431	18008	22037	25393	28297	30071	32482	33923	35316	37271
1:02:40	25.9	7974	10899	14476	17899	21972	25021	27867	29960	32303	33933	35153	37082
1:02:45	25.9	8003	10952	14448	18047	22006	25317	28263	30380	32177	33970	35201	36863
1:02:50	25.9	7968	10859	14506	18088	21926	25286	28224	30162	32449	34144	35307	36932
1:02:55	25.9	7948	11007	14507	17929	22047	25230	28101	30148	32655	34163	35183	36735
1:03:00	25.9	7959	10973	14417	17927	21718	25284	28525	30076	32493	33792	35301	36968
1:03:05	25.9	7987	10849	14543	17931	21943	25232	27928	30251	32156	33976	35175	36882
1:03:10	25.9	8058	10928	14469	17995	21976	25193	28391	30133	32617	33926	35380	36899
1:03:15	25.9	8010	10933	14498	17925	22055	25272	28236	29764	32113	34373	35693	36871
1:03:20	25.9	7968	10880	14450	18038	22058	25176	27966	29890	32614	33967	35412	37049
1:03:25	25.9	8005	10907	14552	17952	22225	25176	28421	30173	32763	34131	35171	37275
1:03:30	25.9	8002	10905	14550	18064	21953	25431	28248	29923	32221	34204	35230	36940
1:03:35	25.9	8060	10969	14589	17952	22007	25221	28206	30011	32549	34100	35538	36691
1:03:40	25.9	8045	10867	14462	17871	21866	25095	28139	30054	32496	34497	35148	37022
1:03:45	25.9	7992	10909	14534	18023	21988	24971	28481	29876	32149	33909	35106	37012
1:03:50	25.9	7942	10947	14450	17934	21856	25224	28070	30340	32513	34035	35068	37121
1:03:55	25.9	7987	10877	14502	18000	21781	25274	28011	30226	32503	34449	35447	37280
1:04:00	25.9	8063	10886	14459	17900	21978	25273	28105	29924	32396	34094	35365	37072
1:04:05	25.9	7961	10904	14611	17839	22134	25451	28213	30162	32321	34071	35275	37020
1:04:10	25.9	7983	11012	14466	17997	21997	25358	27984	30143	32845	34186	35172	36817
1:04:15	25.9	8010	10944	14461	18083	21801	25284	28579	30222	32348	33849	34970	37124
1:04:20	25.9	8023	10899	14494	17956	22000	25352	28396	29814	32381	34142	35364	36731
1:04:25	25.9	7965	10967	14537	17888	22104	25131	28298	29929	32511	33967	35058	37091
1:04:30	25.9	7954	11019	14456	17910	21874	25062	28397	29900	32319	34182	35478	37117
1:04:35	25.9	7969	10950	14584	17870	21913	25242	28369	30058	32287	33737	34917	37006
1:04:40	25.9	8009	11052	14467	17832	21924	25208	28560	30017	32628	33859	35452	36898
1:04:45	25.9	7975	11013	14480	18185	21913	25125	28252	30163	32384	34166	35388	37338
1:04:50	25.9	7992	10910	14399	17762	21891	25280	28355	30178	32212	33869	35004	36717
1:04:55	25.9	7987	10837	14408	18099	21830	25100	27990	30116	32127	33999	35315	36925
1:05:00	25.9	8046	10987	14326	17892	21970	25384	28221	29969	32295	33982	35289	37138
1:05:05	25.9	7989	10886	14403	18030	21843	25055	28169	30385	32444	34021	35050	37221
1:05:10	25.9	8053	10870	14408	18069	22007	25035	28318	30107	32580	34073	35357	37108
1:05:15	25.9	7973	10913	14460	17973	21774	25187	28098	30082	32362	34187	35229	37088
1:05:20	25.9	8059	10917	14484	18024	21696	25469	28274	30227	32653	34373	35648	37378
1:05:25	25.9	8016	10836	14550	18105	21762	25288	28291	29852	32426	34144	35242	36952
1:05:30	25.9	7999	10925	14451	17961	21775	25449	28395	30076	32671	34382	35319	36879
1:05:35	25.9	8001	10929	14459	17935	21967	25178	28291	29990	32484	33905	34985	37238
1:05:40	25.9	7987	10922	14546	17856	21710	25232	28386	30372	32262	33933	35029	36895
1:05:45	25.9	8021	10954	14478	17901	21790	25352	28228	30072	32243	34233	35397	36962
1:05:50	25.9	7964	11031	14423	17974	21804	25013	28334	30014	32581	34046	35478	37026
1:05:55	25.9	7979	10894	14430	18177	21747	25148	28193	29938	32353	33768	35113	37258
1:06:00	25.9	7966	10937	14491	18045	22070	25412	28091	29901	32421	34145	35019	37122
1:06:05	25.9	7941	10939	14450	17945	21962	25176	28380	29870	32474	34127	35182	36846
1:06:10	25.9	8010	10977	14457	17962	22076	25260	28193	30370	32391	33933	35331	37007
1:06:15	25.9	8005	10888	14388	17928	21871	25118	28244	30010	32413	34127	35325	37040
1:06:20	25.9	7965	10918	14492	17902	21979	25200	28327	30152	32453	33867	35302	37018
1:06:25	25.9	8082	10932	14448	18220	22039	25335	28233	30360	32311	33691	35210	36989
1:06:30	25.9	7990	10837	14451	18027	21852	25431	28277	30039	32343	33852	35007	37291
1:06:35	25.9	7974	10850	14525	17888	22029	25200	28472	30165	32301	34227	35422	37123
1:06:40	25.9	8005	10976	14352	17859	21699	25207	28504	29918	32403	34222	35390	36779
1:06:45	25.9	8027	11021	14539	17938	21885	25053	28495	30142	32459	33892	35189	36893
1:06:50	25.9	7913	10955	14373	17895	21791	25144	28252	30280	32375	33969	35224	36971
1:06:55	25.9	7994	10990	14506	17983	21750	25392	28153	30044	32548	33930	35313	36915
1:07:00	25.9	7981	10991	14446	17871	21958	25050	28224	29980	32214	34226	35210	37346
1:07:05	25.9	8007	10925	14565	18117	22011	25223	28395	30149	32576	34109	35420	37218
1:07:10	25.9	7935	10950	14565	18116	21786	25067	28490	29961	32375	34081	35348	36878
1:07:15	25.9	7898	10898	14472	17980	21938	25262	28148	29870	32304	33751	35250	36917
1:07:20	25.9	7999	10942	14375	17869	21869	25128	28366	30153	32583	34018	35489	37326
1:07:25	25.9	7867	10879	14463	18147	21830	25487	28192	30068	32074	33897	35100	36976
1:07:30	25.9	8025	10904	14330	18080	22128	25109	28058	30135	32353	33771	35438	36903
1:07:35	25.9	7955	10995	14480	17990	22081	25288	28499	29654	32398	33866	35408	37041
1:07:40	25.9	7958	10965	14400	17967	22026	25413	28148	30117	32749	34221	35446	37077
1:07:45	25.9	7980	10864	14413	17883	21770	25413	28255	30004	32372	34064	35246	36839
1:07:50	25.9	7948	10851	14521	18079	21994	25099	28186	30048	32247	34116	35186	36955
1:07:55	25.9	7988	10863	14467	18060	21917	24943	28353	29998	32347	34100	35327	36908
1:08:00	25.9	8012	11063	14361	17816	21845	25163	28314	29887	32233	34114	34962	36999
1:08:05	25.9	7925	10935	14399	18091	21850	25306	28267	30050	32323	34061	35457	36695
1:08:10	25.9	7976	11008	14501	18050	22070	25435	28291	30099	32390	34129	35295	36836
1:08:15	25.9	7938	10947	14529	18017	21814	25328	28027	30238	32435	34220	35665	36916
1:08:20	25.9	8006	10904	14465	17877	21813	25188	28211	29938	32173	33650	35314	36877
1:08:25	25.9	7956	10988	14461	17870	21778	25163	28142	30034	32310	34157	35281	36970
1:08:30	25.9	7984	10853	14405	18055	22028	25204	28317	30065	32461	33907	35232	36827
1:08:35	25.9	8022	10936	14389	17953	21869	25018	28307	30200	32199	34032	35423	36995
1:08:40	25.9	7936	11010	14398	17934	21813	25241	28587	30071	32438	33905	35326	37154
1:08:45	25.9	7964	10923	14469	18118	21917	25277	28195	30153	32773	33971	35588	36797
1:08:50	25.9	7964	10997	14483	17992	22059	25167	28145	30056	32425	34225	35284	37139
1:08:55	25.9	7951	10981	14695	17854	21883	25142	28113	30017	32292	33896	35259	36948
1:09:00	25.9	7933	11038	14583	18052	21714	25200	28557	29986	32218	34101	35240	37071
1:09:05	25.9	7945	10970	14343	17923	21889	25197	28288	30249	32317	34227	35150	36862
1:09:10	25.9	7995	10948	14516	18024	21898	25376	28242	30395	32445	34065	35268	36747
1:09:15	25.9	8101	10969	14496	17960	21951	25153	28056	29897	32197	34355	35173	37010
1:09:20	25.9	8017	11001	14508	17847	22129	25250	28259	30035	32370	33977	35177	36779
1:09:25	25.9	7997	10932	14423	18003	21844	25176	28349	29988	32514	33916	35234	37038
1:09:30	25.9	8060	10905	14434	17868	21801	25388	28061	30150	32475	34020	35575	36817
1:09:35	25.9	7987	10919	14380	17952	21866	25449	28217	30128	32256	34125	35222	37189
1:09:40	25.9	7967	11063	14453	18114	21823	25121	28302	30071	32343	33835	35107	36839
1:09:45	25.9	7969	10988	14522	18109	21828	25317	28376	29887	32410	33886	35337	36886
1:09:50	25.9	7991	10983	14523	17970	22027	25232	28201	30082	32267	34057	35105	36957
1:09:55	25.9	7977	10944	14507	17914	21942	25400	28013	29902	32126	34139	35673	37145
1:10:00	25.9	7965	10917	14457	18024	21980	25262	28462	30068	32349	34007	34951	36826
1:10:05	25.9	8005	10877	14480	17867	21829	24998	28475	30105	32354	33926	35519	36993
1:10:10	25.9	7943	10969	14428	17982	21863	25053	28069	30241	32225	33947	35259	36747
1:10:15	25.9	7912	10890	14299	17834	21895	25220	28384	30158	32482	34384	35187	36694
1:10:20	25.9	7996	11007	14382	17844	21980	25149	27869	29996	32199	34101	35360	36938
1:10:25	25.9	8016	10905	14475	17933	21789	25228	28208	29898	32718	34207	35239	37009
1:10:30	25.9	7934	10836	14442	17822	21647	25096	28095	30421	32498	33926	35215	37050
1:10:35	25.9	7949	10882	14489	18093	21911	25222	28335	30283	32326	34064	35075	36797
1:10:40	25.9	7964	10892	14384	17859	21822	25315	28203	30244	32333	34038	35095	37409
1:10:45	25.9	7965	10955	14324	17957	22070	25149	28242	30042	32347	33869	35212	36872
1:10:50	25.9	8040	10900	14379	18042	21851	25313	28025	29860	32260	34050	35165	37270
1:10:55	25.9	7987	10912	14425	17866	22010	25293	28131	30285	32245	33870	35377	37114
1:11:00	25.9	7933	10881	14423	17833	21939	25201	28316	30145	32155	33874	35094	37148
1:11:05	25.9	8019	11041	14345	17855	21949	25308	27993	30122	32367	33872	35270	37461
1:11:10	25.9	7955	10965	14460	17967	21975	25168	28332	30164	32401	34120	35159	36983
1:11:15	25.9	7975	11014	14470	17930	21914	25213	28215	30117	32387	34052	35069	36909
1:11:20	25.9	7942	10926	14436	18140	21873	25349	28233	30008	32401	34044	35633	36940
1:11:25	25.9	7953	10953	14451	18006	21756	25139	28510	30012	32428	33773	35120	36964
1:11:30	25.9	8021	10956	14474	17852	21962	24966	28217	30034	32383	33803	35069	36826
1:11:35	25.9	7937	10939	14327	17888	21920	25188	28496	30038	32245	34089	35422	36906
1:11:40	25.9	8097	10998	14404	18053	22001	25093	28189	30054	32252	33802	35380	37385
1:11:45	25.9	7951	10949	14488	17967	21860	25125	28207	30016	32156	34177	35197	37083
1:11:50	25.9	8010	10876	14402	17913	21931	25104	28338	30118	32349	34168	35215	36663
1:11:55	25.9	7980	10900	14374	17953	22104	25128	28278	29789	32277	34034	35356	36632
1:12:00	25.9	7930	10933	14435	17913	21891	25244	28149	30002	32168	34235	35350	36754
1:12:05	25.9	7936	10844	14440	17937	21766	25073	28241	29943	32558	34311	35571	36975
1:12:10	25.9	7974	10918	14456	17946	21949	25076	28302	30291	32608	34018	35185	37171
1:12:15	25.9	8028	10848	14506	18036	21899	25226	28147	29829	32222	34114	35317	37014
1:12:20	25.9	7988	10950	14446	17794	21771	25373	28464	30156	32218	34025	35038	37258
1:12:25	25.9	8028	10943	14360	17923	21713	25245	28432	30327	32277	34157	35280	37033
1:12:30	25.9	7978	10912	14433	17929	21895	25377	28240	29973	32277	33947	35163	37002
1:12:35	25.9	7979	10942	14486	17921	21940	25312	28093	29962	32643	33899	35475	36840
1:12:40	25.9	8004	10885	14570	18028	21964	25051	28150	29849	32365	33958	35243	36955
1:12:45	25.9	7964	10883	14410	17984	21958	25263	28211	30272	32269	34088	35463	36966
1:12:50	25.9	7998	11036	14473	17978	21936	25147	27973	30165	32481	34103	35203	37262
1:12:55	25.9	7930	10927	14418	17937	21768	25185	28277	30022	32755	34187	35209	37135
1:13:00	25.9	7974	10929	14526	18036	21889	25103	28167	29847	32283	34077	35069	36792
1:13:05	25.9	8001	10934	14445	18139	21861	25177	28203	29955	32470	34125	35504	36986
1:13:10	25.9	8025	10936	14485	17839	21902	25296	28154	29909	32483	34233	35249	36950
1:13:15	25.9	7982	10917	14515	17947	21941	25198	27999	30195	32632	34110	35166	36922
1:13:20	25.9	7985	10911	14622	17939	21947	25070	28207	30106	32127	33858	35128	37091
1:13:25	25.9	7980	10937	14594	18146	21895	25036	28273	30192	32372	33977	35099	36584
1:13:30	25.9	7963	10915	14425	17808	21939	25289	28312	30078	32393	33944	35092	36768
1:13:35	25.9	7962	10917	14604	18056	21868	25318	28050	30061	32329	33876	35195	37267
1:13:40	25.9	8041	10945	14496	17925	22017	25225	28153	29981	32458	33950	35223	37015
1:13:45	25.9	7989	10946	14329	18041	22041	25376	28034	29968	32359	33860	35326	36836
1:13:50	25.9	8019	10936	14456	17872	21798	25406	28201	29857	32360	34139	35188	37017
1:13:55	25.9	7985	10957	14443	18096	21891	25089	28365	29953	32153	34338	35071	36871
1:14:00	25.9	7978	10959	14506	17988	22002	25037	28296	30041	32324	34050	35065	36566
1:14:05	25.9	8023	10927	14412	17874	21847	25089	28097	30096	32480	33931	35424	36820
1:14:10	25.9	7990	10899	14459	17908	21680	25278	28251	30032	32445	34111	35036	37067
1:14:15	25.9	8008	10976	14393	17986	21992	25028	28241	30366	32338	33893	34953	37056
1:14:20	25.9	7972	10991	14559	17980	21943	25317	28175	30297	32193	34133	35301	36803
1:14:25	25.9	7980	10949	14478	18076	21734	25183	28332	30116	32501	33968	35004	36791
1:14:30	25.9	8020	10869	14381	17971	21995	25374	28334	29869	32205	33941	35252	36845
1:14:35	25.9	7922	10976	14478	18014	21806	24996	28200	29954	32376	34208	35176	37022
1:14:40	25.9	7916	10954	14499	17995	21874	25363	28249	30032	32409	33791	35397	37208
1:14:45	25.9	7972	10995	14490	17995	22131	25108	28135	29934	32128	33670	35424	37394
1:14:50	25.9	7954	10863	14534	18008	21788	25272	28214	29971	32531	34290	35286	36791
1:14:55	25.9	7949	10998	14389	18000	21954	25221	28399	29909	32438	34060	35100	37099
1:15:00	25.9	8005	10878	14495	18058	21715	25254	28260	30045	32060	34191	35231	37061
1:15:05	25.9	8028	10955	14519	17926	21879	25324	27892	29982	32339	34326	35105	36726
1:15:10	25.9	7989	10897	14545	18067	21835	25136	28063	30191	32339	34053	35398	36826
1:15:15	25.9	7962	11023	14525	18067	21971	25262	28303	30230	32499	33909	35044	37115
1:15:20	25.9	8027	10843	14455	17859	21932	25095	28187	29908	32415	33893	35296	36905
1:15:25	25.9	7949	10965	14424	17952	21888	25130	28235	29874	32330	34162	35316	36998
1:15:30	25.9	8011	10875	14512	18007	21888	25234	28142	30163	31919	34076	35240	36953
1:15:35	25.9	7996	10872	14317	18047	21842	25298	28441	29984	32163	34016	35281	37214
1:15:40	25.9	8004	11047	14481	18136	21887	25204	28298	29964	32231	33974	35057	37005
1:15:45	25.9	7946	11003	14423	17960	21959	25247	28131	29999	32345	34075	35565	36822
1:15:50	25.9	7925	10938	14355	18009	21734	25229	28004	29886	32609	34105	35190	36631
1:15:55	25.9	7959	10972	14466	17950	21852	24996	28207	29958	32689	33840	35255	37284
1:16:00	25.9	7893	10890	14446	18040	21823	25315	28291	30212	32631	33993	35277	37340
1:16:05	25.9	7965	10970	14396	17823	21987	25022	28498	29926	32432	33967	35359	36867
1:16:10	25.9	8007	10899	14365	17971	21958	25378	28096	29796	32258	34014	35599	37170
1:16:15	25.9	7911	10910	14504	17876	22050	25151	28140	30163	32323	34154	35336	36836
1:16:20	25.9	7884	10950	14471	17859	21920	25269	28229	30457	32453	34126	35119	36836
1:16:25	25.9	7952	10914	14525	18024	21777	25122	28158	30106	32314	34248	35427	37037
1:16:30	25.9	7967	10879	14524	17863	22128	25246	28276	30356	32324	34059	35325	36883
1:16:35	25.9	8009	10925	14400	17969	21735	25366	28555	30023	32359	34076	35351	37126
1:16:40	25.9	7980	11015	14421	18077	21762	25372	28202	30083	32273	34149	35359	36738
1:16:45	25.9	7938	10859	14500	17907	22025	25280	28149	30181	32418	34042	35412	36997
1:16:50	25.9	7981	10844	14440	17736	21832	25267	28348	30135	32524	34123	35266	36600
1:16:55	25.9	7973	10918	14426	17946	21896	25085	28095	30153	32162	34263	35583	37258
1:17:00	25.9	7977	10949	14363	18012	21754	25292	28570	30105	32203	33725	35500	36972
1:17:05	25.9	7970	10943	14412	17802	22008	25058	28240	30157	32248	33742	35294	36998
1:17:10	25.9	7913	10919	14576	18022	21838	25225	27944	30197	32407	34162	35355	37062
1:17:15	25.9	8029	10858	14450	17972	22061	25090	28328	30100	32183	34010	35155	36742
1:17:20	25.9	7984	10931	14395	18044	21925	25096	27950	29968	32485	33878	35431	36833
1:17:25	25.9	7955	10877	14451	17890	21999	25138	28240	30065	32062	34092	34948	36985
1:17:30	25.9	7972	10906	14304	17895	21794	25184	28193	30225	32247	34043	35331	36940
1:17:35	25.9	8013	10934	14332	17848	21862	25377	28150	29920	32178	33781	35196	36889
1:17:40	25.9	8009	10797	14515	17870	22046	25121	28228	30087	32446	34092	35110	36691
1:17:45	25.9	7948	10886	14332	18108	21771	25093	28350	29908	32461	33984	35172	37133
1:17:50	25.9	8023	11019	14506	18017	21930	25233	28291	30190	32308	34189	35130	36979
1:17:55	25.9	7970	10853	14389	17927	21896	25073	28263	30070	32292	33815	35290	36748
1:18:00	25.9	7943	10962	14481	17968	22060	25202	28275	30204	32210	34114	35136	36843
1:18:05	25.9	7997	11000	14383	17830	21944	25175	28086	29802	32409	34076	35029	36953
1:18:10	25.9	8005	10839	14561	17961	21914	25165	28462	30040	32251	33917	35443	36970
1:18:15	25.9	7973	10967	14434	17956	21866	25227	28176	30161	32355	33944	35066	36850
1:18:20	25.9	7970	10873	14404	17971	21758	25334	28490	30069	32344	33711	34991	37311
1:18:25	25.9	8015	10915	14524	18011	21884	25172	28133	30285	32293	33765	35450	36972
1:18:30	25.9	8003	10930	14402	17977	21901	24977	28294	30086	32307	33872	35481	37048
1:18:35	25.9	8006	10885	14353	17954	21923	25187	28301	29960	32352	33960	35496	36861
1:18:40	25.9	7993	10988	14449	18101	21921	25313	28067	29972	32313	33906	35321	37023
1:18:45	25.9	7960	10860	14433	18012	22066	25206	28372	29854	32369	33988	35374	37040
1:18:50	25.9	7905	10962	14434	17960	21740	25208	28067	30087	32124	33819	35446	36824
1:18:55	25.9	8016	10960	14612	18034	21956	25243	28192	30034	32546	34219	35226	37009
1:19:00	25.9	7990	11031	14440	18019	21966	25255	27968	30250	32330	33582	35365	36543
1:19:05	25.9	8047	10891	14366	17931	22010	25251	28136	30020	32201	34006	35205	37000
1:19:10	25.9	8007	10984	14471	18030	21951	25403	28202	30266	32511	34074	35208	37137
1:19:15	25.9	7909	10892	14521	18086	21757	25262	28131	30048	32585	33913	35250	36917
1:19:20	25.9	7996	10844	14467	17947	21748	25277	28381	30061	32265	34141	35136	36716
1:19:25	25.9	7946	11085	14516	18005	21956	25208	28303	30220	32600	33845	35262	36990
1:19:30	25.9	7987	10880	14482	18093	22035	25272	28471	30205	32469	34045	35095	37235
1:19:35	25.9	7872	10940	14464	18009	21781	25263	28261	29626	32514	34103	35504	37144
1:19:40	25.9	8038	10845	14434	17979	21816	25395	28011	30127	32537	33958	35219	36909
1:19:45	25.9	7909	10947	14488	17915	21978	25228	28156	29875	32404	34109	35356	37099
1:19:50	25.9	7926	10861	14406	18012	21876	25233	28190	30555	32232	33843	35207	36999
1:19:55	25.9	7976	10877	14434	17964	21925	25390	28259	30089	32360	34013	35019	37246
1:20:00	25.9	7935	10845	14447	17994	21744	25230	28367	30046	32209	34157	35490	36946
1:20:05	25.9	7944	10901	14479	17919	21972	25515	28210	30140	32569	34087	35154	36850
1:20:10	25.9	7931	11051	14430	17938	21744	25086	28279	29921	32573	33875	35330	37011
1:20:15	25.9	7868	10938	14357	17903	22199	25130	28174	30085	32260	34063	35218	37212
1:20:20	25.9	7931	10974	14366	17797	21817	25374	28276	29977	32735	33960	35375	36912
1:20:25	25.9	7976	10924	14467	17994	21992	25263	28258	29919	32398	34231	35532	37060
1:20:30	25.9	7989	10996	14453	17994	21934	24963	28344	29987	32535	34044	35106	37133
1:20:35	25.9	8021	10895	14476	17927	21941	25256	28052	30280	32541	33735	35114	36665
1:20:40	25.9	7939	10901	14387	17935	21943	25304	28262	30059	32160	34090	35396	36929
1:20:45	25.9	8016	10907	14445	18082	21848	25175	28111	29821	32488	34062	35537	36947
1:20:50	25.9	7983	10888	14414	17936	21926	25204	28230	30071	32288	34043	35422	37191
1:20:55	25.9	8073	10896	14602	17955	21732	25313	28212	30232	32503	34090	35225	36980
1:21:00	25.9	7931	10941	14404	17856	22060	25411	28212	29951	32539	34093	35193	37116
1:21:05	25.9	7961	10999	14404	18108	21988	25244	28181	29890	32560	34103	35226	37220
1:21:10	25.9	7986	10831	14430	17993	21897	25054	28025	29976	32363	33836	35516	37026
1:21:15	25.9	7973	10952	14661	17976	21736	25175	28190	30058	32146	34169	35331	37221
1:21:20	25.9	7944	10960	14450	18013	21913	24975	28262	30061	32205	33907	35053	37004
1:21:25	25.9	7975	10899	14373	17942	22022	25298	28210	29653	32416	34003	35148	36937
1:21:30	25.9	7948	10907	14304	18002	21949	25073	28261	30141	32161	33869	35198	37006
1:21:35	25.9	7959	10986	14331	17975	21884	25144	28259	30374	32278	34001	34887	36902
1:21:40	25.9	7938	10948	14532	17778	22002	25258	28179	29934	32484	33791	35136	36820
1:21:45	25.9	7999	10958	14426	18154	21890	25193	28163	29828	32307	34080	35577	37051
1:21:50	25.9	7989	10980	14445	17905	21801	25207	28191	29808	32356	33884	35318	37085
1:21:55	25.9	8014	10855	14356	17993	21785	25122	28130	30232	32300	33858	35195	36942
1:22:00	25.9	8021	10866	14426	17909	21989	25110	28274	30030	32266	34082	35037	37098
1:22:05	25.9	8009	10883	14445	17904	21869	25198	27905	30127	32531	34032	35062	36836
1:22:10	25.9	8045	10896	14442	17879	22156	25172	28449	29978	32371	33967	35368	36972
1:22:15	25.9	8033	10972	14521	17867	21832	25107	28122	30019	32637	34177	35062	36833
1:22:20	25.9	7982	10900	14557	17895	21807	25279	28408	29955	32406	33726	35327	37253
1:22:25	25.9	7943	10970	14456	17884	21955	25302	28421	29999	32563	34054	35131	36734
1:22:30	25.9	8063	10953	14361	17969	21955	25054	28467	30137	32166	34132	34866	36846
1:22:35	25.9	7978	10903	14501	17957	21880	25256	28481	29894	32144	33841	35199	36844
1:22:40	25.9	7931	10919	14449	17808	21876	25163	28181	29769	32422	34305	35269	37240
1:22:45	25.9	7964	10936	14468	18038	21796	25175	28237	30030	32294	34062	35299	36894
1:22:50	25.9	7969	10852	14446	18223	21896	25272	28160	30088	32378	33932	35210	36987
1:22:55	25.9	8073	10876	14450	17973	22151	25196	28264	29967	32570	33860	35349	36997
1:23:00	25.9	7963	10964	14522	17841	22012	25305	28381	30029	32414	34385	35005	37142

Results
	1	2	3	4	5	6	7	8	9	10	11	12
A													Max V [425,457]
													R-Squared [425,457]
													t at Max V [425,457]
													Lagtime [425,457]
B													Max V [425,457]
													R-Squared [425,457]
													t at Max V [425,457]
													Lagtime [425,457]
C													Max V [425,457]
													R-Squared [425,457]
													t at Max V [425,457]
													Lagtime [425,457]
D													Max V [425,457]
													R-Squared [425,457]
													t at Max V [425,457]
													Lagtime [425,457]
E	3204000.000	3420000.000	5256000.000	5604000.000	6360000.000	7656000.000	7872000.000	8688000.000	8868000.000	-7896000.000	-8664000.000	-8184000.000	Max V [425,457]
	1.000	1.000	1.000	1.000	1.000	1.000	1.000	1.000	1.000	1.000	1.000	1.000	R-Squared [425,457]
	0:00:18	0:00:38	0:01:18	0:01:58	0:01:43	0:27:43	0:55:53	0:07:33	0:55:28	1:01:23	1:09:58	0:29:13	t at Max V [425,457]
	0:00:05	0:00:06	0:00:30	0:00:48	0:00:44	0:25:31	0:53:26	0:05:05	0:52:53	1:04:22	1:12:48	0:32:20	Lagtime [425,457]
F													Max V [425,457]
													R-Squared [425,457]
													t at Max V [425,457]
													Lagtime [425,457]
G													Max V [425,457]
													R-Squared [425,457]
													t at Max V [425,457]
													Lagtime [425,457]
H													Max V [425,457]
													R-Squared [425,457]
													t at Max V [425,457]
													Lagtime [425,457]

