

Software Version	3.03.14



Experiment File Path:	C:\Users\Public\Documents\Experiments\Tina\20181210_GAP_assay3.xpt
Protocol File Path:	C:\Users\Public\Documents\Protocols\Tina\GAP_sensor_assay.prt



Plate Number	Plate 1
Date	12/10/2018
Time	4:49:39 PM
Reader Type:	Synergy H1
Reader Serial Number:	1803011C
Reading Type	Reader

Procedure Details

Plate Type	Costar 96 well half area
Set Temperature	Setpoint 30°C
Start Kinetic	Runtime 0:25:00 (HH:MM:SS), Interval 0:00:05, 301 Reads
    Read	Fluorescence Endpoint
	E1..E12
	Filter Set 1
	    Excitation: 425,  Emission: 457
	    Optics: Bottom,  Gain: 57
	Light Source: Xenon Flash,  Lamp Energy: High
	Read Speed: Normal,  Delay: 0 msec,  Measurements/Data Point: 5
	Read Height: 7 mm
End Kinetic	

Layout
	1	2	3	4	5	6	7	8	9	10	11	12
A													Well ID
B													Well ID
C													Well ID
D													Well ID
E	SPL1	SPL2	SPL3	SPL4	SPL5	SPL6	SPL7	SPL8	SPL9	SPL10	SPL11	SPL12	Well ID
F													Well ID
G													Well ID
H													Well ID

425,457

Time	T° 425,457	E1	E2	E3	E4	E5	E6	E7	E8	E9	E10	E11	E12
0:00:00	30.0	3232	3363	3428	3736	4161	4849	5196	5590	4980	5560	5451	5179
0:00:05	30.0	3231	3448	3534	3899	4334	5066	5304	5747	5163	5764	5574	5383
0:00:10	30.0	3273	3528	3643	4048	4412	5142	5505	5952	5305	5892	5789	5561
0:00:15	30.0	3247	3595	3747	4203	4615	5293	5695	6080	5529	6098	5982	5815
0:00:20	30.0	3262	3685	3812	4277	4707	5433	5782	6222	5667	6273	6162	5939
0:00:25	30.0	3277	3743	3919	4419	4827	5576	5979	6348	5793	6517	6392	6184
0:00:30	30.0	3275	3751	3984	4550	4994	5689	6195	6498	5995	6717	6548	6382
0:00:35	30.0	3298	3814	4042	4634	5144	5832	6223	6657	6195	6860	6791	6653
0:00:40	30.0	3294	3846	4154	4733	5213	5945	6431	6747	6337	7032	6971	6844
0:00:45	30.0	3335	3855	4225	4840	5348	6050	6566	6942	6553	7273	7152	6989
0:00:50	30.0	3337	3921	4301	4947	5469	6217	6730	7018	6739	7373	7389	7184
0:00:55	30.0	3337	3959	4342	5014	5598	6338	6767	7125	6917	7559	7527	7420
0:01:00	30.0	3328	3997	4396	5052	5651	6468	6929	7268	6995	7705	7699	7649
0:01:05	30.0	3347	3965	4428	5128	5747	6560	7055	7377	7173	7903	7896	7923
0:01:10	30.0	3338	3964	4448	5206	5848	6668	7191	7442	7293	8036	8146	8087
0:01:15	30.0	3304	3991	4510	5284	5895	6734	7320	7704	7512	8268	8276	8295
0:01:20	30.0	3322	3990	4586	5334	6027	6775	7408	7711	7591	8368	8392	8382
0:01:25	30.0	3379	4053	4591	5375	6039	6917	7531	7905	7759	8529	8638	8686
0:01:30	30.0	3271	4026	4636	5431	6108	6960	7522	7930	7936	8738	8772	8862
0:01:35	30.0	3338	4058	4698	5525	6148	7069	7694	8128	8106	8801	8902	8965
0:01:40	30.0	3342	4049	4738	5456	6229	7143	7787	8156	8217	8983	9048	9038
0:01:45	30.0	3357	4071	4776	5502	6218	7166	7951	8242	8297	9052	9226	9190
0:01:50	30.0	3347	4070	4809	5579	6281	7271	7986	8287	8436	9219	9279	9447
0:01:55	30.0	3337	4085	4813	5585	6265	7456	8015	8411	8501	9289	9455	9586
0:02:00	30.0	3338	4096	4840	5607	6278	7442	8107	8590	8693	9400	9632	9772
0:02:05	30.0	3355	4082	4815	5626	6403	7486	8122	8660	8794	9577	9763	9862
0:02:10	30.0	3343	4099	4810	5626	6336	7635	8188	8661	8880	9724	9922	9928
0:02:15	30.0	3399	4085	4852	5665	6410	7608	8209	8684	9011	9810	9962	10050
0:02:20	30.0	3335	4090	4883	5698	6389	7645	8233	8815	9008	9911	10137	10283
0:02:25	30.0	3368	4071	4834	5708	6370	7715	8334	8882	9090	9915	10125	10262
0:02:30	30.0	3372	4116	4861	5713	6425	7643	8368	8864	9113	10023	10366	10407
0:02:35	30.0	3381	4079	4874	5747	6369	7677	8387	9027	9192	10054	10395	10532
0:02:40	30.0	3383	4134	4882	5730	6454	7794	8365	8976	9345	10239	10433	10655
0:02:45	30.0	3328	4160	4928	5680	6399	7809	8395	9001	9350	10233	10593	10803
0:02:50	30.0	3362	4086	4904	5760	6408	7872	8456	9057	9348	10397	10575	10865
0:02:55	30.0	3368	4153	4898	5707	6431	7848	8404	9031	9491	10260	10752	10905
0:03:00	30.0	3381	4080	4890	5749	6422	7884	8455	9088	9417	10349	10792	11059
0:03:05	30.0	3395	4108	4974	5749	6430	7872	8456	9062	9468	10378	10847	11033
0:03:10	30.0	3393	4100	4918	5745	6427	7902	8465	9172	9560	10440	10895	11071
0:03:15	30.0	3366	4084	4940	5786	6495	7952	8498	9083	9462	10447	10990	11131
0:03:20	30.0	3353	4053	4885	5749	6413	7895	8516	9177	9562	10522	10869	11319
0:03:25	30.0	3383	4098	4908	5767	6472	7912	8404	9232	9599	10400	10903	11266
0:03:30	30.0	3372	4078	4906	5728	6425	7942	8489	9180	9585	10560	10955	11236
0:03:35	30.0	3412	4118	4918	5726	6411	7911	8502	9144	9634	10465	10959	11297
0:03:40	30.0	3371	4046	4879	5751	6451	7934	8516	9181	9651	10475	10984	11298
0:03:45	30.0	3372	4114	4890	5790	6463	7907	8477	9114	9614	10546	11023	11325
0:03:50	30.0	3390	4077	4906	5790	6476	7900	8581	9201	9698	10537	10990	11286
0:03:55	30.0	3354	4080	4944	5721	6447	7855	8548	9180	9651	10541	11006	11259
0:04:00	30.0	3374	4105	4921	5730	6423	7927	8467	9108	9666	10396	11027	11264
0:04:05	30.0	3345	4066	4882	5787	6376	7861	8400	9140	9544	10533	11033	11324
0:04:10	30.0	3346	4097	4938	5758	6390	7897	8421	9192	9626	10566	11015	11311
0:04:15	30.0	3348	4085	4872	5721	6413	7891	8436	9109	9606	10452	11018	11305
0:04:20	30.0	3369	4099	4876	5803	6413	7855	8403	9182	9611	10502	11026	11340
0:04:25	30.0	3345	4046	4895	5717	6440	7839	8468	9155	9571	10422	10981	11415
0:04:30	30.0	3344	4075	4924	5739	6450	7871	8432	9144	9590	10395	10893	11342
0:04:35	30.0	3364	4089	4884	5719	6434	7819	8426	9185	9677	10437	10925	11392
0:04:40	30.0	3374	4093	4858	5756	6408	7874	8396	9147	9691	10449	10955	11368
0:04:45	30.0	3352	4071	4856	5731	6422	7814	8390	9163	9633	10486	10912	11389
0:04:50	30.0	3360	4075	4900	5723	6426	7835	8410	9152	9660	10531	10927	11290
0:04:55	30.0	3361	4066	4895	5748	6345	7800	8440	9092	9687	10489	10984	11289
0:05:00	30.0	3345	4046	4874	5694	6441	7802	8410	9086	9599	10550	10979	11322
0:05:05	30.0	3358	4057	4871	5756	6406	7821	8425	9150	9634	10439	10905	11335
0:05:10	30.0	3362	4091	4900	5704	6387	7850	8387	9087	9637	10330	11049	11226
0:05:15	30.0	3334	4031	4890	5731	6395	7741	8384	9139	9621	10403	10941	11248
0:05:20	30.0	3327	4045	4862	5731	6363	7866	8351	9129	9593	10480	11088	11389
0:05:25	30.0	3315	4091	4891	5724	6388	7844	8441	9108	9625	10461	10903	11336
0:05:30	30.0	3336	4052	4885	5725	6411	7776	8297	9092	9633	10565	10983	11345
0:05:35	30.0	3345	4020	4884	5704	6400	7752	8383	9013	9542	10411	10977	11265
0:05:40	30.0	3328	4075	4884	5737	6407	7794	8354	9086	9597	10453	10980	11190
0:05:45	30.0	3344	4017	4870	5678	6382	7811	8353	9112	9550	10456	11067	11193
0:05:50	30.0	3334	4055	4847	5679	6419	7785	8373	9073	9553	10421	10884	11210
0:05:55	30.0	3328	4046	4905	5695	6353	7789	8364	9111	9572	10461	11023	11318
0:06:00	30.0	3365	4073	4892	5717	6311	7719	8424	9055	9593	10391	10922	11226
0:06:05	30.0	3326	4030	4852	5678	6403	7712	8343	9109	9513	10365	10979	11251
0:06:10	30.0	3334	4072	4871	5679	6379	7790	8416	9042	9545	10477	10929	11199
0:06:15	30.0	3334	4029	4851	5689	6319	7772	8351	9003	9537	10452	10981	11229
0:06:20	30.0	3354	4054	4881	5664	6413	7747	8327	9137	9603	10523	11003	11272
0:06:25	30.0	3324	4053	4863	5690	6390	7754	8360	9036	9538	10395	10878	11265
0:06:30	30.0	3324	4023	4855	5686	6375	7823	8365	9016	9579	10426	10819	11202
0:06:35	30.0	3318	4050	4878	5683	6350	7669	8261	9062	9563	10422	10850	11246
0:06:40	30.0	3333	4043	4880	5682	6355	7735	8340	8952	9573	10466	10818	11180
0:06:45	30.0	3341	4060	4832	5707	6319	7732	8400	8958	9482	10435	10976	11227
0:06:50	30.0	3376	4059	4883	5684	6375	7769	8373	9075	9530	10428	10848	11242
0:06:55	30.0	3369	4030	4826	5689	6382	7751	8412	9034	9583	10491	10788	11231
0:07:00	30.0	3357	4074	4845	5666	6293	7768	8336	9019	9489	10427	10854	11228
0:07:05	30.0	3351	3968	4868	5648	6276	7751	8332	8998	9518	10384	10916	11299
0:07:10	30.0	3364	4010	4817	5678	6354	7742	8352	8981	9534	10410	10943	11208
0:07:15	30.0	3333	4042	4833	5708	6320	7772	8296	8975	9470	10429	10854	11246
0:07:20	30.0	3377	4036	4838	5708	6383	7713	8299	8972	9498	10375	10879	11243
0:07:25	30.0	3362	3977	4835	5665	6315	7741	8337	8984	9554	10355	10845	11089
0:07:30	30.0	3344	4040	4864	5651	6340	7739	8345	8995	9534	10400	10788	11236
0:07:35	30.0	3337	4058	4817	5690	6313	7710	8294	9055	9535	10372	10802	11196
0:07:40	30.0	3337	4038	4807	5615	6302	7745	8306	9056	9521	10323	10947	11172
0:07:45	30.0	3322	4011	4798	5603	6318	7776	8332	9036	9445	10326	10869	11104
0:07:50	30.0	3370	4005	4807	5703	6268	7715	8287	9087	9523	10331	10966	11058
0:07:55	30.0	3351	4055	4803	5657	6317	7694	8318	9074	9561	10397	11018	11136
0:08:00	30.0	3358	4052	4791	5658	6270	7741	8335	9001	9420	10343	10969	11114
0:08:05	30.0	3347	4045	4779	5688	6336	7659	8275	9015	9556	10384	10920	11188
0:08:10	30.0	3363	4031	4823	5614	6327	7603	8319	9079	9539	10318	10834	11080
0:08:15	30.0	3356	4049	4862	5578	6257	7689	8283	8959	9454	10349	10832	11197
0:08:20	30.0	3315	4031	4830	5629	6271	7749	8308	9062	9405	10293	10732	11268
0:08:25	30.0	3323	4028	4778	5643	6271	7711	8331	9054	9508	10257	10868	11152
0:08:30	30.0	3367	4001	4827	5694	6247	7653	8313	9043	9427	10406	10803	11075
0:08:35	30.0	3330	4022	4852	5615	6339	7731	8333	8954	9395	10334	10857	11132
0:08:40	30.0	3337	4085	4804	5617	6302	7725	8200	9005	9448	10312	10900	11102
0:08:45	30.0	3348	4051	4835	5610	6294	7800	8270	8996	9373	10321	10754	11135
0:08:50	30.0	3340	4044	4816	5591	6277	7714	8249	8940	9485	10349	10852	11183
0:08:55	30.0	3365	4057	4775	5679	6296	7649	8256	8999	9477	10415	10843	11113
0:09:00	30.0	3358	4038	4797	5564	6240	7640	8266	8984	9483	10365	10808	11152
0:09:05	30.0	3353	4048	4830	5612	6281	7679	8232	8966	9470	10369	10903	11124
0:09:10	30.0	3361	4066	4795	5669	6212	7697	8291	8987	9498	10291	10798	11049
0:09:15	30.0	3335	4089	4819	5642	6256	7697	8250	8955	9422	10307	10823	11113
0:09:20	30.0	3328	4037	4800	5632	6260	7721	8291	8969	9426	10378	10834	11142
0:09:25	30.0	3343	4057	4836	5612	6226	7704	8362	8997	9364	10369	10872	11197
0:09:30	30.0	3349	4052	4811	5638	6269	7662	8205	8995	9465	10273	10726	11109
0:09:35	30.0	3320	4056	4828	5643	6287	7701	8297	8887	9484	10235	10709	11128
0:09:40	30.0	3349	4036	4805	5618	6254	7682	8286	8846	9480	10373	10875	11154
0:09:45	30.0	3340	4033	4801	5645	6239	7683	8250	8963	9411	10260	10655	11039
0:09:50	30.0	3335	4061	4807	5640	6236	7700	8248	8925	9461	10346	10756	11027
0:09:55	30.0	3363	4078	4835	5627	6245	7698	8288	8874	9357	10316	10741	11106
0:10:00	30.0	3342	4045	4799	5606	6260	7644	8213	8850	9401	10316	10768	11131
0:10:05	30.0	3303	4067	4784	5615	6289	7669	8236	8936	9351	10205	10735	11075
0:10:10	30.0	3378	4101	4785	5580	6206	7662	8250	8926	9435	10380	10767	11063
0:10:15	30.0	3343	4034	4835	5631	6240	7659	8292	8925	9389	10313	10755	11113
0:10:20	30.0	3356	4044	4803	5606	6251	7710	8194	8909	9397	10259	10751	11098
0:10:25	30.0	3339	4075	4803	5650	6204	7676	8163	9006	9441	10258	10822	11134
0:10:30	30.0	3302	4039	4791	5629	6242	7632	8206	8921	9315	10360	10760	11104
0:10:35	30.0	3304	4019	4779	5571	6208	7705	8233	8886	9435	10207	10566	11121
0:10:40	30.0	3323	4063	4810	5601	6198	7655	8207	8920	9465	10222	10503	11042
0:10:45	30.0	3372	4014	4763	5583	6228	7667	8247	8939	9374	10196	10575	11075
0:10:50	30.0	3345	4012	4774	5613	6194	7681	8229	8912	9396	10245	10598	11090
0:10:55	30.0	3326	4023	4778	5587	6225	7691	8246	8944	9360	10279	10603	11068
0:11:00	30.0	3310	4007	4801	5581	6199	7646	8257	8942	9373	10193	10538	11015
0:11:05	30.0	3352	4046	4770	5557	6177	7675	8191	8915	9396	10222	10535	11061
0:11:10	30.0	3330	4043	4766	5581	6203	7690	8192	8973	9361	10234	10512	11052
0:11:15	30.0	3313	4025	4767	5607	6183	7686	8187	8915	9355	10256	10666	11143
0:11:20	30.0	3342	4039	4774	5594	6217	7640	8163	8869	9426	10252	10584	10997
0:11:25	30.0	3312	4008	4833	5613	6199	7661	8206	8922	9245	10297	10562	11033
0:11:30	30.0	3354	4046	4770	5603	6217	7628	8160	8985	9422	10239	10459	10998
0:11:35	30.0	3307	4015	4793	5582	6206	7681	8209	8910	9273	10346	10557	10991
0:11:40	30.0	3361	4016	4789	5572	6240	7639	8219	8952	9324	10328	10463	11066
0:11:45	30.0	3318	4019	4748	5582	6238	7649	8193	8936	9409	10206	10498	11039
0:11:50	30.0	3319	4033	4788	5593	6188	7669	8186	8854	9387	10307	10492	11087
0:11:55	30.0	3331	4048	4778	5522	6121	7673	8224	8902	9419	10234	10443	11076
0:12:00	30.0	3339	4011	4774	5603	6177	7672	8276	8909	9390	10159	10443	10976
0:12:05	30.0	3317	4039	4742	5590	6217	7647	8160	8923	9385	10143	10376	11013
0:12:10	30.0	3301	4061	4791	5633	6199	7643	8257	8843	9371	10216	10525	10970
0:12:15	30.0	3312	4034	4765	5589	6175	7625	8175	8893	9395	10197	10508	10991
0:12:20	30.0	3341	4023	4766	5554	6197	7626	8281	8928	9292	10273	10515	11041
0:12:25	30.0	3319	4018	4798	5635	6181	7644	8240	8986	9340	10184	10420	11010
0:12:30	30.0	3293	4046	4772	5552	6206	7597	8239	8909	9394	10234	10471	10968
0:12:35	30.0	3290	4020	4751	5619	6209	7576	8198	8939	9399	10232	10584	11092
0:12:40	30.0	3317	4034	4792	5543	6154	7613	8156	8932	9363	10221	10493	10971
0:12:45	30.0	3351	4019	4760	5560	6178	7593	8225	8890	9300	10244	10492	11087
0:12:50	30.0	3293	4060	4742	5552	6187	7648	8194	8905	9358	10098	10552	11083
0:12:55	30.0	3307	4002	4732	5548	6158	7609	8213	8869	9334	10222	10475	11043
0:13:00	30.0	3330	4007	4754	5513	6206	7580	8205	8930	9302	10181	10511	11025
0:13:05	30.0	3321	4040	4751	5565	6191	7637	8194	8902	9315	10227	10562	10946
0:13:10	30.0	3300	4021	4698	5587	6200	7609	8142	8904	9342	10195	10501	10934
0:13:15	30.0	3317	4022	4799	5570	6155	7618	8181	8901	9294	10188	10493	10879
0:13:20	30.0	3301	3985	4785	5541	6186	7682	8260	8784	9353	10170	10441	10998
0:13:25	30.0	3301	3990	4777	5525	6132	7664	8196	8854	9339	10184	10444	10939
0:13:30	30.0	3345	4002	4750	5575	6195	7701	8172	8846	9394	10159	10542	10941
0:13:35	30.0	3314	4011	4759	5493	6171	7625	8210	8822	9204	10147	10539	10992
0:13:40	30.0	3295	3981	4712	5521	6211	7545	8159	8857	9368	10214	10415	10929
0:13:45	30.0	3303	4000	4788	5539	6156	7566	8162	8824	9360	10237	10481	10978
0:13:50	30.0	3279	4012	4732	5517	6144	7659	8183	8867	9257	10116	10382	10993
0:13:55	30.0	3345	4011	4769	5570	6130	7602	8182	8858	9350	10127	10461	10910
0:14:00	30.0	3302	4023	4785	5537	6090	7557	8105	8849	9285	10245	10448	11045
0:14:05	30.0	3317	4023	4768	5544	6190	7640	8122	8880	9308	10191	10399	11015
0:14:10	30.0	3352	3997	4773	5558	6166	7617	8166	8891	9309	10170	10418	10986
0:14:15	30.0	3299	4044	4761	5555	6213	7535	8126	8890	9224	10203	10424	10922
0:14:20	30.0	3314	4033	4723	5522	6162	7632	8194	8932	9308	10152	10392	10975
0:14:25	30.0	3327	4010	4758	5568	6160	7542	8208	8811	9278	10256	10513	10961
0:14:30	30.0	3294	3997	4728	5508	6107	7558	8179	8829	9393	10106	10402	11022
0:14:35	30.0	3291	4040	4707	5551	6109	7631	8226	8838	9257	10083	10454	10945
0:14:40	30.0	3329	4005	4694	5528	6185	7599	8138	8882	9287	10191	10439	10894
0:14:45	30.0	3316	4022	4748	5558	6158	7508	8138	8861	9271	10136	10446	10994
0:14:50	30.0	3298	3985	4759	5536	6124	7616	8200	8853	9311	10106	10450	10997
0:14:55	30.0	3330	4004	4774	5497	6155	7601	8202	8913	9274	10118	10378	10966
0:15:00	30.0	3301	4029	4740	5493	6087	7613	8198	8867	9302	10111	10492	10884
0:15:05	30.0	3303	4002	4743	5517	6157	7548	8168	8838	9398	10220	10430	10984
0:15:10	30.0	3285	4015	4767	5592	6140	7541	8211	8922	9276	10100	10440	10977
0:15:15	30.0	3313	4011	4718	5569	6097	7550	8118	8823	9271	10242	10456	10917
0:15:20	30.0	3306	3996	4729	5533	6165	7567	8121	8837	9226	10064	10396	10931
0:15:25	30.0	3278	3976	4753	5545	6172	7547	8179	8921	9319	10167	10444	10931
0:15:30	30.0	3293	4007	4723	5534	6088	7624	8151	8837	9233	10119	10440	11076
0:15:35	30.0	3301	3993	4702	5490	6144	7583	8232	8831	9279	10112	10481	10964
0:15:40	30.0	3340	4024	4698	5521	6070	7611	8161	8877	9290	10108	10448	10857
0:15:45	30.0	3298	3997	4667	5533	6103	7508	8141	8834	9305	10167	10440	10931
0:15:50	30.0	3310	4009	4699	5506	6119	7557	8091	8796	9275	10136	10483	10952
0:15:55	30.0	3324	4000	4711	5531	6072	7596	8167	8873	9222	10104	10372	10872
0:16:00	30.0	3314	3992	4728	5513	6140	7609	8165	8815	9257	10040	10367	10943
0:16:05	30.0	3283	3973	4760	5562	6151	7540	8213	8863	9377	10050	10341	10986
0:16:10	30.0	3308	3958	4709	5507	6126	7547	8168	8852	9201	10177	10379	10969
0:16:15	30.0	3291	4004	4684	5497	6164	7589	8152	8794	9321	10141	10388	10927
0:16:20	30.0	3285	3997	4701	5524	6085	7546	8140	8906	9242	10211	10425	10986
0:16:25	30.0	3327	4001	4708	5477	6115	7591	8133	8800	9272	10140	10343	10961
0:16:30	30.0	3296	4000	4699	5495	6087	7521	8114	8836	9301	10055	10466	10843
0:16:35	30.0	3324	3998	4716	5503	6062	7574	8088	8842	9258	10047	10353	10847
0:16:40	30.0	3285	3997	4728	5490	6077	7498	8157	8847	9269	10116	10439	10911
0:16:45	30.0	3307	3985	4734	5521	6115	7445	8127	8877	9220	10140	10433	10912
0:16:50	30.0	3300	3983	4713	5516	6136	7583	8133	8856	9225	10102	10383	10886
0:16:55	30.0	3287	3998	4723	5483	6133	7634	8139	8804	9230	10132	10298	10957
0:17:00	30.0	3329	3957	4726	5471	5999	7501	8103	8807	9220	10054	10367	10991
0:17:05	30.0	3276	4025	4672	5517	6065	7527	8062	8793	9226	10102	10305	10846
0:17:10	30.0	3304	3997	4676	5481	6102	7540	8163	8828	9214	10145	10378	10966
0:17:15	30.0	3301	3998	4725	5516	6111	7518	8141	8822	9267	10100	10301	10900
0:17:20	30.0	3299	4015	4715	5495	6133	7589	8110	8859	9208	10071	10360	10789
0:17:25	30.0	3330	3976	4700	5529	6122	7490	8069	8826	9239	10067	10373	10979
0:17:30	30.0	3314	4018	4735	5519	6109	7561	8145	8889	9240	10082	10428	10939
0:17:35	30.0	3291	3992	4705	5514	6134	7541	8099	8843	9215	10115	10397	10982
0:17:40	30.0	3276	3980	4735	5467	6126	7638	8107	8772	9264	10079	10341	10783
0:17:45	30.0	3304	3988	4733	5477	6081	7523	8145	8773	9289	10059	10421	10883
0:17:50	30.0	3276	3985	4721	5556	6134	7457	8094	8814	9165	10056	10444	10921
0:17:55	30.0	3322	3980	4689	5529	6093	7500	7998	8880	9253	10093	10488	10934
0:18:00	30.0	3269	3978	4720	5509	6134	7474	8088	8828	9297	10083	10359	10903
0:18:05	30.0	3286	4005	4701	5512	6076	7487	8110	8768	9230	10087	10238	10961
0:18:10	30.0	3303	4010	4744	5511	6086	7565	8106	8790	9242	10022	10328	10917
0:18:15	30.0	3290	4011	4730	5512	6070	7554	8095	8858	9218	10086	10353	10975
0:18:20	30.0	3320	4001	4752	5480	6140	7436	8165	8750	9179	10138	10399	10918
0:18:25	30.0	3291	3962	4712	5466	6073	7524	8101	8792	9219	10076	10372	10857
0:18:30	30.0	3307	4023	4721	5472	6117	7572	8130	8829	9230	10041	10284	10883
0:18:35	30.0	3297	3977	4712	5488	6081	7508	8134	8715	9209	10128	10314	10942
0:18:40	30.0	3326	3986	4705	5515	6070	7455	8146	8833	9253	10065	10379	10911
0:18:45	30.0	3311	3985	4712	5503	6132	7514	8101	8902	9211	10059	10432	10962
0:18:50	30.0	3293	4018	4668	5504	6036	7492	8113	8716	9177	10051	10373	10869
0:18:55	30.0	3305	4000	4712	5515	6068	7525	8133	8792	9233	10098	10335	10893
0:19:00	30.0	3268	3952	4689	5487	6063	7547	8136	8823	9238	10039	10334	10844
0:19:05	30.0	3279	4000	4744	5436	6064	7566	8079	8854	9253	10089	10438	10929
0:19:10	30.0	3277	3939	4658	5494	6101	7487	8145	8709	9331	10079	10407	10845
0:19:15	30.0	3289	3985	4693	5480	6057	7585	8068	8835	9243	10143	10328	10934
0:19:20	30.0	3273	3973	4739	5467	6107	7569	8081	8770	9154	9996	10421	10854
0:19:25	30.0	3303	3982	4721	5469	6058	7534	8091	8731	9148	10057	10304	10795
0:19:30	30.0	3312	4015	4763	5501	6056	7594	8068	8804	9199	10087	10279	10913
0:19:35	30.0	3308	4028	4722	5502	6083	7545	8084	8761	9177	10106	10373	10809
0:19:40	30.0	3279	4001	4699	5455	6101	7476	8136	8823	9211	10108	10330	10804
0:19:45	30.0	3305	3998	4682	5484	6085	7497	8155	8797	9124	10028	10402	10818
0:19:50	30.0	3289	3957	4675	5485	6078	7556	8073	8810	9218	10053	10344	10850
0:19:55	30.0	3301	4007	4726	5456	6080	7511	8106	8736	9154	10069	10428	10788
0:20:00	30.0	3299	3979	4655	5497	6075	7499	8119	8740	9279	10009	10282	10855
0:20:05	30.0	3291	4009	4693	5484	6090	7508	8037	8802	9222	10029	10333	10902
0:20:10	30.0	3280	4001	4708	5502	6114	7593	8120	8771	9190	10104	10418	10885
0:20:15	30.0	3263	3959	4691	5442	6056	7464	8082	8815	9229	10109	10296	10864
0:20:20	30.0	3286	3971	4668	5480	6006	7489	8153	8723	9137	10062	10446	10770
0:20:25	30.0	3298	3969	4664	5523	6050	7489	8065	8766	9156	10126	10327	10927
0:20:30	30.0	3277	3971	4697	5507	5994	7489	8116	8805	9228	10041	10340	10776
0:20:35	30.0	3318	3996	4667	5501	6040	7509	8135	8756	9243	10024	10285	10858
0:20:40	30.0	3300	3994	4723	5464	6111	7530	8079	8742	9239	10036	10369	10834
0:20:45	30.0	3299	3953	4727	5510	6005	7527	8056	8721	9135	10039	10393	10856
0:20:50	30.0	3326	3982	4700	5452	6030	7567	8064	8789	9105	9931	10237	10766
0:20:55	30.0	3304	3963	4728	5470	6072	7505	8094	8824	9175	10034	10343	10892
0:21:00	30.0	3257	3958	4713	5536	6052	7497	7990	8785	9222	10038	10247	10848
0:21:05	30.0	3282	3987	4702	5469	6077	7547	8059	8754	9203	9953	10396	10878
0:21:10	30.0	3312	3982	4678	5480	6099	7546	8026	8728	9181	10034	10291	10878
0:21:15	30.0	3319	3936	4633	5457	6073	7482	8164	8693	9258	10092	10289	10961
0:21:20	30.0	3273	3995	4676	5467	6067	7536	8098	8777	9191	9992	10440	10857
0:21:25	30.0	3297	3975	4687	5482	6032	7550	8080	8765	9228	10030	10269	10833
0:21:30	30.0	3300	3980	4701	5471	6080	7514	8055	8742	9144	10039	10389	10809
0:21:35	30.0	3266	3978	4659	5442	6063	7496	8026	8779	9201	10102	10314	10818
0:21:40	30.0	3297	3978	4682	5506	6072	7551	8058	8760	9232	10076	10246	10864
0:21:45	30.0	3288	3959	4647	5465	6051	7498	8155	8697	9238	10043	10357	10802
0:21:50	30.0	3288	4007	4701	5462	6144	7533	8091	8772	9142	10137	10290	10797
0:21:55	30.0	3300	3998	4728	5493	6089	7459	8107	8776	9116	10074	10292	10908
0:22:00	30.0	3299	3966	4715	5496	6013	7517	8081	8730	9184	10062	10300	10763
0:22:05	30.0	3273	3989	4680	5522	6050	7451	7984	8695	9242	10023	10345	10811
0:22:10	30.0	3296	3972	4683	5510	6057	7453	8054	8789	9186	10090	10273	10876
0:22:15	30.0	3314	3965	4641	5480	6080	7570	8079	8785	9229	10092	10251	10803
0:22:20	30.0	3265	4004	4728	5528	6063	7484	8094	8790	9121	9985	10337	10881
0:22:25	30.0	3294	3972	4708	5501	6028	7488	8013	8732	9211	10105	10336	10817
0:22:30	30.0	3299	3997	4671	5485	6066	7501	8065	8757	9230	10106	10330	10811
0:22:35	30.0	3281	3986	4714	5435	6091	7511	8060	8836	9140	10050	10340	10837
0:22:40	30.0	3273	3964	4714	5434	6035	7489	8048	8746	9153	10084	10318	10879
0:22:45	30.0	3266	3978	4698	5440	6027	7439	8057	8723	9221	10007	10321	10827
0:22:50	30.0	3300	3957	4696	5485	6072	7480	8136	8745	9203	10048	10331	10870
0:22:55	30.0	3293	3967	4700	5473	6055	7469	8127	8756	9127	9958	10351	10793
0:23:00	30.0	3291	3951	4650	5422	6010	7426	8023	8689	9143	10007	10363	10838
0:23:05	30.0	3280	3962	4726	5451	6003	7493	8095	8787	9200	10005	10341	10897
0:23:10	30.0	3284	3949	4680	5466	6076	7439	8063	8750	9182	10035	10234	10916
0:23:15	30.0	3300	3992	4685	5477	6018	7558	8042	8720	9130	10011	10300	10807
0:23:20	30.0	3312	3989	4675	5511	6069	7491	8021	8732	9179	10077	10217	10839
0:23:25	30.0	3269	3999	4659	5488	6035	7475	8075	8728	9101	10001	10337	10769
0:23:30	30.0	3280	3990	4665	5424	6038	7498	8106	8722	9093	10053	10253	10864
0:23:35	30.1	3294	3978	4662	5447	6035	7436	8030	8675	9180	10026	10271	10853
0:23:40	30.1	3296	3996	4692	5555	6036	7515	8007	8715	9128	10082	10348	10888
0:23:45	30.0	3292	3982	4684	5489	6059	7573	8017	8780	9161	10011	10247	10819
0:23:50	30.0	3288	3969	4685	5395	6079	7490	8087	8770	9095	10024	10284	10808
0:23:55	30.1	3280	3992	4633	5428	6071	7505	8074	8719	9091	9859	10367	10875
0:24:00	30.1	3314	3964	4675	5458	6062	7492	8002	8746	9170	9932	10287	10838
0:24:05	30.1	3300	3997	4664	5445	6059	7466	8021	8766	9141	9977	10211	10812
0:24:10	30.0	3269	3967	4697	5473	6059	7406	8106	8772	9110	10083	10313	10764
0:24:15	30.1	3263	3981	4711	5412	6009	7363	8082	8753	9151	10108	10354	10832
0:24:20	30.1	3282	3977	4684	5433	6040	7499	8054	8694	9164	10016	10329	10803
0:24:25	30.1	3321	3964	4681	5469	6013	7416	8044	8822	9209	9913	10190	10808
0:24:30	30.1	3287	4001	4690	5450	6044	7503	8023	8740	9080	9959	10308	10837
0:24:35	30.1	3292	3981	4688	5434	6038	7515	8021	8779	9123	10068	10258	10787
0:24:40	30.0	3276	3997	4625	5434	6054	7494	8058	8700	9173	10003	10405	10823
0:24:45	30.1	3273	4003	4659	5465	6020	7501	8036	8722	9179	10037	10277	10801
0:24:50	30.1	3267	3969	4654	5504	6042	7515	8036	8669	9158	9994	10228	10735
0:24:55	30.0	3283	3958	4697	5466	6021	7513	8004	8726	9116	9984	10300	10918
0:25:00	30.1	3293	3995	4670	5432	6024	7469	8008	8772	9058	9982	10299	10797

Results
	1	2	3	4	5	6	7	8	9	10	11	12
A													Max V [425,457]
													R-Squared [425,457]
													t at Max V [425,457]
													Lagtime [425,457]
B													Max V [425,457]
													R-Squared [425,457]
													t at Max V [425,457]
													Lagtime [425,457]
C													Max V [425,457]
													R-Squared [425,457]
													t at Max V [425,457]
													Lagtime [425,457]
D													Max V [425,457]
													R-Squared [425,457]
													t at Max V [425,457]
													Lagtime [425,457]
E	-1296000.000	-1272000.000	1344000.000	1956000.000	2436000.000	2604000.000	2592000.000	3144000.000	2688000.000	2928000.000	3000000.000	3648000.000	Max V [425,457]
	1.000	1.000	1.000	1.000	1.000	1.000	1.000	1.000	1.000	1.000	1.000	1.000	R-Squared [425,457]
	0:01:28	0:07:03	0:00:38	0:00:03	0:00:13	0:00:03	0:00:28	0:01:13	0:00:13	0:00:23	0:01:08	0:01:23	t at Max V [425,457]
	0:01:32	0:07:34	0:00:08	0:00:00	0:00:04	0:00:00	0:00:07	0:00:35	0:00:03	0:00:05	0:00:16	0:00:27	Lagtime [425,457]
F													Max V [425,457]
													R-Squared [425,457]
													t at Max V [425,457]
													Lagtime [425,457]
G													Max V [425,457]
													R-Squared [425,457]
													t at Max V [425,457]
													Lagtime [425,457]
H													Max V [425,457]
													R-Squared [425,457]
													t at Max V [425,457]
													Lagtime [425,457]

