

Software Version	3.03.14



Experiment File Path:	C:\Users\Public\Documents\Experiments\Tina\20190201_GAP_assay.xpt
Protocol File Path:	C:\Users\Public\Documents\Protocols\Tina\GAP_sensor_assay.prt



Plate Number	Plate 1
Date	2/1/2019
Time	2:06:26 PM
Reader Type:	Synergy H1
Reader Serial Number:	1803011C
Reading Type	Reader

Procedure Details

Plate Type	Costar 96 well half area
Set Temperature	Setpoint 30°C
Start Kinetic	Runtime 1:00:00 (HH:MM:SS), Interval 0:00:05, 721 Reads
    Read	Fluorescence Endpoint
	C1..C12
	Filter Set 1
	    Excitation: 425,  Emission: 457
	    Optics: Bottom,  Gain: 57
	Light Source: Xenon Flash,  Lamp Energy: High
	Read Speed: Normal,  Delay: 0 msec,  Measurements/Data Point: 5
	Read Height: 7 mm
End Kinetic	

Layout
	1	2	3	4	5	6	7	8	9	10	11	12
A													Well ID
B													Well ID
C	SPL1	SPL2	SPL3	SPL4	SPL5	SPL6	SPL7	SPL8	SPL9	SPL10	SPL11	SPL12	Well ID
D													Well ID
E													Well ID
F													Well ID
G													Well ID
H													Well ID

425,457

Time	T° 425,457	C1	C2	C3	C4	C5	C6	C7	C8	C9	C10	C11	C12
0:00:00	30.0	3459	3658	3814	3741	3566	5410	5615	5801	5996	6112	6521	4952
0:00:05	30.0	3466	3683	3837	3758	3562	5429	5629	5833	6029	6109	6593	4985
0:00:10	30.0	3488	3723	3856	3793	3593	5461	5698	5888	6072	6187	6661	5018
0:00:15	30.0	3506	3703	3830	3756	3608	5486	5671	5860	6067	6234	6600	4983
0:00:20	30.0	3472	3737	3850	3788	3603	5528	5691	5918	6060	6172	6661	5012
0:00:25	30.0	3498	3716	3869	3835	3594	5531	5734	5955	6096	6262	6653	5023
0:00:30	30.1	3512	3729	3857	3800	3603	5513	5702	5880	6061	6223	6681	5006
0:00:35	30.0	3523	3735	3886	3836	3607	5549	5730	5933	6112	6199	6701	5041
0:00:40	30.0	3497	3741	3889	3876	3589	5547	5733	5938	6150	6292	6687	5040
0:00:45	30.0	3511	3810	3947	3862	3583	5567	5746	5946	6087	6291	6697	5100
0:00:50	30.0	3550	3771	3907	3883	3627	5555	5746	5992	6155	6281	6755	5088
0:00:55	30.0	3520	3808	3925	3829	3632	5581	5721	5931	6112	6304	6738	5035
0:01:00	30.0	3509	3818	3948	3874	3600	5547	5786	5984	6165	6303	6729	5050
0:01:05	30.0	3544	3822	3953	3911	3604	5557	5737	5962	6164	6301	6735	5050
0:01:10	30.0	3549	3814	3956	3920	3617	5596	5722	6031	6226	6359	6737	5087
0:01:15	30.0	3570	3874	3990	3967	3651	5597	5789	6005	6219	6319	6769	5072
0:01:20	30.0	3561	3881	3979	3945	3643	5555	5775	5964	6207	6331	6828	5051
0:01:25	30.0	3606	3869	3990	3992	3626	5571	5797	6032	6303	6384	6776	5056
0:01:30	30.0	3605	3895	3992	3957	3657	5586	5790	6006	6255	6386	6825	5092
0:01:35	30.0	3608	3869	4020	3982	3701	5642	5825	6056	6261	6381	6872	5031
0:01:40	30.0	3605	3901	4040	3999	3648	5682	5783	6097	6278	6476	6859	5092
0:01:45	30.0	3625	3905	4069	4003	3669	5600	5818	6066	6343	6418	6887	5055
0:01:50	30.0	3654	3942	4058	3981	3705	5675	5844	6009	6237	6449	6834	5028
0:01:55	30.0	3634	3918	4134	4069	3716	5635	5838	6079	6249	6456	6834	5058
0:02:00	30.0	3657	3955	4066	4061	3706	5654	5835	6081	6313	6489	6895	5042
0:02:05	30.0	3675	3934	4076	4063	3689	5630	5841	6093	6345	6491	6836	4999
0:02:10	30.0	3634	3957	4084	4125	3731	5715	5815	6147	6306	6518	6882	5020
0:02:15	30.0	3669	3934	4091	4116	3696	5666	5847	6153	6342	6530	6883	5082
0:02:20	30.0	3666	3971	4138	4138	3702	5729	5899	6168	6379	6511	6885	5041
0:02:25	30.0	3705	3941	4148	4136	3715	5686	5872	6183	6393	6512	6876	5068
0:02:30	30.0	3674	3973	4114	4121	3732	5755	5872	6156	6388	6568	6862	5064
0:02:35	30.0	3707	3978	4110	4157	3723	5714	5948	6139	6385	6573	6894	5045
0:02:40	30.0	3703	4005	4117	4188	3742	5752	5928	6185	6419	6561	6906	5070
0:02:45	30.0	3722	3954	4114	4169	3728	5712	5912	6195	6403	6612	6972	5033
0:02:50	30.0	3712	3993	4168	4202	3728	5759	5968	6250	6405	6480	6956	5056
0:02:55	30.0	3710	3968	4129	4190	3723	5760	5923	6157	6435	6578	7086	5040
0:03:00	30.0	3706	4030	4145	4227	3742	5762	5940	6177	6446	6624	6970	5077
0:03:05	30.0	3687	4026	4135	4224	3732	5783	5944	6206	6424	6569	6986	5028
0:03:10	30.0	3732	4004	4167	4212	3723	5780	5961	6209	6447	6634	6976	5041
0:03:15	30.0	3725	4009	4214	4240	3715	5757	6023	6191	6427	6587	7010	5076
0:03:20	30.0	3722	3959	4179	4238	3726	5793	5994	6236	6477	6633	6998	5105
0:03:25	30.0	3684	4043	4152	4224	3729	5762	5983	6232	6529	6672	7067	5061
0:03:30	30.0	3706	4038	4150	4200	3710	5818	6001	6280	6504	6645	7004	5086
0:03:35	30.0	3715	4058	4209	4218	3664	5837	6072	6260	6471	6698	7033	5027
0:03:40	30.0	3682	4052	4148	4279	3727	5808	6039	6255	6493	6755	7065	5091
0:03:45	30.0	3707	4015	4189	4258	3739	5891	5993	6295	6483	6636	7038	5042
0:03:50	30.0	3689	4036	4164	4237	3707	5835	6024	6231	6536	6674	7082	5079
0:03:55	30.0	3722	4072	4214	4269	3690	5764	6053	6264	6507	6666	7151	5054
0:04:00	30.0	3702	4059	4157	4301	3708	5825	6080	6236	6527	6678	7084	5055
0:04:05	30.0	3685	4048	4187	4265	3674	5881	6031	6264	6568	6778	7130	5045
0:04:10	30.0	3639	4118	4232	4294	3698	5836	5993	6285	6568	6764	7084	5087
0:04:15	30.0	3686	4051	4168	4317	3735	5849	6018	6282	6493	6728	7173	5079
0:04:20	30.0	3682	4100	4222	4288	3709	5899	6098	6274	6539	6776	7123	5095
0:04:25	30.0	3717	4060	4225	4346	3707	5851	6067	6288	6585	6754	7176	5070
0:04:30	30.0	3694	4115	4240	4318	3701	5825	6069	6325	6536	6819	7158	5069
0:04:35	30.0	3730	4097	4201	4310	3688	5899	6145	6304	6600	6772	7175	5128
0:04:40	30.0	3691	4124	4279	4338	3682	5880	6079	6344	6590	6797	7202	5098
0:04:45	30.0	3699	4120	4254	4364	3697	5830	6078	6367	6593	6793	7211	5070
0:04:50	30.0	3707	4144	4259	4314	3706	5852	6112	6325	6574	6830	7218	5076
0:04:55	30.0	3694	4176	4265	4405	3730	5899	6113	6353	6624	6797	7182	5065
0:05:00	30.0	3709	4143	4262	4343	3697	5877	6092	6348	6614	6858	7263	5083
0:05:05	30.0	3698	4168	4256	4380	3711	5899	6081	6331	6586	6793	7238	5118
0:05:10	30.0	3735	4112	4283	4359	3702	5911	6110	6344	6645	6836	7213	5105
0:05:15	30.0	3725	4167	4280	4385	3744	5856	6089	6431	6675	6918	7331	5060
0:05:20	30.0	3754	4143	4291	4386	3676	5884	6147	6306	6636	6894	7261	5121
0:05:25	30.0	3730	4161	4309	4341	3701	5924	6113	6343	6647	6833	7245	5070
0:05:30	30.0	3730	4147	4335	4387	3716	5932	6145	6407	6610	6895	7246	5104
0:05:35	30.0	3717	4180	4351	4385	3682	5931	6170	6398	6734	6872	7209	5143
0:05:40	30.0	3741	4195	4317	4410	3709	5939	6122	6410	6695	6950	7318	5108
0:05:45	30.0	3767	4200	4353	4440	3714	5957	6184	6389	6640	6969	7296	5099
0:05:50	30.0	3758	4255	4301	4426	3683	5891	6129	6427	6675	6888	7300	5059
0:05:55	30.0	3764	4166	4335	4403	3683	5918	6141	6456	6686	6929	7351	5060
0:06:00	30.0	3738	4212	4355	4435	3699	5966	6153	6479	6701	6996	7371	5098
0:06:05	30.0	3744	4223	4331	4481	3709	5968	6187	6473	6720	6976	7381	5077
0:06:10	30.0	3771	4185	4377	4463	3713	5935	6184	6435	6718	6942	7436	5119
0:06:15	30.0	3734	4250	4335	4480	3711	5926	6222	6440	6788	6927	7389	5085
0:06:20	30.0	3729	4257	4423	4524	3709	5952	6192	6498	6779	6932	7435	5038
0:06:25	30.0	3746	4268	4385	4528	3697	5966	6231	6500	6783	6995	7401	5109
0:06:30	30.0	3765	4289	4401	4487	3705	5981	6188	6490	6792	7062	7468	5091
0:06:35	30.0	3744	4259	4412	4493	3728	6022	6225	6465	6758	7043	7467	5133
0:06:40	30.0	3778	4273	4375	4500	3717	5913	6197	6467	6766	7079	7511	5075
0:06:45	30.0	3754	4261	4380	4508	3748	5985	6206	6545	6774	7083	7509	5091
0:06:50	30.0	3829	4318	4440	4504	3702	6018	6244	6498	6780	7035	7555	5080
0:06:55	30.0	3809	4271	4454	4529	3687	5982	6186	6487	6793	7107	7506	5119
0:07:00	30.0	3803	4293	4416	4574	3720	5948	6242	6495	6832	7098	7554	5097
0:07:05	30.0	3782	4309	4414	4535	3729	5986	6253	6577	6789	7125	7511	5118
0:07:10	30.0	3799	4315	4446	4579	3729	5964	6318	6547	6815	7085	7511	5060
0:07:15	30.0	3787	4309	4453	4586	3687	5999	6201	6554	6812	7162	7519	5071
0:07:20	30.0	3755	4315	4475	4617	3719	6000	6219	6562	6865	7145	7517	5077
0:07:25	30.0	3789	4314	4458	4605	3723	5963	6302	6564	6845	7097	7514	5049
0:07:30	30.0	3814	4335	4463	4629	3708	5987	6290	6611	6856	7196	7556	5088
0:07:35	30.0	3774	4325	4483	4626	3707	5960	6343	6612	6878	7131	7490	5041
0:07:40	30.0	3827	4325	4502	4630	3701	5981	6331	6564	6866	7169	7554	5118
0:07:45	30.0	3809	4323	4507	4674	3704	6015	6368	6621	6915	7174	7544	5086
0:07:50	30.0	3809	4321	4523	4632	3677	6033	6313	6639	6891	7154	7625	5091
0:07:55	30.0	3784	4376	4512	4665	3748	6027	6320	6541	6897	7213	7613	5094
0:08:00	30.0	3781	4348	4517	4650	3705	6039	6340	6602	6949	7228	7646	5083
0:08:05	30.0	3813	4359	4532	4648	3698	6044	6252	6661	6962	7247	7617	5120
0:08:10	30.0	3844	4357	4528	4658	3693	6047	6319	6625	6905	7175	7654	5025
0:08:15	30.0	3798	4390	4517	4659	3712	6043	6337	6639	6912	7241	7659	5124
0:08:20	30.0	3843	4366	4537	4701	3716	6019	6403	6628	7053	7207	7717	5040
0:08:25	30.0	3771	4368	4535	4701	3691	6034	6377	6657	6912	7241	7710	5070
0:08:30	30.0	3809	4384	4548	4729	3687	6052	6344	6631	6878	7250	7743	5069
0:08:35	30.0	3805	4352	4555	4704	3732	6012	6400	6664	6997	7269	7634	5070
0:08:40	30.0	3772	4353	4556	4762	3751	6069	6353	6652	7005	7284	7710	5059
0:08:45	30.0	3788	4388	4569	4721	3718	6105	6382	6721	6997	7335	7731	5043
0:08:50	30.0	3827	4352	4571	4699	3715	6026	6383	6699	6995	7315	7719	5005
0:08:55	30.0	3798	4337	4595	4775	3688	6082	6389	6676	7041	7276	7673	5038
0:09:00	30.0	3793	4369	4547	4772	3715	6077	6359	6702	7044	7323	7761	5051
0:09:05	30.0	3821	4427	4594	4805	3711	6038	6426	6725	7062	7366	7807	5065
0:09:10	30.0	3815	4420	4586	4772	3749	6119	6428	6697	7074	7409	7777	5085
0:09:15	30.0	3854	4402	4594	4783	3738	6032	6462	6752	7060	7295	7798	5044
0:09:20	30.0	3806	4444	4590	4762	3742	6102	6438	6731	7068	7379	7803	5072
0:09:25	30.0	3847	4456	4608	4819	3698	6100	6445	6754	7016	7478	7806	5073
0:09:30	30.0	3767	4421	4636	4813	3686	6170	6451	6762	7132	7460	7765	5082
0:09:35	30.0	3802	4419	4621	4773	3721	6126	6461	6724	7067	7391	7826	5064
0:09:40	30.0	3804	4477	4587	4857	3714	6077	6521	6797	7080	7484	7803	5069
0:09:45	30.0	3841	4443	4633	4817	3710	6133	6513	6791	7038	7423	7807	5053
0:09:50	30.0	3828	4464	4640	4798	3709	6110	6484	6775	7156	7410	7864	5058
0:09:55	30.0	3841	4451	4608	4827	3697	6090	6524	6787	7131	7422	7829	5071
0:10:00	30.0	3794	4432	4662	4885	3713	6163	6449	6813	7134	7509	7890	5094
0:10:05	30.0	3822	4473	4689	4861	3716	6170	6455	6903	7116	7445	7989	5061
0:10:10	30.0	3814	4441	4685	4877	3667	6214	6494	6784	7118	7443	7836	5013
0:10:15	30.0	3819	4450	4664	4830	3722	6121	6518	6858	7145	7506	7917	5081
0:10:20	30.0	3847	4419	4676	4918	3719	6157	6482	6829	7107	7540	7930	5125
0:10:25	30.0	3825	4468	4687	4877	3694	6152	6513	6869	7169	7556	7885	5025
0:10:30	30.0	3809	4508	4682	4892	3703	6140	6458	6859	7185	7501	7926	5000
0:10:35	30.0	3824	4486	4683	4925	3714	6155	6493	6904	7149	7505	7924	5095
0:10:40	30.0	3827	4450	4710	4944	3760	6227	6520	6877	7198	7602	7989	5102
0:10:45	30.0	3840	4497	4717	4889	3724	6125	6538	6874	7247	7611	7978	5041
0:10:50	30.0	3835	4532	4712	4931	3721	6210	6541	6871	7165	7599	7952	5081
0:10:55	30.0	3841	4504	4667	4926	3698	6243	6532	6934	7221	7634	7990	5060
0:11:00	30.0	3802	4537	4725	4961	3695	6186	6576	6920	7210	7542	7989	5039
0:11:05	30.0	3814	4520	4715	4996	3698	6168	6540	6855	7256	7601	8015	5065
0:11:10	30.0	3820	4542	4760	4995	3732	6179	6506	6919	7181	7563	8037	5082
0:11:15	30.0	3831	4506	4738	4991	3730	6149	6622	6951	7283	7676	8007	5071
0:11:20	30.0	3881	4566	4745	4992	3693	6163	6586	6913	7282	7637	8064	5081
0:11:25	30.0	3836	4523	4752	4985	3707	6251	6620	6925	7254	7664	8038	5112
0:11:30	30.0	3856	4571	4801	5043	3687	6200	6550	6934	7207	7715	7980	5110
0:11:35	30.0	3857	4520	4778	5030	3684	6240	6602	6945	7254	7781	8033	5070
0:11:40	30.0	3858	4509	4780	5038	3712	6198	6627	6937	7277	7727	7997	5084
0:11:45	30.0	3844	4541	4769	5063	3710	6226	6650	6946	7297	7724	8077	5097
0:11:50	30.0	3850	4546	4794	5091	3672	6207	6624	6909	7270	7759	8123	5046
0:11:55	30.0	3843	4559	4766	5071	3689	6267	6659	6974	7323	7746	8122	5061
0:12:00	30.0	3832	4608	4797	5042	3688	6209	6652	6986	7367	7793	8145	5080
0:12:05	30.0	3882	4550	4840	5038	3697	6206	6624	6998	7405	7744	8117	5066
0:12:10	30.0	3850	4574	4820	5097	3689	6224	6653	6988	7346	7833	8166	5090
0:12:15	30.0	3839	4586	4797	5077	3670	6254	6676	6966	7353	7729	8104	5072
0:12:20	30.0	3894	4607	4775	5118	3694	6190	6699	6974	7415	7800	8165	5063
0:12:25	30.0	3843	4578	4863	5104	3707	6226	6727	7055	7355	7784	8197	5088
0:12:30	30.0	3832	4621	4844	5077	3669	6263	6693	7030	7425	7779	8186	5107
0:12:35	30.0	3859	4625	4845	5121	3700	6270	6704	7062	7390	7844	8194	5064
0:12:40	30.0	3880	4611	4835	5173	3680	6274	6596	7064	7410	7851	8178	5036
0:12:45	30.0	3875	4597	4885	5130	3680	6320	6775	7091	7454	7863	8290	5057
0:12:50	30.0	3860	4629	4884	5145	3671	6308	6730	7042	7449	7863	8248	5088
0:12:55	30.0	3870	4623	4896	5156	3696	6334	6701	7095	7447	7826	8122	5035
0:13:00	30.0	3898	4659	4878	5170	3710	6284	6734	7015	7430	7813	8213	5002
0:13:05	30.0	3878	4662	4864	5171	3686	6283	6723	7032	7353	7915	8280	5043
0:13:10	30.0	3882	4622	4892	5178	3695	6306	6698	7082	7392	7912	8273	5057
0:13:15	30.0	3868	4650	4865	5195	3706	6328	6719	7140	7444	7965	8255	5042
0:13:20	30.0	3886	4620	4858	5229	3690	6324	6748	7128	7493	7969	8283	5026
0:13:25	30.0	3843	4640	4889	5222	3687	6273	6738	7107	7492	7871	8313	5066
0:13:30	30.0	3879	4694	4887	5173	3692	6229	6756	7194	7471	7945	8298	5049
0:13:35	30.0	3912	4679	4898	5222	3687	6351	6714	7149	7475	8001	8319	5033
0:13:40	30.0	3898	4715	4906	5194	3691	6314	6731	7082	7505	8024	8370	5054
0:13:45	30.0	3873	4680	4913	5215	3681	6354	6837	7154	7486	8025	8299	5058
0:13:50	30.0	3878	4646	4938	5245	3704	6339	6757	7137	7483	7989	8310	5086
0:13:55	30.0	3846	4638	4956	5240	3730	6344	6775	7205	7444	8012	8379	5061
0:14:00	30.0	3894	4696	4937	5269	3713	6340	6789	7184	7575	8083	8332	5083
0:14:05	30.0	3896	4705	4958	5303	3666	6389	6739	7184	7511	8005	8393	5042
0:14:10	30.0	3926	4706	4983	5256	3672	6342	6792	7228	7579	8100	8329	5054
0:14:15	30.0	3869	4735	4934	5340	3670	6371	6791	7190	7579	8040	8410	5028
0:14:20	30.0	3890	4724	4992	5320	3702	6453	6871	7178	7573	8063	8342	5044
0:14:25	30.0	3915	4713	4994	5288	3731	6439	6880	7253	7624	8105	8386	5046
0:14:30	30.0	3898	4761	4971	5310	3699	6402	6867	7197	7686	8072	8336	5012
0:14:35	30.0	3915	4740	4989	5337	3693	6375	6844	7206	7614	8084	8436	5080
0:14:40	30.0	3920	4730	4997	5370	3715	6384	6843	7221	7601	8060	8433	5035
0:14:45	30.0	3903	4747	4999	5314	3691	6379	6852	7257	7641	8184	8423	5030
0:14:50	30.0	3904	4769	4999	5372	3672	6382	6851	7267	7706	8172	8492	5065
0:14:55	30.0	3896	4782	4987	5334	3698	6369	6837	7275	7572	8126	8477	5024
0:15:00	30.0	3909	4738	5052	5397	3652	6372	6877	7262	7621	8187	8554	5067
0:15:05	30.0	3935	4807	5007	5360	3652	6386	6835	7267	7707	8120	8479	5033
0:15:10	30.1	3935	4773	5036	5401	3694	6407	6881	7243	7721	8182	8502	5086
0:15:15	30.0	3926	4804	5064	5379	3710	6430	6884	7259	7785	8217	8561	5064
0:15:20	30.0	3896	4761	5054	5410	3659	6420	6837	7253	7688	8272	8574	5031
0:15:25	30.0	3921	4737	5091	5437	3712	6465	6925	7287	7682	8186	8543	4982
0:15:30	30.0	3950	4789	5070	5423	3663	6480	6922	7369	7704	8239	8572	5027
0:15:35	30.0	3929	4819	5052	5450	3705	6391	6917	7302	7765	8308	8584	5072
0:15:40	30.0	3924	4774	5065	5453	3671	6468	6962	7376	7730	8279	8641	5033
0:15:45	30.0	3944	4794	5084	5423	3673	6462	6892	7311	7697	8244	8570	5012
0:15:50	30.0	3941	4826	5094	5447	3691	6405	6952	7342	7732	8290	8610	5074
0:15:55	30.0	3897	4804	5111	5467	3659	6462	6894	7301	7724	8320	8610	5085
0:16:00	30.0	3940	4858	5059	5510	3655	6474	6929	7386	7790	8344	8648	5036
0:16:05	30.0	3932	4820	5093	5510	3686	6493	6986	7369	7838	8326	8669	5083
0:16:10	30.0	3905	4878	5125	5474	3655	6529	6993	7311	7759	8330	8676	5078
0:16:15	30.0	3953	4852	5113	5459	3662	6455	7011	7422	7808	8395	8661	5078
0:16:20	30.0	3951	4850	5135	5539	3689	6474	7028	7451	7766	8354	8705	5059
0:16:25	30.0	3936	4844	5106	5568	3673	6506	7017	7426	7803	8406	8667	5043
0:16:30	30.0	3923	4848	5177	5513	3684	6571	7045	7461	7809	8433	8695	5072
0:16:35	30.0	3898	4845	5175	5586	3698	6543	7016	7421	7837	8414	8746	5068
0:16:40	30.0	3940	4884	5157	5545	3700	6586	7047	7388	7843	8381	8694	5059
0:16:45	30.0	3933	4845	5169	5547	3669	6572	7071	7442	7861	8413	8770	5045
0:16:50	30.0	3937	4874	5194	5599	3672	6565	7022	7478	7826	8437	8741	5029
0:16:55	30.0	3954	4916	5167	5599	3702	6529	7069	7459	7878	8404	8717	5049
0:17:00	30.0	3959	4863	5185	5576	3672	6545	7031	7403	7843	8416	8771	5030
0:17:05	30.0	3930	4885	5174	5582	3671	6605	7034	7506	7873	8486	8895	5061
0:17:10	30.0	3924	4903	5141	5656	3686	6579	7084	7533	7926	8505	8900	5063
0:17:15	29.9	3960	4880	5210	5623	3695	6613	7014	7524	7934	8556	8839	5064
0:17:20	30.0	3903	4924	5205	5594	3679	6577	7099	7477	7890	8546	8827	5048
0:17:25	30.0	3941	4899	5224	5609	3674	6638	7069	7518	7927	8525	8794	5010
0:17:30	30.0	3943	4898	5232	5635	3697	6592	7126	7524	7955	8548	8853	5047
0:17:35	30.0	3909	4889	5178	5616	3696	6563	7076	7535	7992	8495	8808	5069
0:17:40	30.0	3945	4921	5260	5640	3668	6561	7104	7556	8009	8581	8889	5011
0:17:45	30.0	3954	4884	5221	5654	3711	6585	7115	7477	7985	8554	8791	5081
0:17:50	30.0	3953	4921	5237	5707	3670	6634	7081	7526	8013	8615	8981	5035
0:17:55	30.0	3974	4950	5219	5669	3672	6598	7138	7563	7918	8615	8948	5084
0:18:00	30.0	3937	4911	5274	5652	3693	6667	7126	7607	7975	8531	8927	5094
0:18:05	30.0	3978	4938	5222	5666	3686	6645	7105	7590	8003	8633	8976	4997
0:18:10	30.0	3976	4990	5220	5667	3677	6621	7125	7538	7962	8603	9040	5054
0:18:15	30.0	3953	4954	5284	5714	3678	6608	7170	7531	8015	8629	8850	5019
0:18:20	30.0	3970	4960	5288	5778	3723	6725	7095	7650	8096	8664	8988	5025
0:18:25	30.0	3986	5007	5276	5660	3690	6610	7104	7639	8017	8635	8976	5050
0:18:30	30.0	3953	4979	5278	5730	3697	6653	7136	7677	8041	8690	9035	4994
0:18:35	30.0	3935	4972	5323	5741	3678	6656	7161	7654	8089	8673	8940	5063
0:18:40	30.0	3988	4968	5292	5778	3661	6595	7090	7589	7997	8721	9038	5035
0:18:45	30.0	3991	4958	5296	5751	3655	6708	7153	7620	8051	8713	8957	5071
0:18:50	30.0	3981	4992	5310	5817	3688	6677	7184	7651	8102	8765	8980	4992
0:18:55	30.0	3981	4965	5352	5716	3666	6673	7234	7630	8092	8840	9072	5040
0:19:00	30.0	3918	5061	5305	5790	3641	6640	7172	7702	8151	8709	9029	5059
0:19:05	30.0	3966	4993	5311	5800	3694	6591	7183	7641	8148	8810	9077	5054
0:19:10	30.0	3994	5006	5345	5756	3644	6739	7217	7660	8154	8870	9032	5035
0:19:15	30.0	4008	5003	5337	5790	3671	6689	7224	7695	8086	8797	9104	5051
0:19:20	30.0	3973	4989	5340	5802	3681	6697	7209	7764	8196	8836	9049	5039
0:19:25	30.0	3965	5085	5380	5798	3656	6702	7219	7769	8144	8797	9177	5067
0:19:30	30.0	3969	5017	5381	5869	3695	6710	7294	7689	8141	8827	9137	5088
0:19:35	30.0	3952	5014	5341	5849	3712	6696	7191	7725	8170	8845	9147	5016
0:19:40	30.0	4013	5031	5363	5782	3648	6747	7238	7781	8257	8923	9077	5028
0:19:45	30.0	3990	5042	5409	5915	3660	6728	7277	7733	8251	8890	9252	5017
0:19:50	30.0	3982	5064	5401	5879	3667	6716	7237	7744	8224	8856	9147	5029
0:19:55	30.0	3983	5095	5389	5892	3639	6731	7288	7795	8229	8908	9175	5035
0:20:00	30.0	3977	5023	5384	5902	3677	6745	7246	7769	8245	8936	9173	5086
0:20:05	30.0	3970	5090	5352	5896	3721	6731	7212	7796	8237	8928	9214	5059
0:20:10	30.0	3991	5090	5374	5921	3651	6771	7262	7847	8301	8953	9210	5035
0:20:15	30.0	3986	5112	5422	5924	3671	6821	7294	7756	8237	8957	9185	4998
0:20:20	30.0	3960	5086	5414	5906	3676	6769	7367	7817	8282	8984	9235	5028
0:20:25	30.0	3986	5075	5415	5922	3653	6755	7320	7769	8253	8974	9194	5088
0:20:30	30.0	3983	5123	5427	5918	3671	6804	7428	7814	8313	8991	9257	5038
0:20:35	30.0	4028	5054	5444	5969	3677	6804	7383	7839	8271	8967	9174	5075
0:20:40	30.0	3986	5099	5441	5920	3639	6748	7352	7788	8338	9018	9265	5015
0:20:45	30.0	4009	5072	5422	6008	3636	6797	7356	7751	8255	9036	9339	4984
0:20:50	30.0	3984	5133	5478	5966	3679	6781	7377	7806	8316	9067	9285	5043
0:20:55	30.0	3960	5152	5459	5977	3670	6813	7368	7812	8315	9016	9347	5090
0:21:00	30.0	3972	5131	5459	6011	3668	6825	7315	7807	8321	9016	9294	5032
0:21:05	30.0	4017	5123	5466	5993	3655	6849	7407	7909	8327	9163	9327	5051
0:21:10	30.0	4012	5159	5485	5982	3669	6806	7368	7939	8397	9088	9300	5039
0:21:15	30.0	3985	5114	5510	6048	3694	6848	7437	7866	8335	9084	9394	5000
0:21:20	30.0	3995	5173	5500	6052	3669	6844	7474	7908	8410	9092	9429	5004
0:21:25	30.0	4001	5157	5505	5993	3607	6819	7393	7920	8385	9173	9365	5024
0:21:30	30.0	4004	5193	5535	6052	3651	6858	7397	7959	8376	9133	9377	5049
0:21:35	30.0	3992	5166	5544	6052	3614	6800	7424	7901	8429	9174	9398	5065
0:21:40	30.0	3975	5178	5522	6018	3656	6916	7431	7986	8387	9159	9431	5023
0:21:45	30.0	4007	5222	5523	6097	3638	6886	7430	7940	8403	9181	9470	5032
0:21:50	29.9	4019	5186	5532	6079	3676	6817	7458	7966	8402	9212	9443	5064
0:21:55	30.0	3991	5155	5500	6060	3663	6889	7429	7983	8442	9255	9425	5046
0:22:00	30.0	4019	5212	5564	6120	3665	6923	7494	7984	8462	9117	9407	5010
0:22:05	30.0	3989	5174	5487	6073	3654	6871	7448	7917	8394	9233	9444	5026
0:22:10	30.0	4004	5165	5541	6121	3685	6859	7485	7941	8395	9170	9462	5036
0:22:15	30.0	4006	5188	5594	6069	3651	6899	7486	7973	8505	9198	9460	5074
0:22:20	30.0	4000	5175	5640	6113	3682	6922	7470	7971	8490	9226	9587	5032
0:22:25	30.0	3984	5186	5537	6158	3660	6949	7444	8013	8500	9326	9544	5048
0:22:30	30.0	3987	5213	5594	6136	3652	6910	7504	8053	8489	9214	9539	5088
0:22:35	30.0	4002	5204	5566	6212	3657	6937	7468	7959	8445	9295	9588	5002
0:22:40	30.0	4040	5212	5586	6110	3670	6897	7476	7995	8556	9280	9528	5026
0:22:45	30.0	4008	5237	5545	6123	3660	6920	7539	8092	8517	9294	9577	5025
0:22:50	30.0	3992	5208	5600	6173	3690	6949	7509	8075	8611	9316	9637	5036
0:22:55	30.0	4021	5200	5600	6156	3654	6971	7523	8008	8584	9386	9609	5073
0:23:00	30.0	4009	5238	5596	6201	3656	6998	7562	8066	8603	9349	9661	5034
0:23:05	30.0	4047	5241	5589	6233	3670	6965	7548	8094	8612	9323	9618	5012
0:23:10	30.0	4009	5264	5621	6247	3665	6921	7554	8082	8608	9378	9673	5016
0:23:15	30.0	4018	5271	5668	6209	3674	6949	7602	8016	8641	9398	9675	5009
0:23:20	30.0	3973	5244	5674	6250	3697	7018	7571	8042	8679	9442	9715	5009
0:23:25	30.0	4014	5196	5657	6262	3645	6941	7577	8123	8645	9337	9778	4980
0:23:30	30.0	4018	5245	5665	6218	3684	6945	7568	8082	8570	9429	9673	5025
0:23:35	30.0	3997	5290	5691	6300	3649	6954	7633	8126	8675	9490	9732	5043
0:23:40	30.0	3986	5261	5657	6257	3634	6995	7574	8124	8624	9479	9673	5023
0:23:45	30.0	3993	5291	5693	6297	3670	7050	7577	8181	8644	9467	9779	5108
0:23:50	30.0	3974	5237	5679	6307	3669	7062	7647	8177	8603	9456	9732	5074
0:23:55	30.0	4007	5270	5680	6295	3666	7076	7560	8109	8673	9457	9763	5046
0:24:00	30.0	4032	5307	5706	6251	3667	7006	7619	8169	8702	9585	9755	5004
0:24:05	30.0	4027	5321	5692	6307	3650	7002	7690	8195	8684	9490	9709	5037
0:24:10	30.0	3989	5309	5730	6337	3650	7060	7642	8196	8619	9550	9800	5010
0:24:15	30.0	3985	5274	5689	6284	3658	7042	7650	8150	8657	9599	9715	5046
0:24:20	30.0	4007	5350	5693	6318	3693	7002	7666	8224	8751	9560	9810	5027
0:24:25	30.0	4052	5336	5722	6338	3652	7061	7686	8213	8724	9526	9744	4982
0:24:30	30.0	4059	5318	5722	6300	3650	7021	7696	8198	8799	9558	9800	5039
0:24:35	30.0	4022	5312	5703	6360	3627	7081	7699	8188	8709	9577	9836	4988
0:24:40	30.0	4049	5316	5725	6345	3648	7084	7710	8252	8826	9653	9903	5085
0:24:45	30.0	4023	5315	5723	6412	3660	7034	7773	8284	8756	9633	9834	5074
0:24:50	30.0	4070	5323	5792	6378	3636	7089	7706	8246	8737	9646	9886	5046
0:24:55	30.0	4029	5323	5808	6402	3646	7024	7756	8301	8842	9766	9895	5001
0:25:00	30.0	4036	5370	5669	6447	3682	7085	7756	8213	8847	9667	9790	5047
0:25:05	30.0	4015	5355	5818	6392	3654	7102	7655	8273	8911	9708	9820	4999
0:25:10	30.0	3988	5404	5824	6384	3700	7142	7757	8336	8830	9701	9930	5057
0:25:15	30.0	4027	5380	5811	6421	3668	7099	7799	8276	8872	9645	9877	5026
0:25:20	30.0	4008	5379	5772	6440	3663	7154	7780	8306	8916	9734	9949	5048
0:25:25	30.0	4058	5366	5736	6433	3651	7125	7679	8296	8823	9688	9835	5016
0:25:30	30.0	4031	5401	5802	6465	3667	7164	7773	8361	8949	9700	9888	5009
0:25:35	30.0	4057	5425	5772	6497	3665	7166	7800	8298	8893	9740	9927	5038
0:25:40	30.0	4045	5469	5757	6477	3679	7161	7758	8370	8938	9746	9934	5017
0:25:45	30.0	4027	5436	5829	6526	3659	7135	7800	8354	8904	9806	9935	4998
0:25:50	30.0	4028	5367	5799	6481	3651	7137	7749	8292	8914	9798	10033	4996
0:25:55	30.0	4046	5417	5767	6491	3641	7171	7749	8371	8932	9753	10072	5075
0:26:00	30.0	4020	5432	5808	6455	3641	7148	7861	8370	8978	9784	9990	5068
0:26:05	30.0	4044	5436	5854	6451	3665	7141	7807	8337	8896	9834	10117	5057
0:26:10	30.0	4048	5441	5807	6545	3668	7160	7848	8352	8846	9809	9990	5021
0:26:15	30.0	4045	5446	5867	6569	3645	7152	7857	8403	9003	9793	10013	5052
0:26:20	30.0	4033	5427	5910	6529	3641	7191	7850	8462	9020	9846	10043	5033
0:26:25	30.0	4018	5462	5907	6524	3662	7197	7836	8469	8965	9863	10142	4988
0:26:30	30.0	4035	5453	5896	6542	3652	7259	7811	8395	9029	9936	10086	5011
0:26:35	30.0	4048	5452	5871	6611	3629	7188	7871	8406	8987	9912	10128	5056
0:26:40	30.0	3999	5421	5908	6569	3654	7148	7901	8532	9010	9936	10163	4986
0:26:45	30.0	4050	5463	5878	6563	3666	7224	7855	8464	8982	9925	10155	5028
0:26:50	30.0	4066	5475	5935	6626	3654	7249	7887	8430	9040	9879	10215	5012
0:26:55	30.0	4066	5463	5885	6573	3655	7149	7874	8435	9071	10000	10194	5026
0:27:00	30.0	4031	5458	5908	6558	3618	7237	7935	8513	9068	9955	10226	5057
0:27:05	30.0	4001	5466	5894	6618	3629	7270	7925	8443	9037	10033	10245	4989
0:27:10	30.0	4012	5537	5923	6632	3691	7181	7939	8535	9112	10010	10152	5010
0:27:15	30.0	4031	5537	5916	6658	3658	7233	7955	8500	9068	9959	10194	5021
0:27:20	30.0	4055	5488	5892	6641	3670	7278	7935	8461	9052	10039	10221	5027
0:27:25	30.0	4073	5512	5913	6581	3676	7253	7855	8499	9136	10036	10175	5000
0:27:30	30.0	4073	5506	5879	6658	3700	7235	7961	8594	9043	10018	10184	5011
0:27:35	30.0	4075	5462	5960	6644	3611	7212	7900	8535	9114	10051	10346	5016
0:27:40	30.0	4079	5514	5924	6667	3665	7278	7977	8482	9109	10085	10217	5020
0:27:45	30.0	4037	5516	5967	6607	3608	7274	7932	8619	9143	10028	10269	5054
0:27:50	30.0	4068	5514	5988	6682	3667	7300	7993	8691	9286	10035	10303	4983
0:27:55	30.0	4064	5509	5951	6718	3662	7370	7966	8564	9199	10030	10246	5000
0:28:00	30.0	4014	5533	5967	6668	3638	7224	7985	8587	9174	10102	10305	5068
0:28:05	30.0	4054	5551	5961	6697	3672	7302	8003	8581	9088	10119	10255	4970
0:28:10	30.0	4078	5470	5988	6693	3664	7189	7926	8566	9147	10152	10411	5020
0:28:15	30.0	4057	5551	5986	6751	3637	7332	8009	8464	9204	10139	10366	4986
0:28:20	30.0	4024	5501	5948	6714	3671	7295	8010	8550	9118	10233	10282	5008
0:28:25	30.0	4057	5528	5983	6682	3698	7240	8039	8645	9223	10198	10332	5030
0:28:30	30.0	4065	5542	6050	6701	3634	7369	8089	8621	9235	10150	10361	5084
0:28:35	30.0	4073	5556	6001	6742	3648	7344	8054	8618	9311	10192	10384	4986
0:28:40	30.0	4027	5539	6034	6734	3676	7339	8052	8688	9272	10232	10407	5008
0:28:45	30.0	4077	5584	6016	6726	3635	7350	8045	8716	9279	10206	10390	5005
0:28:50	30.0	4062	5545	5958	6787	3641	7379	8024	8635	9238	10280	10396	5023
0:28:55	30.0	4006	5532	6003	6829	3644	7379	7974	8706	9244	10209	10428	4996
0:29:00	30.0	4068	5570	6011	6739	3648	7332	8001	8722	9268	10264	10405	4989
0:29:05	30.0	4031	5609	6090	6832	3651	7410	8091	8711	9248	10210	10442	5004
0:29:10	30.0	4047	5505	6061	6731	3664	7373	8053	8639	9317	10202	10430	5019
0:29:15	30.0	4064	5541	6038	6800	3654	7360	8070	8742	9280	10291	10510	5050
0:29:20	30.0	4034	5603	6056	6841	3644	7328	8035	8663	9324	10318	10633	4989
0:29:25	30.0	4067	5562	6029	6869	3659	7408	8037	8719	9357	10315	10502	5010
0:29:30	30.0	4045	5607	6042	6763	3643	7472	8010	8709	9346	10311	10620	5013
0:29:35	30.0	4067	5612	6097	6879	3636	7369	8192	8743	9398	10386	10460	4980
0:29:40	30.0	4062	5556	6045	6790	3645	7385	8138	8788	9291	10367	10477	4966
0:29:45	30.0	4045	5560	6052	6806	3616	7403	8176	8746	9276	10368	10580	5053
0:29:50	30.0	4052	5628	6075	6873	3652	7346	8126	8746	9378	10334	10564	5001
0:29:55	30.0	4048	5627	6078	6894	3669	7426	8150	8795	9372	10275	10651	5071
0:30:00	30.0	4091	5545	6142	6887	3645	7363	8112	8792	9417	10391	10504	5006
0:30:05	30.0	4056	5653	6064	6817	3675	7449	8197	8765	9369	10422	10629	5012
0:30:10	30.0	4101	5602	6164	6899	3622	7459	8174	8822	9386	10401	10655	5016
0:30:15	30.0	4062	5656	6160	6873	3654	7456	8149	8786	9428	10467	10537	4989
0:30:20	30.0	4041	5606	6127	6956	3639	7495	8150	8813	9440	10609	10599	5005
0:30:25	30.0	4069	5607	6164	6950	3653	7453	8184	8864	9435	10402	10575	4997
0:30:30	30.0	4081	5651	6192	6910	3631	7442	8244	8772	9474	10467	10649	5011
0:30:35	30.0	4079	5656	6184	6941	3656	7491	8222	8924	9485	10539	10728	5017
0:30:40	30.0	4084	5667	6136	6936	3647	7504	8203	8878	9504	10564	10714	5019
0:30:45	30.0	4017	5706	6214	6910	3690	7480	8279	8940	9465	10541	10617	4989
0:30:50	30.0	4055	5607	6181	6968	3637	7533	8199	8885	9406	10533	10754	4950
0:30:55	30.0	4025	5715	6138	6993	3646	7409	8273	8926	9525	10567	10689	5002
0:31:00	30.0	4110	5610	6219	6970	3627	7493	8208	8887	9500	10540	10657	5033
0:31:05	30.0	4088	5704	6169	6967	3634	7469	8269	8934	9520	10530	10699	5001
0:31:10	30.0	4081	5674	6157	7046	3611	7538	8181	8913	9598	10553	10837	5040
0:31:15	30.0	4085	5628	6152	7011	3638	7493	8217	8986	9516	10641	10808	5033
0:31:20	30.0	4062	5705	6200	6948	3639	7512	8331	9002	9489	10639	10826	5007
0:31:25	30.0	4077	5678	6197	7026	3607	7581	8272	8938	9589	10635	10760	4996
0:31:30	30.0	4066	5636	6165	7010	3636	7497	8287	9057	9676	10663	10779	5043
0:31:35	30.0	4038	5669	6256	7064	3650	7499	8354	8992	9607	10686	10788	4985
0:31:40	30.0	4056	5656	6241	7020	3626	7476	8287	8865	9574	10738	10802	5022
0:31:45	30.0	4086	5724	6197	7033	3633	7630	8288	8887	9581	10662	10904	4998
0:31:50	30.0	4078	5758	6248	7051	3638	7594	8302	9015	9557	10792	10871	5026
0:31:55	30.0	4027	5691	6178	7071	3616	7605	8371	9057	9568	10676	10903	5006
0:32:00	30.0	4093	5727	6223	7103	3679	7569	8381	8998	9684	10663	10864	5049
0:32:05	30.0	4093	5705	6250	7090	3609	7558	8363	9001	9754	10725	10855	4973
0:32:10	30.0	4066	5717	6202	7028	3654	7590	8320	9094	9747	10664	10858	5020
0:32:15	30.0	4137	5660	6297	7137	3667	7602	8333	9013	9688	10722	10857	4981
0:32:20	30.0	4119	5713	6278	7074	3661	7582	8455	9071	9640	10710	10877	4961
0:32:25	30.0	4078	5746	6272	7180	3632	7592	8421	9040	9622	10761	10892	4997
0:32:30	30.0	4104	5728	6288	7079	3644	7601	8324	8979	9765	10823	10993	5044
0:32:35	30.0	4071	5737	6240	7086	3650	7625	8412	9090	9683	10855	11003	4989
0:32:40	30.0	4066	5760	6276	7098	3640	7584	8426	9072	9746	10746	10949	4963
0:32:45	29.9	4097	5741	6340	7160	3622	7559	8392	9063	9690	10773	11095	5020
0:32:50	30.0	4080	5710	6275	7182	3662	7628	8443	9170	9747	10806	11063	4994
0:32:55	30.0	4068	5691	6325	7170	3633	7622	8394	9156	9772	10888	10973	4996
0:33:00	30.0	4098	5797	6325	7143	3634	7620	8458	9167	9856	10880	10979	4973
0:33:05	30.0	4086	5712	6298	7113	3652	7687	8403	9086	9867	10905	10951	4996
0:33:10	30.0	4121	5779	6330	7143	3683	7639	8427	9139	9842	10852	11061	4958
0:33:15	30.0	4065	5747	6295	7197	3637	7724	8468	9140	9717	10923	11019	5034
0:33:20	30.0	4071	5729	6278	7177	3618	7623	8446	9225	9840	10888	11039	5021
0:33:25	30.0	4082	5852	6328	7272	3623	7680	8495	9198	9777	10964	11071	5012
0:33:30	30.0	4112	5808	6351	7189	3645	7714	8428	9074	9818	10910	11079	5020
0:33:35	30.0	4095	5750	6304	7166	3614	7641	8480	9074	9792	11046	11158	4997
0:33:40	30.0	4099	5795	6393	7236	3626	7699	8409	9160	9832	10957	11029	5035
0:33:45	30.0	4084	5788	6399	7264	3620	7755	8527	9242	9833	10972	11130	5011
0:33:50	30.0	4085	5774	6334	7255	3636	7614	8516	9115	9880	11061	11085	5058
0:33:55	30.0	4063	5815	6370	7225	3657	7718	8505	9238	9870	11047	11067	5007
0:34:00	30.0	4100	5754	6360	7291	3637	7708	8562	9153	9858	11119	11229	4967
0:34:05	30.0	4089	5777	6434	7241	3630	7748	8539	9137	9844	11112	11172	5020
0:34:10	30.0	4120	5832	6410	7203	3623	7770	8526	9176	9914	10996	11120	5050
0:34:15	30.0	4116	5784	6437	7266	3634	7738	8511	9268	9882	11007	11253	4997
0:34:20	30.0	4066	5801	6349	7276	3644	7766	8508	9172	9909	11106	11145	5000
0:34:25	30.0	4079	5864	6306	7329	3632	7695	8557	9221	9936	11073	11215	5014
0:34:30	30.0	4092	5788	6417	7349	3659	7713	8584	9220	9944	11018	11219	5005
0:34:35	30.0	4061	5753	6430	7352	3637	7724	8593	9238	10041	11080	11282	4998
0:34:40	30.0	4099	5813	6388	7287	3640	7752	8525	9255	9913	11168	11228	5039
0:34:45	30.0	4107	5817	6392	7286	3635	7732	8644	9323	10049	11036	11216	4995
0:34:50	30.0	4095	5831	6447	7358	3629	7767	8577	9286	9929	11110	11249	5039
0:34:55	30.0	4093	5855	6420	7284	3640	7751	8550	9253	10113	11086	11336	4983
0:35:00	30.0	4058	5849	6444	7371	3664	7733	8595	9343	9995	11009	11281	5027
0:35:05	30.0	4107	5885	6478	7378	3669	7749	8624	9389	10038	11237	11285	5013
0:35:10	30.0	4087	5835	6465	7341	3693	7764	8616	9359	9993	11222	11260	4977
0:35:15	30.0	4068	5862	6446	7351	3655	7730	8613	9325	10002	11181	11307	5026
0:35:20	30.0	4139	5793	6472	7345	3675	7817	8595	9332	10041	11337	11319	4994
0:35:25	30.0	4112	5840	6492	7383	3630	7794	8622	9370	10083	11343	11399	5040
0:35:30	30.0	4097	5857	6492	7361	3617	7824	8653	9381	10038	11245	11243	4970
0:35:35	30.0	4081	5862	6459	7470	3629	7792	8653	9403	9997	11260	11344	4994
0:35:40	30.0	4078	5879	6453	7424	3633	7821	8605	9354	10117	11273	11393	5002
0:35:45	30.0	4076	5843	6483	7366	3677	7750	8688	9451	10093	11348	11323	4988
0:35:50	30.0	4107	5857	6517	7387	3632	7817	8729	9412	10163	11316	11426	5013
0:35:55	30.0	4100	5876	6499	7400	3647	7874	8727	9455	10110	11290	11376	4955
0:36:00	30.0	4065	5858	6439	7441	3650	7815	8737	9468	10102	11356	11466	4976
0:36:05	30.0	4050	5864	6500	7478	3643	7759	8697	9386	10023	11336	11359	5026
0:36:10	30.0	4106	5926	6509	7441	3646	7889	8642	9410	10150	11266	11433	5001
0:36:15	30.0	4071	5886	6470	7443	3633	7879	8642	9466	10135	11375	11517	5047
0:36:20	30.0	4131	5857	6484	7450	3623	7799	8745	9338	10112	11280	11437	5012
0:36:25	30.0	4078	5876	6523	7432	3632	7832	8771	9388	10181	11353	11552	5022
0:36:30	30.0	4105	5911	6489	7430	3597	7828	8739	9410	10088	11321	11476	4966
0:36:35	30.0	4104	5908	6576	7400	3630	7900	8729	9592	10162	11510	11549	4972
0:36:40	30.0	4072	5898	6489	7468	3628	7919	8734	9532	10204	11439	11470	4989
0:36:45	30.0	4103	5928	6576	7553	3659	7925	8737	9497	10184	11440	11518	5017
0:36:50	30.0	4106	5862	6582	7502	3647	7913	8792	9481	10081	11498	11584	5029
0:36:55	30.0	4114	5912	6524	7518	3662	7887	8787	9569	10228	11492	11519	5021
0:37:00	30.0	4087	5930	6556	7545	3619	7889	8763	9463	10226	11495	11647	5047
0:37:05	30.0	4080	5881	6556	7525	3650	7818	8747	9485	10255	11507	11530	4995
0:37:10	30.0	4120	5911	6619	7517	3634	7923	8848	9551	10277	11524	11720	4973
0:37:15	30.0	4119	5936	6539	7540	3635	7946	8790	9597	10340	11578	11585	5022
0:37:20	30.0	4106	5915	6566	7541	3631	7923	8857	9579	10276	11544	11526	5017
0:37:25	30.0	4133	5966	6605	7578	3634	7950	8835	9579	10281	11536	11738	5014
0:37:30	30.0	4127	5918	6570	7529	3654	7958	8797	9536	10246	11609	11665	4993
0:37:35	30.0	4057	5922	6550	7561	3637	7970	8871	9597	10347	11655	11762	4999
0:37:40	30.0	4122	5971	6625	7538	3624	8035	8840	9591	10324	11638	11644	5021
0:37:45	30.0	4105	5912	6629	7554	3650	7996	8876	9563	10340	11614	11734	5010
0:37:50	30.0	4101	5940	6647	7576	3632	7981	8824	9626	10338	11672	11670	4998
0:37:55	30.0	4089	6000	6645	7554	3600	7939	8919	9641	10442	11647	11649	4988
0:38:00	30.0	4082	5956	6625	7585	3665	8053	8917	9553	10353	11634	11745	5003
0:38:05	30.0	4124	5936	6624	7571	3612	7918	8822	9603	10321	11686	11672	5010
0:38:10	30.0	4115	5972	6621	7579	3630	7955	8925	9725	10366	11671	11859	4996
0:38:15	30.0	4124	5956	6581	7632	3630	7955	8938	9672	10382	11706	11761	4982
0:38:20	30.0	4125	5958	6603	7671	3628	7985	8931	9683	10332	11705	11687	5031
0:38:25	30.0	4106	6009	6687	7563	3643	8041	8971	9686	10319	11772	11749	4982
0:38:30	30.0	4105	5945	6665	7631	3626	8039	8858	9639	10397	11699	11793	5030
0:38:35	30.0	4110	5955	6612	7641	3642	7950	8845	9690	10362	11760	11864	4970
0:38:40	30.0	4088	5946	6670	7610	3640	8044	8928	9627	10472	11637	11876	5024
0:38:45	30.0	4108	5965	6691	7660	3598	8066	8922	9728	10424	11758	11813	5005
0:38:50	30.0	4063	5946	6675	7650	3616	8022	8850	9710	10496	11791	11853	4990
0:38:55	30.0	4095	6000	6722	7664	3626	8097	9002	9765	10488	11765	11846	5011
0:39:00	30.0	4081	5973	6635	7578	3634	8042	8951	9707	10468	11673	11875	5008
0:39:05	30.0	4129	5994	6700	7676	3655	8086	8893	9731	10457	11806	11799	5030
0:39:10	30.0	4138	5990	6647	7671	3613	7997	8942	9771	10497	11773	11875	5003
0:39:15	30.0	4117	6007	6696	7709	3649	8122	9038	9717	10492	11833	11897	5027
0:39:20	30.0	4098	5961	6691	7719	3630	8076	9034	9710	10445	11854	11854	5013
0:39:25	30.0	4100	6070	6661	7656	3614	8060	8995	9749	10505	11792	11902	5033
0:39:30	30.0	4110	6009	6710	7702	3648	8143	9003	9869	10501	11887	11890	4981
0:39:35	30.0	4111	6046	6740	7721	3615	8061	9089	9848	10546	11884	11947	5023
0:39:40	30.0	4090	5993	6738	7693	3642	8109	8988	9782	10424	11781	11992	5014
0:39:45	30.0	4147	6012	6700	7694	3617	8130	9053	9757	10533	11913	11948	5008
0:39:50	30.0	4121	5990	6699	7743	3625	8082	8985	9833	10573	11994	11945	4966
0:39:55	30.0	4099	6006	6738	7738	3610	8139	9023	9865	10606	11932	11932	5036
0:40:00	30.0	4079	6066	6781	7739	3669	8129	9027	9854	10510	11759	12001	5014
0:40:05	30.0	4107	6045	6711	7681	3620	8056	9031	9889	10549	11906	12057	5045
0:40:10	30.0	4113	6034	6730	7677	3614	8121	9065	9812	10624	11919	12003	4977
0:40:15	30.0	4134	6067	6761	7796	3642	8132	9121	9835	10591	11951	12066	4993
0:40:20	30.0	4082	6058	6791	7777	3662	8124	9105	9981	10610	11966	12038	5023
0:40:25	30.0	4121	6027	6808	7778	3627	8128	9184	9868	10586	11911	11977	4936
0:40:30	30.0	4133	6047	6802	7811	3644	8179	9090	9797	10641	12142	12056	4998
0:40:35	30.0	4132	5977	6792	7794	3652	8183	9101	9939	10576	11995	11993	4963
0:40:40	30.0	4136	6068	6743	7734	3651	8158	9030	9953	10687	12090	12136	4971
0:40:45	30.0	4124	6072	6784	7840	3629	8172	9045	9851	10652	11979	12015	5021
0:40:50	30.0	4107	6021	6773	7789	3616	8134	9244	9772	10596	12040	12105	5018
0:40:55	30.0	4108	6082	6818	7810	3613	8140	9128	9885	10689	12096	12139	5005
0:41:00	30.0	4095	6053	6794	7835	3642	8153	9151	9909	10655	12111	12205	5005
0:41:05	30.0	4137	6068	6830	7935	3610	8252	9098	9983	10790	12012	12117	4968
0:41:10	30.0	4121	6070	6746	7860	3627	8205	9162	9979	10695	12113	12240	4947
0:41:15	30.0	4107	6064	6760	7884	3601	8149	9155	9952	10702	12160	12219	4992
0:41:20	30.0	4085	6075	6778	7867	3627	8208	9125	9986	10841	12167	12125	4991
0:41:25	30.0	4114	6058	6782	7870	3650	8172	9199	9839	10819	12108	12120	5018
0:41:30	30.0	4090	6111	6763	7859	3644	8146	9166	10019	10821	12122	12253	4996
0:41:35	30.0	4092	6082	6835	7846	3634	8237	9169	10035	10737	12112	12269	4997
0:41:40	30.0	4130	6095	6760	7855	3608	8245	9250	9915	10712	12051	12144	4963
0:41:45	30.0	4132	6099	6832	7858	3647	8208	9174	10033	10832	12257	12277	5023
0:41:50	30.0	4101	6062	6882	7882	3614	8222	9146	9996	10776	12243	12325	5006
0:41:55	30.0	4093	6071	6795	7915	3640	8256	9247	10012	10831	12244	12203	4984
0:42:00	30.0	4120	6120	6823	7798	3614	8270	9258	10163	10870	12235	12242	5002
0:42:05	30.0	4084	6074	6867	7925	3635	8273	9276	10111	10878	12212	12359	4943
0:42:10	30.0	4097	6114	6908	7956	3629	8275	9258	10046	10865	12343	12234	5000
0:42:15	30.0	4124	6105	6855	7906	3631	8256	9204	10039	10950	12393	12296	4993
0:42:20	30.0	4096	6105	6946	7911	3603	8337	9256	10077	10897	12348	12354	4991
0:42:25	30.0	4123	6147	6824	7921	3601	8344	9289	10044	10848	12284	12246	4990
0:42:30	30.0	4117	6133	6930	7947	3647	8314	9240	10140	10889	12293	12361	4978
0:42:35	30.0	4108	6102	6875	7970	3658	8327	9391	10154	10874	12368	12311	4974
0:42:40	30.0	4104	6136	6903	7935	3625	8254	9379	10140	10908	12302	12419	4985
0:42:45	30.0	4114	6056	6810	7990	3617	8369	9263	10185	10933	12262	12346	4983
0:42:50	30.0	4125	6121	6929	8008	3605	8306	9334	10075	11005	12424	12519	4989
0:42:55	30.0	4132	6145	6941	7964	3640	8306	9359	10152	10952	12346	12420	4992
0:43:00	30.0	4130	6100	6863	7919	3612	8250	9257	10149	10949	12383	12314	5014
0:43:05	30.0	4128	6091	6953	7998	3630	8309	9340	10232	11010	12379	12497	5005
0:43:10	30.0	4124	6158	7009	8020	3600	8344	9268	10263	10968	12368	12372	4986
0:43:15	30.0	4140	6122	6887	8023	3640	8381	9376	10125	10935	12394	12401	4983
0:43:20	30.0	4126	6088	6943	7999	3645	8361	9412	10229	11002	12432	12526	5022
0:43:25	30.0	4110	6147	6922	8040	3619	8315	9388	10106	10887	12469	12485	4954
0:43:30	30.0	4134	6163	6933	8004	3644	8312	9373	10253	11013	12434	12418	4989
0:43:35	30.0	4145	6160	6913	8012	3641	8301	9369	10186	11029	12468	12426	4974
0:43:40	30.0	4109	6117	6836	8037	3622	8344	9429	10238	11028	12434	12587	4970
0:43:45	30.0	4112	6157	6925	8017	3653	8403	9415	10231	11003	12517	12550	5016
0:43:50	30.0	4092	6100	6936	7997	3614	8358	9378	10213	11076	12499	12505	4981
0:43:55	30.0	4120	6131	6993	8048	3644	8367	9434	10258	11133	12607	12570	5021
0:44:00	30.0	4163	6194	7022	8047	3624	8436	9437	10312	11021	12491	12696	4996
0:44:05	30.0	4135	6163	6926	8041	3635	8393	9481	10269	11120	12540	12530	4978
0:44:10	30.0	4069	6109	6904	8051	3603	8365	9446	10181	11036	12474	12568	4988
0:44:15	30.0	4138	6173	7035	8065	3657	8478	9401	10277	11186	12578	12575	4939
0:44:20	30.0	4103	6176	6996	8124	3623	8438	9398	10317	11070	12622	12636	4998
0:44:25	30.0	4105	6175	6930	8056	3606	8425	9404	10303	11129	12548	12538	4985
0:44:30	30.0	4148	6188	6978	8081	3654	8341	9461	10340	11139	12667	12544	4962
0:44:35	30.0	4139	6132	7008	8055	3626	8498	9448	10334	11184	12640	12630	4981
0:44:40	30.0	4105	6147	7020	8059	3649	8447	9522	10325	11153	12594	12642	4992
0:44:45	30.0	4093	6150	7032	8032	3649	8386	9478	10438	11263	12695	12496	4958
0:44:50	30.0	4105	6170	6960	8145	3618	8439	9463	10262	11240	12691	12713	5019
0:44:55	30.0	4113	6158	6984	8043	3632	8384	9502	10274	11165	12633	12799	4956
0:45:00	30.0	4124	6180	7015	8146	3617	8451	9483	10292	11167	12603	12657	4949
0:45:05	30.0	4154	6189	7001	8086	3632	8521	9514	10369	11226	12650	12690	4972
0:45:10	30.0	4133	6140	7028	8115	3624	8525	9579	10301	11242	12671	12766	4991
0:45:15	30.0	4109	6172	7040	8165	3609	8428	9481	10400	11244	12779	12794	4992
0:45:20	30.0	4141	6183	7041	8118	3632	8467	9537	10421	11325	12717	12742	5046
0:45:25	30.0	4111	6191	7040	8166	3623	8492	9548	10428	11239	12757	12845	4978
0:45:30	30.0	4127	6193	7061	8092	3632	8512	9488	10481	11355	12734	12729	5036
0:45:35	30.0	4143	6233	7039	8186	3640	8511	9517	10445	11203	12675	12714	4997
0:45:40	30.0	4112	6230	7070	8155	3625	8481	9562	10500	11274	12703	12861	4944
0:45:45	30.0	4150	6214	7038	8176	3653	8482	9550	10383	11295	12797	12853	5036
0:45:50	30.0	4121	6154	7091	8197	3613	8581	9659	10452	11341	12901	12834	4960
0:45:55	30.0	4145	6198	7063	8188	3666	8510	9608	10468	11204	12791	12723	4995
0:46:00	30.0	4157	6197	6992	8160	3592	8455	9533	10526	11352	12779	12768	4959
0:46:05	30.0	4126	6208	7073	8121	3632	8554	9636	10496	11359	12924	12931	5065
0:46:10	30.0	4133	6213	7026	8169	3621	8600	9668	10446	11297	12870	12861	4963
0:46:15	30.0	4152	6197	7059	8118	3621	8502	9580	10435	11336	12806	12877	5011
0:46:20	30.0	4126	6151	7061	8193	3640	8567	9633	10434	11262	12802	12779	4993
0:46:25	30.0	4112	6227	7053	8206	3651	8542	9617	10534	11362	12808	12942	4995
0:46:30	30.0	4139	6185	7122	8244	3620	8593	9665	10489	11356	12879	12854	4976
0:46:35	30.0	4136	6188	7086	8136	3644	8580	9648	10573	11425	12944	12935	5019
0:46:40	30.0	4121	6202	7148	8212	3622	8560	9648	10569	11382	12900	13012	4985
0:46:45	30.0	4098	6221	7137	8169	3639	8551	9710	10429	11403	12939	12954	4970
0:46:50	30.0	4128	6186	7143	8172	3566	8560	9644	10657	11383	12994	13005	4997
0:46:55	30.0	4074	6203	7117	8230	3606	8640	9712	10498	11432	12991	12984	5007
0:47:00	30.0	4124	6232	7108	8244	3645	8559	9654	10591	11429	13105	13085	4994
0:47:05	30.0	4091	6212	7051	8250	3601	8583	9686	10580	11430	12912	13009	4974
0:47:10	30.0	4116	6208	7104	8150	3597	8532	9758	10599	11460	13016	13037	5027
0:47:15	30.0	4131	6185	7107	8301	3618	8613	9641	10642	11488	13013	13041	5004
0:47:20	30.0	4118	6176	7102	8258	3591	8622	9703	10509	11514	13105	13078	5000
0:47:25	30.0	4112	6315	7117	8297	3609	8637	9695	10645	11411	13084	13004	4961
0:47:30	30.0	4102	6228	7105	8246	3630	8655	9806	10630	11381	12949	13024	5005
0:47:35	30.0	4130	6207	7175	8235	3587	8652	9631	10627	11395	13054	13088	4946
0:47:40	30.0	4120	6242	7189	8235	3607	8633	9689	10600	11477	13076	13083	4975
0:47:45	30.0	4125	6278	7172	8247	3641	8686	9774	10691	11464	13077	13088	4976
0:47:50	30.0	4138	6286	7157	8252	3609	8642	9727	10685	11463	13090	13136	5002
0:47:55	30.0	4107	6214	7161	8245	3645	8738	9774	10658	11543	13145	13080	4987
0:48:00	30.0	4094	6271	7164	8344	3601	8711	9767	10743	11608	13099	13040	4987
0:48:05	30.0	4117	6216	7152	8318	3625	8615	9752	10682	11637	13216	13068	5031
0:48:10	30.0	4150	6196	7161	8195	3613	8697	9761	10695	11673	13134	13185	4937
0:48:15	30.0	4126	6231	7187	8379	3629	8591	9834	10774	11559	13182	13153	5006
0:48:20	30.0	4134	6293	7159	8278	3633	8752	9711	10607	11648	13184	13295	5002
0:48:25	30.0	4139	6287	7135	8237	3636	8739	9687	10695	11666	13234	13132	5005
0:48:30	30.0	4111	6269	7120	8382	3576	8672	9805	10666	11640	13053	13177	4939
0:48:35	30.0	4125	6264	7081	8382	3644	8690	9845	10718	11612	13175	13072	4990
0:48:40	30.0	4150	6243	7250	8259	3628	8713	9864	10703	11584	13249	13289	4972
0:48:45	30.0	4100	6298	7198	8326	3639	8726	9800	10705	11717	13292	13101	4981
0:48:50	30.0	4099	6284	7200	8350	3601	8783	9831	10789	11720	13368	13223	4986
0:48:55	30.0	4134	6280	7198	8370	3628	8722	9879	10813	11558	13414	13221	4974
0:49:00	30.0	4138	6219	7167	8330	3652	8758	9899	10775	11681	13321	13283	4997
0:49:05	30.0	4134	6226	7204	8333	3621	8757	9867	10805	11721	13328	13303	5009
0:49:10	30.0	4149	6284	7231	8343	3584	8747	9813	10705	11685	13247	13204	5009
0:49:15	30.0	4091	6245	7223	8369	3642	8746	9962	10851	11776	13198	13253	4941
0:49:20	30.0	4126	6235	7221	8395	3656	8750	9931	10829	11576	13333	13273	5010
0:49:25	30.0	4104	6342	7245	8352	3611	8808	9864	10738	11798	13291	13271	4937
0:49:30	30.0	4102	6271	7256	8381	3636	8813	9962	10828	11606	13468	13278	4966
0:49:35	30.0	4104	6300	7167	8451	3615	8843	9915	10813	11767	13327	13336	4994
0:49:40	30.0	4138	6274	7187	8361	3626	8756	9898	10775	11734	13287	13391	4957
0:49:45	30.0	4115	6244	7196	8438	3638	8840	9930	10889	11763	13315	13381	4974
0:49:50	30.0	4106	6216	7227	8425	3622	8761	9836	10937	11850	13463	13219	4953
0:49:55	30.0	4152	6255	7184	8415	3607	8762	9840	10820	11709	13383	13346	5011
0:50:00	30.0	4123	6300	7203	8433	3609	8825	9883	10875	11854	13437	13393	4951
0:50:05	30.0	4163	6294	7291	8371	3646	8802	10003	10850	11827	13539	13330	4966
0:50:10	30.0	4116	6336	7228	8431	3619	8896	9931	10777	11711	13394	13367	4988
0:50:15	30.0	4109	6317	7204	8360	3601	8739	9866	10828	11823	13395	13541	4985
0:50:20	30.0	4112	6278	7253	8473	3620	8779	9853	10970	11889	13430	13430	5005
0:50:25	30.0	4148	6277	7232	8391	3614	8795	10001	10942	11867	13496	13401	4992
0:50:30	30.0	4148	6287	7252	8417	3615	8849	10037	10898	11818	13564	13518	4999
0:50:35	30.0	4138	6286	7257	8389	3607	8778	10001	10902	11919	13403	13414	4978
0:50:40	30.0	4120	6278	7259	8451	3609	8805	10031	10936	11776	13480	13412	4971
0:50:45	30.0	4138	6236	7230	8393	3606	8827	10008	11056	11836	13483	13467	4956
0:50:50	30.0	4120	6246	7292	8509	3624	8880	10077	10955	11932	13578	13485	4978
0:50:55	30.0	4167	6296	7256	8456	3619	8878	10074	11056	11926	13642	13624	4991
0:51:00	30.0	4125	6225	7308	8468	3659	8845	9992	10930	11948	13639	13622	4971
0:51:05	30.0	4155	6257	7275	8362	3626	8869	10022	10979	11892	13565	13579	5031
0:51:10	30.0	4126	6293	7326	8490	3589	8946	10014	11034	11999	13654	13509	4988
0:51:15	30.0	4101	6301	7276	8447	3615	8933	10082	11013	11927	13532	13693	5008
0:51:20	30.0	4135	6352	7231	8484	3602	8864	10092	11098	11958	13780	13615	5037
0:51:25	30.0	4161	6337	7331	8437	3607	8904	10047	10979	11971	13665	13584	4957
0:51:30	30.0	4130	6314	7315	8424	3607	8915	10014	10962	11939	13687	13618	4915
0:51:35	30.0	4175	6270	7288	8469	3605	8875	10031	11083	11966	13576	13628	5025
0:51:40	30.0	4106	6297	7306	8529	3601	8904	10083	11068	12066	13621	13516	5011
0:51:45	30.0	4153	6302	7331	8478	3626	8914	10033	11149	11903	13739	13642	4996
0:51:50	30.0	4089	6366	7374	8541	3591	9043	10135	11056	12034	13598	13630	4994
0:51:55	30.0	4117	6358	7336	8461	3607	8910	10052	11165	11981	13710	13760	4992
0:52:00	30.0	4122	6279	7287	8532	3632	8942	10106	11105	11996	13711	13610	4986
0:52:05	30.0	4154	6283	7313	8546	3600	8940	10042	11044	12006	13692	13672	4940
0:52:10	30.0	4137	6274	7306	8500	3620	8946	10075	11146	12064	13600	13664	4968
0:52:15	30.0	4146	6331	7314	8558	3583	8976	10064	11196	12064	13687	13649	4997
0:52:20	30.0	4141	6217	7289	8529	3645	8958	10159	11107	12119	13822	13707	4968
0:52:25	30.0	4113	6312	7334	8501	3597	8948	10157	11134	12092	13845	13773	4978
0:52:30	30.0	4125	6316	7354	8484	3631	8928	10098	11151	12089	13707	13651	4975
0:52:35	30.0	4120	6257	7329	8540	3609	8936	10013	11097	12106	13852	13810	4981
0:52:40	30.0	4103	6329	7396	8565	3608	8962	10135	11217	12197	13698	13732	4998
0:52:45	30.0	4172	6285	7344	8580	3609	9035	10145	11236	12130	13787	13750	5028
0:52:50	30.0	4184	6293	7387	8490	3590	9027	10254	11139	12145	13959	13885	5006
0:52:55	30.0	4108	6314	7332	8578	3610	8958	10209	11157	12168	13859	13705	4974
0:53:00	30.0	4133	6256	7253	8573	3604	9014	10162	11128	12200	13946	13794	5009
0:53:05	30.0	4154	6290	7340	8552	3613	9036	10270	11225	12061	13883	13849	4976
0:53:10	30.0	4177	6370	7401	8565	3609	8997	10204	11118	12250	13943	13877	4971
0:53:15	30.0	4103	6336	7327	8560	3603	8960	10269	11258	12123	13845	13875	4997
0:53:20	30.0	4084	6367	7367	8601	3612	9033	10199	11269	12218	13909	13746	4949
0:53:25	30.0	4122	6343	7354	8589	3617	8987	10208	11158	12210	13957	13892	4964
0:53:30	30.0	4146	6327	7396	8593	3628	9079	10262	11145	12158	13835	13866	4976
0:53:35	30.0	4132	6327	7384	8552	3610	9098	10186	11353	12225	13971	13869	4993
0:53:40	30.0	4088	6367	7411	8557	3639	9084	10327	11266	12227	14058	13826	4974
0:53:45	30.0	4157	6349	7429	8583	3611	9017	10187	11213	12269	13996	13921	4950
0:53:50	30.0	4157	6304	7427	8603	3599	9071	10371	11249	12178	13902	13940	4908
0:53:55	30.0	4148	6346	7315	8561	3606	9094	10284	11247	12309	14072	13850	4968
0:54:00	30.0	4123	6304	7387	8594	3584	9060	10277	11330	12269	14049	13916	4961
0:54:05	30.0	4128	6345	7355	8600	3611	9032	10291	11259	12286	14080	13945	4944
0:54:10	30.0	4124	6324	7325	8570	3630	9087	10334	11316	12221	14002	13990	4997
0:54:15	30.0	4157	6296	7445	8590	3601	9100	10365	11304	12371	14003	13978	4932
0:54:20	30.0	4137	6288	7408	8581	3616	9210	10358	11321	12356	14077	14062	4979
0:54:25	30.0	4134	6370	7412	8612	3609	9178	10361	11281	12308	14035	13965	4970
0:54:30	30.0	4114	6334	7404	8555	3612	9111	10386	11302	12306	14152	14006	4976
0:54:35	30.0	4103	6333	7320	8642	3615	9123	10294	11420	12234	14082	13931	4988
0:54:40	30.0	4154	6323	7339	8672	3611	9095	10311	11337	12222	14151	13930	4966
0:54:45	30.0	4145	6334	7419	8587	3592	9026	10415	11446	12389	14150	14011	4977
0:54:50	30.0	4105	6355	7404	8547	3619	9135	10308	11321	12230	14009	13965	4966
0:54:55	30.0	4116	6317	7391	8598	3580	9098	10463	11342	12331	14201	13968	4952
0:55:00	30.0	4154	6365	7415	8620	3604	9150	10431	11309	12359	13998	14012	5003
0:55:05	30.0	4141	6308	7441	8650	3611	9102	10406	11327	12341	14202	14076	4933
0:55:10	30.0	4109	6367	7455	8664	3613	9183	10393	11517	12398	14186	14119	4920
0:55:15	30.0	4117	6357	7403	8586	3637	9100	10361	11373	12361	14207	14134	4984
0:55:20	30.0	4140	6331	7379	8592	3603	9183	10353	11383	12537	14258	14054	4959
0:55:25	30.0	4164	6354	7384	8683	3619	9270	10426	11449	12423	14114	14152	4981
0:55:30	30.0	4141	6289	7474	8651	3613	9161	10393	11362	12505	14240	14102	4979
0:55:35	30.0	4142	6308	7451	8635	3605	9267	10397	11404	12460	14321	14188	4956
0:55:40	30.0	4117	6348	7394	8600	3567	9267	10403	11534	12505	14238	14235	5007
0:55:45	30.0	4142	6311	7444	8648	3635	9202	10456	11441	12458	14297	14281	4958
0:55:50	30.0	4122	6373	7500	8641	3650	9257	10433	11438	12493	14326	14214	4975
0:55:55	30.0	4146	6380	7508	8662	3616	9213	10445	11484	12395	14315	14152	4989
0:56:00	30.0	4149	6339	7483	8624	3617	9200	10501	11513	12500	14267	14212	5003
0:56:05	30.0	4118	6394	7446	8642	3585	9218	10490	11558	12417	14285	14163	4984
0:56:10	30.0	4148	6326	7429	8635	3627	9149	10490	11636	12439	14200	14309	4992
0:56:15	30.0	4141	6340	7474	8611	3619	9261	10523	11468	12489	14337	14347	5003
0:56:20	30.0	4128	6372	7414	8641	3608	9218	10429	11620	12566	14347	14236	4980
0:56:25	30.0	4143	6371	7475	8722	3597	9234	10425	11581	12555	14359	14248	4987
0:56:30	30.0	4128	6364	7478	8681	3599	9207	10501	11495	12458	14332	14289	4949
0:56:35	30.0	4100	6341	7504	8679	3610	9283	10514	11590	12606	14357	14187	5000
0:56:40	30.0	4123	6393	7531	8659	3584	9168	10516	11468	12533	14415	14355	4911
0:56:45	30.0	4168	6325	7516	8672	3580	9255	10629	11557	12646	14565	14220	4955
0:56:50	30.0	4146	6317	7530	8663	3631	9277	10598	11601	12551	14390	14219	4991
0:56:55	30.1	4117	6320	7536	8691	3635	9282	10559	11572	12569	14327	14254	4974
0:57:00	30.0	4136	6360	7500	8743	3616	9239	10642	11527	12584	14469	14260	4972
0:57:05	30.0	4148	6383	7494	8587	3584	9231	10566	11591	12578	14484	14415	4976
0:57:10	30.0	4161	6343	7459	8689	3608	9205	10515	11607	12614	14455	14299	4940
0:57:15	30.0	4118	6336	7469	8724	3579	9303	10544	11751	12721	14423	14423	5002
0:57:20	30.0	4141	6399	7493	8710	3611	9273	10547	11627	12579	14361	14414	4945
0:57:25	30.0	4153	6309	7542	8633	3604	9284	10568	11594	12698	14550	14350	4920
0:57:30	30.0	4095	6366	7566	8637	3592	9290	10553	11645	12594	14382	14405	4942
0:57:35	30.0	4142	6340	7445	8706	3605	9270	10612	11723	12660	14676	14479	4971
0:57:40	30.0	4161	6347	7554	8726	3627	9302	10537	11655	12650	14538	14552	5012
0:57:45	30.0	4140	6332	7399	8711	3593	9252	10595	11719	12716	14546	14388	4959
0:57:50	30.0	4154	6346	7469	8711	3593	9380	10582	11606	12613	14600	14320	4926
0:57:55	30.0	4115	6405	7528	8711	3613	9411	10641	11761	12722	14563	14538	4935
0:58:00	30.0	4156	6335	7489	8668	3612	9311	10709	11661	12705	14526	14506	4942
0:58:05	30.0	4129	6337	7480	8834	3601	9267	10666	11746	12784	14591	14597	4965
0:58:10	30.0	4132	6324	7492	8755	3614	9378	10650	11693	12757	14600	14401	4959
0:58:15	30.0	4126	6362	7550	8746	3592	9400	10625	11726	12714	14551	14492	4966
0:58:20	30.0	4160	6358	7488	8785	3610	9278	10665	11658	12738	14607	14444	4978
0:58:25	30.0	4135	6381	7539	8776	3605	9311	10706	11690	12679	14713	14572	5008
0:58:30	30.0	4123	6360	7472	8739	3572	9295	10682	11716	12797	14684	14549	4945
0:58:35	30.0	4158	6442	7465	8744	3615	9383	10741	11707	12754	14813	14566	4958
0:58:40	30.0	4107	6336	7561	8720	3616	9380	10735	11812	12773	14660	14547	4987
0:58:45	30.0	4174	6387	7500	8773	3628	9333	10680	11811	12793	14741	14643	4949
0:58:50	30.0	4119	6390	7522	8730	3594	9439	10660	11738	12800	14678	14623	5010
0:58:55	30.0	4127	6318	7496	8728	3592	9353	10735	11768	12903	14754	14586	4944
0:59:00	30.0	4077	6364	7596	8722	3604	9427	10755	11772	12729	14646	14497	4987
0:59:05	30.0	4132	6403	7565	8757	3608	9369	10733	11815	12841	14736	14545	4976
0:59:10	30.0	4144	6377	7493	8651	3606	9376	10744	11700	12785	14810	14537	4949
0:59:15	30.0	4163	6335	7537	8792	3567	9395	10830	11793	12824	14801	14778	5005
0:59:20	30.0	4118	6360	7538	8769	3590	9369	10732	11763	12785	14793	14661	4936
0:59:25	30.0	4121	6344	7589	8813	3613	9423	10847	11865	12845	14840	14577	4970
0:59:30	30.0	4168	6337	7540	8730	3624	9484	10747	11904	12873	14891	14599	4948
0:59:35	30.0	4126	6344	7485	8714	3620	9388	10766	11893	12819	14752	14736	4944
0:59:40	30.0	4146	6342	7547	8762	3594	9343	10790	11816	12870	14827	14664	4993
0:59:45	30.0	4127	6356	7593	8645	3599	9389	10758	11888	12889	14858	14703	4951
0:59:50	30.0	4119	6377	7550	8760	3590	9555	10765	11933	12921	14883	14687	4955
0:59:55	30.0	4146	6296	7497	8816	3621	9423	10862	11897	13071	14923	14737	4977
1:00:00	30.0	4109	6348	7571	8728	3584	9474	10772	11875	12891	14896	14775	4959

Results
	1	2	3	4	5	6	7	8	9	10	11	12
A													Max V [425,457]
													R-Squared [425,457]
													t at Max V [425,457]
													Lagtime [425,457]
B													Max V [425,457]
													R-Squared [425,457]
													t at Max V [425,457]
													Lagtime [425,457]
C	1020000.000	1668000.000	2028000.000	2208000.000	-1068000.000	1992000.000	2388000.000	2736000.000	2664000.000	3528000.000	2892000.000	1320000.000	Max V [425,457]
	1.000	1.000	1.000	1.000	1.000	1.000	1.000	1.000	1.000	1.000	1.000	1.000	R-Squared [425,457]
	0:30:58	0:47:23	0:48:38	0:48:13	0:27:33	0:59:48	0:40:48	0:46:48	0:49:23	0:57:33	0:59:13	0:51:33	t at Max V [425,457]
	0:30:22	0:45:49	0:46:58	0:46:09	0:27:38	0:57:45	0:39:19	0:45:04	0:47:14	0:55:09	0:56:24	0:51:32	Lagtime [425,457]
D													Max V [425,457]
													R-Squared [425,457]
													t at Max V [425,457]
													Lagtime [425,457]
E													Max V [425,457]
													R-Squared [425,457]
													t at Max V [425,457]
													Lagtime [425,457]
F													Max V [425,457]
													R-Squared [425,457]
													t at Max V [425,457]
													Lagtime [425,457]
G													Max V [425,457]
													R-Squared [425,457]
													t at Max V [425,457]
													Lagtime [425,457]
H													Max V [425,457]
													R-Squared [425,457]
													t at Max V [425,457]
													Lagtime [425,457]

