

Software Version	3.03.14



Experiment File Path:	C:\Users\Public\Documents\Experiments\Tina\20190130_GAP_assay.xpt
Protocol File Path:	C:\Users\Public\Documents\Protocols\Tina\GAP_sensor_assay.prt



Plate Number	Plate 1
Date	1/30/2019
Time	2:47:52 PM
Reader Type:	Synergy H1
Reader Serial Number:	1803011C
Reading Type	Reader

Procedure Details

Plate Type	Costar 96 well half area
Set Temperature	Setpoint 30°C
Start Kinetic	Runtime 1:23:00 (HH:MM:SS), Interval 0:00:05, 997 Reads
    Read	Fluorescence Endpoint
	G1..G12
	Filter Set 1
	    Excitation: 425,  Emission: 457
	    Optics: Bottom,  Gain: 57
	Light Source: Xenon Flash,  Lamp Energy: High
	Read Speed: Normal,  Delay: 0 msec,  Measurements/Data Point: 5
	Read Height: 7 mm
End Kinetic	

Layout
	1	2	3	4	5	6	7	8	9	10	11	12
A													Well ID
B													Well ID
C													Well ID
D													Well ID
E													Well ID
F													Well ID
G	SPL1	SPL2	SPL3	SPL4	SPL5	SPL6	SPL7	SPL8	SPL9	SPL10	SPL11	SPL12	Well ID
H													Well ID

425,457

Time	T° 425,457	G1	G2	G3	G4	G5	G6	G7	G8	G9	G10	G11	G12
0:00:00	30.0	2443	2544	2646	2574	2593	2737	2934	2361	3961	4504	5185	3399
0:00:05	30.0	2471	2565	2625	2596	2632	2747	2952	2403	3988	4534	5177	3356
0:00:10	30.0	2451	2541	2633	2596	2635	2740	2969	2386	3968	4380	5218	3407
0:00:15	30.0	2484	2548	2670	2577	2677	2751	2962	2381	3975	4410	5226	3396
0:00:20	30.0	2500	2558	2661	2549	2667	2794	3014	2389	4013	4461	5202	3389
0:00:25	30.0	2511	2561	2659	2557	2683	2762	2980	2389	4004	4412	5281	3411
0:00:30	30.0	2513	2568	2690	2560	2684	2824	3006	2430	4010	4472	5238	3394
0:00:35	30.0	2525	2568	2728	2560	2680	2797	3021	2415	4001	4432	5244	3404
0:00:40	30.0	2545	2592	2693	2599	2679	2824	3064	2436	4023	4482	5291	3454
0:00:45	30.0	2586	2616	2729	2564	2722	2819	3028	2439	4056	4476	5362	3437
0:00:50	30.0	2621	2627	2716	2614	2704	2852	3041	2455	4073	4463	5296	3460
0:00:55	30.0	2649	2636	2741	2620	2761	2837	2949	2444	4059	4513	5305	3436
0:01:00	30.0	2679	2663	2754	2627	2771	2882	2957	2438	4096	4467	5310	3412
0:01:05	30.0	2689	2690	2795	2630	2808	2874	2967	2465	4044	4508	5378	3435
0:01:10	30.0	2723	2709	2813	2644	2797	2880	2968	2457	4089	4527	5362	3451
0:01:15	30.0	2774	2684	2791	2659	2819	2898	2961	2458	4060	4526	5359	3403
0:01:20	30.0	2801	2666	2769	2666	2808	2871	2956	2447	4075	4556	5306	3419
0:01:25	30.0	2813	2730	2812	2682	2793	2876	2969	2459	4138	4518	5394	3435
0:01:30	30.0	2818	2700	2833	2688	2824	2878	3041	2458	4084	4561	5404	3396
0:01:35	30.0	2802	2651	2841	2687	2833	2965	2972	2445	4118	4565	5410	3428
0:01:40	30.0	2801	2676	2865	2711	2856	2905	3031	2510	4112	4543	5384	3429
0:01:45	30.0	2804	2698	2858	2707	2854	2925	3057	2484	4143	4545	5390	3424
0:01:50	30.0	2844	2681	2916	2721	2853	2939	3034	2479	4139	4580	5400	3425
0:01:55	30.0	2798	2731	2867	2745	2871	2940	3021	2498	4113	4594	5410	3431
0:02:00	30.0	2811	2675	2907	2744	2910	2973	3037	2504	4107	4596	5427	3397
0:02:05	30.0	2862	2713	2900	2789	2887	2970	3061	2511	4161	4582	5413	3393
0:02:10	30.0	2846	2711	2882	2774	2917	2976	3056	2521	4133	4635	5418	3413
0:02:15	30.0	2820	2755	2885	2791	2942	2982	3084	2529	4143	4609	5433	3426
0:02:20	30.0	2870	2738	2893	2782	2951	2984	3089	2485	4133	4623	5486	3428
0:02:25	30.0	2851	2704	2916	2807	2950	3003	3099	2523	4174	4576	5517	3420
0:02:30	30.0	2866	2726	2918	2821	2981	2996	3158	2511	4193	4617	5506	3435
0:02:35	30.0	2835	2717	2914	2825	2990	3019	3152	2529	4190	4643	5496	3442
0:02:40	30.0	2875	2743	2919	2856	2982	3050	3138	2524	4253	4630	5438	3447
0:02:45	30.0	2857	2738	2907	2838	2986	3029	3136	2517	4249	4686	5485	3423
0:02:50	30.0	2837	2710	2896	2807	2984	3051	3181	2541	4217	4665	5545	3400
0:02:55	30.0	2872	2692	2885	2865	2997	3072	3159	2541	4196	4677	5563	3433
0:03:00	30.0	2853	2719	2894	2870	3030	3068	3165	2520	4242	4663	5524	3447
0:03:05	30.0	2864	2696	2898	2859	3017	3071	3208	2532	4235	4700	5539	3448
0:03:10	30.0	2879	2710	2896	2843	2998	3069	3168	2540	4252	4693	5581	3435
0:03:15	30.0	2910	2747	2883	2802	3027	3077	3198	2536	4224	4721	5590	3444
0:03:20	30.0	2880	2735	2880	2810	2995	3058	3213	2508	4280	4699	5541	3453
0:03:25	30.0	2862	2726	2900	2830	2984	3085	3230	2544	4297	4753	5578	3456
0:03:30	30.0	2905	2712	2889	2838	2988	3067	3164	2530	4297	4745	5606	3445
0:03:35	30.0	2881	2723	2882	2862	3017	3095	3185	2557	4329	4766	5617	3427
0:03:40	30.0	2860	2741	2887	2836	3003	3113	3208	2533	4276	4748	5612	3421
0:03:45	30.0	2888	2709	2857	2826	2999	3091	3208	2548	4294	4777	5614	3468
0:03:50	30.0	2890	2778	2910	2848	3002	3118	3206	2552	4329	4796	5633	3444
0:03:55	30.0	2909	2707	2901	2867	3029	3093	3226	2529	4295	4764	5615	3452
0:04:00	30.0	2889	2751	2907	2850	3005	3096	3254	2525	4315	4770	5633	3424
0:04:05	30.0	2872	2754	2918	2838	3014	3098	3260	2542	4304	4800	5607	3430
0:04:10	30.0	2906	2784	2926	2851	3000	3096	3248	2526	4288	4779	5644	3447
0:04:15	30.0	2871	2778	2901	2836	3005	3103	3233	2510	4360	4801	5645	3429
0:04:20	30.0	2898	2783	2922	2836	2993	3100	3271	2514	4301	4797	5715	3432
0:04:25	30.0	2873	2739	2890	2850	3003	3135	3259	2515	4322	4821	5666	3476
0:04:30	30.0	2868	2712	2920	2833	3026	3116	3270	2499	4314	4801	5733	3464
0:04:35	30.0	2877	2746	2937	2854	3016	3119	3274	2523	4361	4812	5687	3440
0:04:40	30.0	2880	2727	2927	2852	3022	3121	3277	2496	4355	4818	5643	3438
0:04:45	30.0	2910	2701	2947	2844	3011	3122	3265	2515	4408	4824	5688	3434
0:04:50	30.0	2920	2725	2928	2864	3025	3127	3277	2521	4346	4819	5716	3456
0:04:55	30.0	2916	2710	2947	2874	3012	3121	3272	2509	4345	4855	5706	3473
0:05:00	30.0	2944	2738	2929	2861	3024	3134	3343	2528	4332	4898	5693	3416
0:05:05	30.0	2927	2717	2935	2861	3013	3164	3289	2496	4360	4879	5727	3402
0:05:10	30.0	2935	2726	2929	2895	3035	3144	3291	2516	4346	4831	5733	3425
0:05:15	30.0	2946	2741	2950	2868	3035	3150	3297	2512	4376	4855	5700	3442
0:05:20	30.0	2984	2740	2948	2878	3018	3159	3292	2501	4392	4880	5737	3419
0:05:25	30.0	2939	2747	2954	2868	3028	3207	3278	2513	4388	4887	5815	3466
0:05:30	30.0	2949	2744	2954	2887	3072	3159	3308	2510	4337	4864	5786	3447
0:05:35	30.0	2966	2749	2949	2869	3009	3196	3327	2499	4368	4876	5754	3456
0:05:40	30.0	2964	2752	2956	2863	3061	3178	3307	2526	4385	4870	5785	3438
0:05:45	30.0	2997	2747	2986	2900	3044	3169	3324	2515	4398	4895	5831	3431
0:05:50	30.0	3035	2765	2977	2859	3038	3216	3337	2492	4398	4907	5841	3450
0:05:55	30.0	2975	2747	3007	2867	3041	3195	3328	2481	4436	4927	5809	3451
0:06:00	30.0	3026	2740	2965	2879	3052	3188	3335	2491	4426	4966	5799	3425
0:06:05	30.0	3027	2734	2977	2908	3065	3179	3320	2503	4378	4899	5852	3446
0:06:10	30.0	3008	2753	2979	2919	3053	3202	3343	2511	4405	4871	5873	3472
0:06:15	30.0	3035	2770	2949	2899	3060	3161	3317	2522	4417	4936	5870	3477
0:06:20	30.0	3066	2762	2985	2910	3052	3170	3357	2491	4373	4953	5900	3441
0:06:25	30.0	3047	2773	2997	2894	3058	3184	3345	2510	4427	4930	5886	3440
0:06:30	30.0	3063	2753	2994	2906	3056	3227	3359	2515	4472	4943	5883	3459
0:06:35	30.0	3041	2763	3012	2895	3049	3248	3362	2513	4485	4918	5929	3432
0:06:40	30.0	3026	2761	3014	2917	3096	3194	3380	2506	4455	4970	5928	3479
0:06:45	30.0	3049	2787	3006	2909	3072	3211	3377	2504	4436	4970	5888	3481
0:06:50	30.0	3063	2780	3022	2882	3070	3241	3374	2513	4424	4987	5887	3453
0:06:55	30.0	3016	2797	3008	2932	3107	3226	3362	2490	4418	4954	5937	3481
0:07:00	30.0	3021	2798	3042	2949	3121	3229	3391	2513	4435	5005	5946	3449
0:07:05	30.0	3019	2787	3013	2935	3091	3241	3408	2498	4481	4998	5951	3433
0:07:10	30.0	3011	2782	3045	2948	3115	3237	3399	2515	4455	5005	5920	3458
0:07:15	30.0	3017	2774	3029	2969	3110	3257	3410	2492	4493	5007	5954	3492
0:07:20	30.0	3024	2789	3024	2932	3107	3295	3448	2498	4454	5005	5963	3460
0:07:25	30.0	3015	2796	3044	2958	3090	3234	3400	2492	4480	5059	5951	3474
0:07:30	30.0	3012	2816	3035	2943	3107	3270	3451	2505	4487	5038	5997	3482
0:07:35	30.0	2966	2769	3020	2968	3126	3259	3423	2513	4477	5046	6049	3487
0:07:40	30.0	2973	2783	3050	2975	3127	3254	3438	2466	4489	4994	5997	3485
0:07:45	30.0	2962	2812	3050	2973	3153	3275	3433	2503	4490	5048	5953	3464
0:07:50	30.0	2961	2812	3067	2976	3150	3285	3436	2476	4497	5021	6015	3428
0:07:55	30.0	2955	2809	3071	2970	3158	3280	3420	2484	4536	5076	6018	3466
0:08:00	30.0	2955	2789	3101	2968	3124	3319	3467	2493	4493	5048	6091	3452
0:08:05	30.0	2970	2833	3057	2977	3133	3305	3435	2498	4500	5073	6058	3468
0:08:10	30.0	2966	2806	3044	2992	3139	3342	3454	2490	4500	5034	6030	3472
0:08:15	30.0	2942	2812	3068	2997	3160	3323	3442	2500	4500	5073	6109	3456
0:08:20	30.0	2905	2830	3106	3002	3152	3303	3449	2487	4492	5122	6100	3463
0:08:25	30.0	2925	2797	3065	2957	3175	3306	3506	2487	4511	5078	6071	3476
0:08:30	30.0	2927	2797	3082	2988	3204	3333	3498	2458	4519	5099	6104	3435
0:08:35	30.0	2936	2802	3093	2979	3221	3315	3463	2505	4500	5110	6098	3440
0:08:40	30.0	2931	2837	3127	2985	3206	3314	3488	2482	4593	5106	6052	3456
0:08:45	30.0	2940	2823	3102	2991	3207	3327	3469	2471	4535	5072	6121	3430
0:08:50	30.0	2937	2846	3100	3013	3206	3326	3512	2479	4538	5112	6121	3485
0:08:55	30.0	2925	2851	3094	3000	3208	3365	3502	2483	4573	5096	6163	3455
0:09:00	30.0	2906	2793	3080	3018	3217	3356	3496	2478	4580	5172	6150	3450
0:09:05	30.0	2933	2826	3124	3025	3200	3363	3485	2486	4536	5168	6167	3408
0:09:10	30.0	2962	2816	3105	3035	3214	3345	3507	2475	4577	5139	6205	3458
0:09:15	30.0	2927	2838	3127	3015	3183	3369	3536	2495	4576	5160	6203	3419
0:09:20	30.0	2923	2816	3132	3031	3225	3384	3508	2475	4581	5143	6170	3469
0:09:25	30.0	2939	2817	3139	3021	3245	3369	3531	2466	4616	5181	6141	3443
0:09:30	30.0	2969	2843	3156	3036	3257	3382	3527	2489	4591	5113	6214	3464
0:09:35	30.0	2959	2837	3146	3032	3253	3382	3533	2455	4567	5202	6216	3423
0:09:40	30.0	2949	2838	3182	3048	3241	3354	3551	2495	4591	5153	6238	3422
0:09:45	30.0	2931	2828	3120	3049	3248	3367	3524	2483	4612	5135	6201	3468
0:09:50	30.0	2955	2851	3146	3070	3243	3390	3538	2467	4606	5210	6266	3445
0:09:55	30.0	2966	2840	3131	3074	3251	3356	3561	2461	4629	5209	6227	3440
0:10:00	30.0	2936	2860	3147	3053	3272	3408	3565	2483	4555	5214	6211	3429
0:10:05	30.0	2989	2821	3168	3057	3288	3388	3585	2451	4616	5239	6234	3417
0:10:10	30.0	2966	2856	3188	3069	3270	3417	3576	2479	4574	5238	6239	3413
0:10:15	30.0	2952	2838	3177	3062	3292	3418	3591	2471	4595	5240	6224	3428
0:10:20	30.0	2988	2879	3218	3066	3309	3390	3606	2464	4649	5229	6257	3449
0:10:25	30.0	2974	2852	3189	3090	3299	3360	3580	2468	4627	5225	6304	3431
0:10:30	30.0	3014	2870	3190	3071	3284	3428	3625	2470	4632	5248	6277	3458
0:10:35	30.0	2998	2825	3216	3090	3323	3409	3598	2468	4669	5263	6284	3445
0:10:40	30.0	2989	2866	3194	3080	3310	3430	3634	2498	4649	5252	6262	3460
0:10:45	30.0	3015	2876	3199	3088	3320	3422	3620	2444	4654	5222	6342	3463
0:10:50	30.0	3015	2877	3223	3054	3338	3448	3599	2482	4672	5256	6249	3422
0:10:55	30.0	2969	2885	3229	3109	3319	3421	3641	2480	4646	5328	6314	3387
0:11:00	30.0	3019	2857	3206	3122	3314	3473	3653	2440	4670	5272	6263	3464
0:11:05	30.0	3024	2883	3217	3085	3336	3453	3606	2477	4676	5297	6386	3434
0:11:10	30.0	2977	2885	3224	3112	3351	3435	3634	2493	4681	5268	6336	3447
0:11:15	30.0	3037	2903	3231	3144	3387	3479	3655	2458	4680	5289	6368	3453
0:11:20	30.0	3043	2892	3218	3135	3328	3461	3680	2470	4695	5270	6381	3432
0:11:25	30.0	3065	2891	3257	3142	3328	3464	3653	2441	4682	5297	6378	3439
0:11:30	30.0	3021	2879	3238	3121	3331	3476	3658	2464	4697	5293	6412	3409
0:11:35	30.0	3030	2902	3263	3140	3337	3457	3702	2481	4690	5337	6417	3428
0:11:40	30.0	3041	2909	3272	3125	3388	3508	3675	2468	4669	5332	6410	3380
0:11:45	30.0	3043	2894	3262	3166	3354	3479	3677	2484	4667	5330	6428	3434
0:11:50	30.0	3070	2936	3262	3153	3381	3476	3701	2471	4700	5292	6438	3435
0:11:55	30.0	3055	2896	3237	3148	3365	3514	3655	2441	4725	5306	6426	3441
0:12:00	30.0	3049	2909	3271	3179	3410	3496	3701	2478	4703	5355	6455	3416
0:12:05	30.0	3078	2911	3258	3163	3371	3516	3695	2459	4719	5378	6424	3442
0:12:10	30.0	3105	2891	3280	3189	3389	3501	3691	2463	4747	5362	6421	3432
0:12:15	30.0	3047	2903	3258	3170	3407	3511	3716	2457	4706	5385	6473	3437
0:12:20	30.0	3071	2915	3275	3177	3413	3541	3758	2463	4742	5318	6456	3453
0:12:25	30.0	3056	2915	3282	3181	3406	3565	3737	2472	4733	5364	6504	3423
0:12:30	30.0	3064	2905	3302	3184	3425	3514	3727	2482	4776	5457	6430	3409
0:12:35	30.0	3096	2892	3272	3175	3435	3490	3756	2477	4754	5361	6502	3445
0:12:40	30.0	3045	2911	3280	3192	3432	3565	3759	2471	4795	5389	6518	3400
0:12:45	30.0	3091	2910	3332	3219	3446	3565	3739	2460	4780	5461	6538	3410
0:12:50	30.0	3046	2920	3319	3215	3422	3524	3739	2478	4742	5386	6518	3432
0:12:55	30.0	3085	2920	3310	3220	3410	3572	3773	2457	4768	5420	6523	3438
0:13:00	30.0	3091	2920	3343	3239	3444	3576	3748	2460	4769	5463	6545	3464
0:13:05	30.0	3082	2914	3290	3214	3450	3579	3736	2457	4807	5451	6487	3427
0:13:10	30.0	3126	2919	3290	3199	3462	3572	3761	2457	4798	5436	6558	3434
0:13:15	30.0	3114	2920	3335	3192	3478	3571	3789	2468	4779	5443	6533	3408
0:13:20	30.0	3103	2897	3312	3206	3475	3582	3773	2461	4797	5506	6564	3414
0:13:25	30.0	3094	2924	3305	3225	3460	3598	3769	2467	4800	5469	6581	3424
0:13:30	30.0	3107	2931	3347	3266	3443	3609	3783	2463	4784	5456	6572	3421
0:13:35	30.0	3106	2929	3312	3219	3470	3551	3788	2456	4792	5463	6626	3410
0:13:40	30.0	3104	2954	3323	3242	3458	3608	3795	2458	4798	5438	6670	3440
0:13:45	30.0	3127	2915	3315	3268	3451	3569	3780	2463	4786	5474	6584	3373
0:13:50	30.0	3114	2943	3324	3228	3501	3583	3800	2455	4848	5546	6605	3403
0:13:55	30.0	3131	2930	3324	3238	3541	3643	3842	2475	4851	5473	6650	3410
0:14:00	30.0	3134	2944	3327	3267	3470	3589	3850	2489	4842	5490	6627	3393
0:14:05	30.0	3130	2946	3393	3259	3513	3585	3809	2453	4819	5531	6692	3401
0:14:10	30.0	3117	2957	3359	3262	3488	3630	3829	2453	4824	5530	6615	3401
0:14:15	30.0	3169	2912	3355	3283	3501	3614	3808	2418	4832	5487	6663	3427
0:14:20	30.0	3150	2955	3373	3245	3534	3614	3855	2459	4860	5580	6741	3423
0:14:25	30.0	3131	2960	3376	3243	3524	3620	3852	2442	4846	5497	6613	3403
0:14:30	30.0	3161	2950	3367	3278	3515	3636	3848	2464	4872	5530	6702	3424
0:14:35	30.0	3146	2980	3365	3289	3539	3616	3847	2468	4825	5554	6673	3399
0:14:40	30.0	3148	2941	3403	3261	3558	3643	3887	2461	4862	5571	6659	3407
0:14:45	30.0	3157	2986	3385	3302	3509	3659	3893	2453	4895	5568	6733	3427
0:14:50	30.0	3114	2953	3394	3311	3547	3640	3865	2464	4897	5576	6723	3411
0:14:55	30.0	3163	2969	3403	3275	3554	3643	3899	2452	4875	5581	6746	3387
0:15:00	30.0	3190	2971	3414	3329	3548	3673	3898	2438	4853	5553	6750	3409
0:15:05	30.0	3156	2957	3377	3287	3596	3661	3851	2421	4865	5605	6732	3390
0:15:10	30.0	3135	2981	3411	3280	3549	3665	3875	2470	4897	5529	6771	3387
0:15:15	30.0	3187	2979	3417	3294	3566	3654	3903	2430	4826	5545	6825	3421
0:15:20	30.0	3162	2942	3429	3319	3574	3706	3899	2438	4927	5642	6812	3419
0:15:25	30.0	3170	2976	3403	3306	3563	3678	3875	2447	4885	5595	6822	3380
0:15:30	30.0	3135	2949	3400	3280	3597	3700	3928	2428	4967	5612	6813	3405
0:15:35	30.0	3167	3000	3411	3343	3563	3666	3962	2468	4917	5584	6840	3414
0:15:40	30.0	3174	2988	3401	3326	3597	3693	3894	2457	4962	5638	6790	3395
0:15:45	30.0	3181	3013	3408	3298	3593	3697	3905	2454	4888	5675	6862	3408
0:15:50	30.0	3174	2994	3456	3351	3563	3706	3955	2436	4922	5619	6796	3393
0:15:55	30.0	3170	2983	3426	3347	3561	3720	3898	2442	4967	5669	6854	3426
0:16:00	30.0	3155	2984	3435	3353	3622	3720	3950	2442	4910	5669	6850	3382
0:16:05	30.0	3189	3019	3455	3350	3629	3697	3945	2419	4983	5699	6817	3395
0:16:10	30.0	3157	2992	3460	3350	3609	3706	3937	2467	4986	5659	6897	3395
0:16:15	30.0	3164	2973	3429	3367	3577	3746	3935	2457	4964	5693	6832	3388
0:16:20	30.0	3161	2992	3468	3342	3633	3706	3945	2465	5006	5659	6845	3394
0:16:25	30.0	3163	2985	3479	3367	3601	3723	3988	2458	4986	5700	6943	3376
0:16:30	30.0	3174	3011	3459	3367	3619	3739	4009	2440	4964	5703	6920	3406
0:16:35	30.1	3192	2980	3457	3373	3665	3750	3976	2456	4983	5706	6907	3399
0:16:40	30.0	3203	3000	3464	3345	3638	3736	3990	2439	4961	5688	6904	3370
0:16:45	30.0	3159	2996	3481	3370	3635	3743	3962	2475	4973	5716	6933	3405
0:16:50	30.0	3212	2994	3477	3355	3648	3783	4015	2451	5009	5713	6832	3406
0:16:55	30.0	3178	3002	3490	3389	3636	3747	3998	2450	5025	5719	6970	3372
0:17:00	30.0	3208	2984	3487	3376	3684	3785	3992	2448	5000	5744	6963	3342
0:17:05	30.0	3155	2995	3480	3392	3627	3754	3978	2455	5029	5734	6993	3402
0:17:10	30.0	3186	2994	3477	3393	3663	3815	4028	2426	5013	5747	6968	3400
0:17:15	30.0	3198	3018	3518	3391	3694	3796	4044	2454	5025	5794	7045	3381
0:17:20	30.1	3185	3005	3495	3399	3680	3790	4014	2439	4982	5763	6980	3384
0:17:25	30.0	3166	3004	3494	3436	3678	3806	4021	2431	5021	5780	7051	3388
0:17:30	30.0	3190	3038	3472	3409	3658	3771	4029	2428	5035	5799	7011	3401
0:17:35	30.0	3208	3023	3517	3437	3663	3819	4056	2465	5032	5781	7004	3389
0:17:40	30.0	3188	3014	3515	3443	3677	3822	4004	2450	5046	5818	7024	3382
0:17:45	30.0	3184	3006	3509	3475	3716	3812	4038	2443	5029	5770	7039	3375
0:17:50	30.0	3191	3037	3476	3449	3674	3828	4025	2438	5032	5793	7012	3386
0:17:55	30.0	3191	3010	3549	3409	3704	3849	3991	2469	5019	5858	6988	3380
0:18:00	30.0	3230	3026	3544	3444	3667	3836	4051	2451	5045	5836	6975	3396
0:18:05	30.0	3173	3029	3506	3399	3722	3824	4047	2456	5057	5839	7069	3404
0:18:10	30.0	3215	3011	3507	3428	3708	3841	4061	2450	5076	5832	7125	3396
0:18:15	30.0	3206	3000	3533	3448	3706	3845	4086	2441	5094	5825	7039	3400
0:18:20	30.0	3197	3029	3490	3438	3727	3823	4088	2429	5038	5863	7100	3419
0:18:25	30.0	3230	3017	3517	3435	3694	3880	4101	2445	5069	5836	7116	3402
0:18:30	30.0	3199	3070	3557	3456	3744	3850	4120	2433	5044	5923	7067	3414
0:18:35	30.0	3209	3029	3522	3448	3733	3871	4075	2421	5075	5859	7162	3402
0:18:40	30.0	3228	3033	3546	3449	3775	3916	4088	2435	5082	5850	7116	3399
0:18:45	30.0	3180	3044	3563	3464	3743	3887	4104	2443	5090	5953	7160	3404
0:18:50	30.0	3211	3023	3553	3443	3772	3875	4155	2426	5093	5888	7132	3403
0:18:55	30.0	3210	3042	3543	3446	3767	3874	4104	2449	5096	5874	7130	3413
0:19:00	30.0	3224	3077	3537	3476	3757	3864	4099	2404	5085	5898	7130	3413
0:19:05	30.0	3205	3019	3560	3452	3767	3902	4128	2438	5139	5886	7209	3404
0:19:10	30.0	3207	3027	3570	3505	3749	3908	4140	2447	5126	5919	7166	3397
0:19:15	30.0	3223	3054	3556	3507	3775	3877	4151	2412	5175	5913	7234	3394
0:19:20	30.0	3180	3074	3571	3472	3796	3902	4128	2426	5116	5925	7302	3356
0:19:25	30.0	3222	3047	3584	3468	3807	3897	4141	2434	5098	6000	7209	3413
0:19:30	30.0	3240	3083	3595	3479	3777	3926	4124	2448	5151	5902	7177	3386
0:19:35	30.0	3223	3095	3583	3493	3794	3910	4128	2448	5190	5936	7209	3418
0:19:40	30.0	3226	3070	3555	3512	3805	3908	4177	2468	5137	5943	7208	3390
0:19:45	30.0	3233	3096	3584	3503	3830	3944	4206	2424	5125	5934	7257	3365
0:19:50	30.0	3235	3086	3596	3490	3815	3943	4158	2435	5137	5936	7231	3392
0:19:55	30.0	3199	3051	3558	3514	3798	3920	4152	2420	5194	5995	7187	3397
0:20:00	30.0	3223	3073	3569	3510	3829	3952	4172	2434	5229	6055	7243	3415
0:20:05	30.0	3249	3076	3577	3488	3846	3968	4171	2435	5190	5972	7255	3418
0:20:10	30.0	3227	3075	3635	3513	3834	3971	4185	2439	5173	6015	7246	3403
0:20:15	30.0	3239	3092	3632	3522	3834	3979	4143	2462	5205	5971	7283	3353
0:20:20	30.0	3240	3093	3590	3525	3832	3942	4199	2435	5218	6019	7305	3420
0:20:25	30.0	3268	3094	3602	3522	3826	3964	4227	2423	5173	6026	7266	3419
0:20:30	30.0	3248	3108	3634	3536	3812	3997	4229	2458	5242	5988	7336	3377
0:20:35	30.0	3244	3076	3646	3543	3851	3985	4179	2423	5199	6025	7386	3374
0:20:40	30.0	3258	3109	3615	3541	3818	3969	4220	2418	5178	6056	7340	3416
0:20:45	30.0	3271	3113	3644	3559	3873	3984	4232	2454	5237	6063	7360	3384
0:20:50	30.0	3234	3085	3596	3534	3899	4000	4232	2431	5262	6087	7325	3394
0:20:55	30.0	3253	3092	3646	3556	3863	4013	4219	2415	5235	6091	7387	3386
0:21:00	30.0	3259	3099	3647	3536	3880	3994	4230	2442	5241	6049	7371	3388
0:21:05	30.0	3272	3080	3649	3545	3867	4008	4203	2433	5231	6042	7418	3367
0:21:10	30.0	3263	3063	3659	3539	3883	4022	4227	2409	5253	6077	7399	3411
0:21:15	30.0	3266	3132	3651	3567	3896	4033	4244	2428	5266	6112	7381	3384
0:21:20	30.0	3257	3094	3632	3566	3866	4017	4281	2423	5261	6147	7415	3405
0:21:25	30.0	3249	3125	3684	3538	3878	4056	4284	2401	5286	6119	7504	3377
0:21:30	30.0	3234	3103	3677	3596	3893	4051	4270	2427	5279	6065	7412	3388
0:21:35	30.0	3261	3115	3657	3564	3916	4048	4285	2418	5305	6141	7444	3397
0:21:40	30.1	3274	3105	3678	3589	3909	4065	4271	2440	5319	6140	7466	3385
0:21:45	30.0	3253	3133	3676	3587	3947	4028	4257	2446	5275	6137	7445	3364
0:21:50	30.0	3234	3137	3680	3596	3923	4017	4282	2429	5319	6126	7390	3397
0:21:55	30.0	3278	3133	3668	3612	3915	4098	4243	2418	5304	6069	7425	3386
0:22:00	30.0	3267	3128	3696	3623	3940	4034	4312	2411	5267	6150	7461	3407
0:22:05	30.0	3245	3153	3663	3594	3943	4059	4340	2413	5268	6167	7537	3389
0:22:10	30.0	3275	3165	3710	3603	3959	4057	4315	2418	5355	6158	7537	3377
0:22:15	30.0	3270	3109	3712	3593	3967	4062	4309	2403	5311	6184	7484	3373
0:22:20	30.0	3275	3164	3723	3599	3977	4085	4331	2425	5365	6220	7440	3372
0:22:25	30.0	3274	3129	3705	3602	3957	4072	4326	2410	5326	6214	7554	3378
0:22:30	30.0	3285	3130	3671	3637	3943	4087	4391	2446	5334	6214	7608	3363
0:22:35	30.0	3274	3137	3696	3662	3954	4140	4342	2398	5357	6178	7592	3360
0:22:40	30.0	3290	3133	3701	3616	4003	4076	4325	2427	5366	6225	7548	3381
0:22:45	30.0	3278	3155	3723	3621	3958	4124	4325	2422	5344	6222	7606	3368
0:22:50	30.0	3293	3166	3679	3629	3968	4079	4350	2413	5336	6197	7586	3378
0:22:55	30.0	3310	3113	3721	3629	4010	4111	4399	2424	5315	6225	7662	3363
0:23:00	30.0	3269	3142	3733	3640	3985	4136	4344	2445	5334	6215	7586	3388
0:23:05	30.0	3296	3158	3749	3620	4011	4105	4357	2445	5397	6289	7639	3389
0:23:10	30.0	3283	3163	3766	3625	3996	4174	4352	2416	5366	6267	7578	3395
0:23:15	30.0	3270	3170	3722	3648	3989	4144	4361	2424	5417	6283	7621	3398
0:23:20	30.0	3249	3146	3784	3667	4020	4152	4409	2462	5324	6278	7572	3385
0:23:25	30.0	3288	3179	3767	3651	4019	4135	4405	2436	5402	6276	7680	3390
0:23:30	30.0	3274	3176	3747	3643	4004	4170	4413	2414	5405	6280	7706	3396
0:23:35	30.0	3302	3168	3750	3627	4051	4164	4437	2454	5400	6280	7634	3405
0:23:40	30.0	3285	3176	3785	3673	3993	4167	4445	2423	5393	6256	7713	3366
0:23:45	30.0	3299	3146	3769	3681	3985	4156	4407	2421	5416	6322	7717	3372
0:23:50	30.0	3299	3144	3758	3671	4008	4170	4428	2388	5392	6313	7716	3389
0:23:55	30.0	3273	3202	3747	3668	4011	4165	4414	2426	5405	6334	7734	3412
0:24:00	30.0	3325	3158	3773	3673	4065	4130	4471	2436	5444	6332	7701	3393
0:24:05	30.0	3313	3197	3775	3703	4050	4197	4447	2417	5402	6302	7727	3388
0:24:10	30.0	3327	3193	3802	3695	4035	4195	4436	2436	5399	6323	7694	3375
0:24:15	30.0	3326	3182	3772	3674	4060	4199	4452	2426	5459	6385	7823	3364
0:24:20	30.0	3321	3202	3772	3692	4052	4220	4451	2392	5484	6338	7781	3385
0:24:25	30.0	3314	3190	3752	3708	4074	4193	4483	2425	5411	6362	7774	3365
0:24:30	30.0	3308	3197	3773	3682	4061	4230	4500	2424	5438	6385	7732	3357
0:24:35	30.0	3327	3203	3815	3714	4039	4214	4444	2412	5503	6365	7793	3378
0:24:40	30.0	3286	3187	3790	3745	4076	4262	4498	2395	5429	6402	7795	3408
0:24:45	30.0	3283	3196	3774	3737	4069	4214	4479	2438	5454	6428	7727	3395
0:24:50	30.0	3294	3181	3824	3714	4115	4212	4455	2420	5453	6425	7761	3374
0:24:55	30.0	3312	3184	3812	3722	4093	4227	4525	2408	5451	6375	7803	3354
0:25:00	30.0	3301	3229	3808	3735	4091	4215	4498	2421	5494	6395	7727	3357
0:25:05	30.0	3294	3199	3783	3759	4095	4256	4491	2427	5460	6342	7808	3367
0:25:10	30.0	3301	3202	3806	3706	4098	4232	4473	2433	5493	6377	7872	3424
0:25:15	30.0	3342	3202	3837	3749	4106	4217	4527	2413	5478	6426	7845	3364
0:25:20	30.0	3320	3217	3823	3743	4100	4238	4517	2424	5532	6400	7870	3387
0:25:25	30.0	3328	3183	3835	3750	4125	4251	4527	2421	5476	6440	7869	3361
0:25:30	30.0	3312	3202	3869	3751	4118	4291	4487	2419	5483	6439	7798	3395
0:25:35	30.0	3318	3205	3847	3727	4133	4260	4512	2399	5514	6434	7836	3417
0:25:40	30.0	3305	3222	3828	3778	4113	4236	4530	2408	5533	6509	7920	3413
0:25:45	30.0	3328	3222	3828	3750	4132	4286	4545	2449	5548	6481	7907	3358
0:25:50	30.0	3324	3218	3840	3773	4095	4272	4515	2401	5523	6450	7913	3333
0:25:55	30.0	3322	3220	3836	3759	4157	4262	4554	2413	5624	6467	7946	3383
0:26:00	30.0	3337	3221	3833	3779	4125	4287	4546	2435	5569	6484	7934	3379
0:26:05	30.0	3313	3206	3826	3759	4143	4303	4529	2405	5587	6515	7930	3373
0:26:10	30.0	3332	3208	3859	3785	4134	4266	4585	2433	5571	6477	7979	3366
0:26:15	30.0	3327	3197	3817	3757	4157	4297	4581	2407	5545	6485	7929	3410
0:26:20	30.0	3316	3214	3880	3795	4166	4285	4574	2424	5563	6506	7947	3362
0:26:25	30.0	3325	3251	3861	3800	4138	4315	4561	2414	5563	6518	7988	3342
0:26:30	30.0	3302	3250	3857	3791	4191	4326	4564	2405	5572	6533	8000	3383
0:26:35	30.0	3344	3250	3873	3794	4142	4351	4633	2402	5581	6523	8053	3386
0:26:40	30.0	3362	3219	3867	3783	4180	4328	4596	2396	5568	6561	7984	3341
0:26:45	30.0	3317	3230	3844	3791	4170	4327	4569	2405	5585	6522	7988	3385
0:26:50	30.0	3352	3222	3854	3815	4185	4339	4586	2422	5572	6540	8006	3344
0:26:55	30.0	3336	3229	3861	3806	4154	4356	4627	2425	5564	6526	8037	3396
0:27:00	30.0	3357	3245	3881	3787	4154	4316	4609	2418	5597	6468	8021	3363
0:27:05	30.0	3356	3217	3902	3849	4150	4325	4589	2410	5637	6556	8034	3383
0:27:10	30.0	3320	3254	3869	3826	4208	4363	4626	2418	5601	6611	8064	3396
0:27:15	30.0	3314	3225	3893	3819	4226	4308	4618	2427	5597	6574	8025	3385
0:27:20	30.0	3348	3231	3885	3828	4197	4387	4600	2388	5617	6539	8052	3341
0:27:25	30.0	3335	3238	3898	3808	4217	4338	4633	2422	5596	6532	8131	3377
0:27:30	30.0	3355	3269	3852	3808	4242	4374	4634	2429	5612	6609	8075	3367
0:27:35	30.0	3359	3269	3917	3815	4224	4373	4662	2424	5623	6590	8119	3370
0:27:40	30.0	3356	3262	3914	3833	4223	4391	4637	2410	5622	6615	8118	3379
0:27:45	30.0	3348	3273	3882	3831	4214	4391	4687	2420	5672	6611	8135	3380
0:27:50	30.0	3337	3250	3901	3865	4245	4379	4693	2434	5666	6640	8150	3367
0:27:55	30.0	3343	3282	3954	3845	4252	4363	4684	2403	5692	6669	8152	3365
0:28:00	30.0	3371	3281	3925	3854	4242	4393	4712	2419	5728	6690	8166	3362
0:28:05	30.0	3353	3266	3890	3876	4244	4418	4675	2411	5692	6610	8149	3354
0:28:10	30.0	3384	3277	3942	3860	4224	4358	4688	2415	5689	6738	8109	3364
0:28:15	30.0	3345	3258	3926	3849	4253	4448	4708	2416	5678	6662	8131	3375
0:28:20	30.0	3330	3262	3947	3882	4263	4420	4702	2417	5729	6694	8117	3391
0:28:25	30.0	3319	3280	3978	3841	4288	4424	4684	2416	5692	6660	8177	3402
0:28:30	30.0	3333	3288	3920	3858	4267	4393	4694	2406	5724	6750	8240	3368
0:28:35	30.0	3376	3273	3915	3839	4270	4424	4751	2421	5700	6732	8260	3393
0:28:40	30.0	3406	3288	3963	3852	4281	4410	4675	2408	5746	6663	8298	3386
0:28:45	30.1	3385	3292	3921	3889	4298	4415	4734	2399	5726	6762	8178	3365
0:28:50	30.0	3393	3296	3955	3887	4307	4415	4697	2400	5684	6695	8204	3384
0:28:55	30.0	3393	3278	3953	3884	4272	4452	4748	2394	5703	6611	8259	3373
0:29:00	30.0	3365	3275	3942	3861	4279	4485	4735	2406	5685	6763	8289	3399
0:29:05	30.0	3371	3262	3962	3888	4263	4457	4770	2422	5701	6757	8259	3399
0:29:10	30.0	3352	3311	3963	3921	4275	4524	4739	2423	5681	6718	8340	3370
0:29:15	30.0	3372	3288	3950	3877	4288	4428	4776	2419	5754	6766	8256	3388
0:29:20	30.0	3346	3297	3987	3888	4334	4470	4745	2426	5761	6713	8214	3339
0:29:25	30.0	3371	3309	4001	3866	4329	4478	4740	2400	5773	6721	8266	3349
0:29:30	30.0	3371	3306	4008	3902	4371	4511	4769	2406	5793	6798	8385	3355
0:29:35	30.0	3374	3304	3993	3915	4309	4475	4793	2396	5733	6786	8382	3362
0:29:40	30.0	3363	3310	3977	3909	4389	4490	4796	2384	5834	6720	8305	3395
0:29:45	30.0	3360	3258	3995	3924	4350	4501	4801	2392	5776	6802	8360	3339
0:29:50	30.0	3388	3295	3970	3917	4354	4465	4772	2412	5755	6733	8424	3397
0:29:55	30.0	3382	3302	4013	3946	4341	4502	4781	2410	5796	6806	8362	3399
0:30:00	30.0	3357	3295	4007	3954	4359	4519	4757	2389	5801	6786	8370	3366
0:30:05	30.0	3360	3332	3990	3933	4389	4539	4811	2422	5817	6872	8332	3390
0:30:10	30.0	3375	3310	3956	3923	4356	4535	4766	2419	5805	6834	8382	3370
0:30:15	30.0	3340	3305	4013	3910	4326	4503	4790	2405	5767	6789	8330	3349
0:30:20	30.0	3319	3324	4042	3956	4378	4538	4799	2401	5797	6871	8479	3373
0:30:25	30.0	3354	3338	4012	3959	4392	4530	4819	2418	5827	6778	8418	3404
0:30:30	30.0	3378	3319	4025	3949	4359	4539	4832	2409	5786	6849	8413	3406
0:30:35	30.0	3365	3302	3978	3953	4377	4538	4875	2410	5796	6859	8421	3390
0:30:40	30.0	3391	3343	3995	3980	4369	4514	4850	2387	5798	6838	8426	3376
0:30:45	30.0	3397	3317	3989	3932	4435	4537	4871	2406	5848	6853	8404	3356
0:30:50	30.0	3380	3320	4035	3935	4391	4574	4852	2402	5806	6927	8489	3378
0:30:55	30.0	3394	3333	4035	3951	4342	4579	4842	2426	5845	6935	8452	3358
0:31:00	30.0	3380	3321	4004	3986	4427	4519	4835	2407	5851	6920	8428	3374
0:31:05	30.0	3382	3334	4051	3992	4370	4546	4813	2401	5873	6857	8519	3379
0:31:10	30.0	3362	3302	4014	3993	4395	4539	4875	2415	5838	6937	8494	3346
0:31:15	30.0	3396	3364	4031	3974	4432	4563	4865	2402	5856	6849	8480	3348
0:31:20	30.0	3368	3347	4034	4022	4422	4605	4877	2399	5852	6945	8460	3351
0:31:25	30.0	3398	3336	4025	3993	4456	4540	4906	2421	5875	6889	8565	3376
0:31:30	30.0	3354	3336	4031	4014	4438	4555	4873	2421	5834	6952	8463	3358
0:31:35	30.0	3363	3363	4045	3982	4464	4577	4859	2405	5876	6962	8522	3360
0:31:40	30.0	3359	3302	4075	4002	4431	4555	4879	2387	5893	6990	8541	3359
0:31:45	30.0	3383	3338	4090	3996	4465	4616	4883	2403	5875	6926	8613	3368
0:31:50	30.0	3407	3353	4037	3977	4462	4589	4895	2406	5976	6981	8596	3368
0:31:55	30.0	3406	3347	4054	3982	4478	4626	4891	2408	5910	6956	8649	3371
0:32:00	30.0	3378	3317	4092	4003	4478	4602	4895	2395	5897	7016	8642	3357
0:32:05	30.0	3335	3319	4050	4024	4455	4605	4947	2376	5938	6994	8622	3374
0:32:10	30.0	3368	3359	4076	4066	4462	4637	4916	2391	5910	6959	8643	3340
0:32:15	30.0	3382	3372	4065	3999	4430	4622	4964	2402	5949	7002	8596	3377
0:32:20	30.0	3409	3339	4056	4033	4479	4633	4971	2389	5930	7044	8613	3356
0:32:25	30.0	3381	3344	4093	4036	4478	4632	4938	2396	5880	7048	8674	3348
0:32:30	30.0	3425	3352	4088	4034	4437	4636	4981	2420	5937	7065	8644	3359
0:32:35	30.0	3408	3367	4089	4048	4504	4627	4946	2414	6027	7019	8684	3378
0:32:40	30.0	3419	3334	4077	4068	4469	4640	4963	2429	5972	7053	8722	3349
0:32:45	30.0	3395	3356	4071	4036	4487	4653	4992	2412	5970	7050	8689	3388
0:32:50	30.0	3372	3387	4067	4045	4515	4685	4922	2397	6005	7052	8702	3399
0:32:55	30.0	3392	3361	4097	4068	4512	4628	4989	2382	5996	7074	8698	3392
0:33:00	30.0	3391	3352	4124	4057	4489	4675	4974	2403	6029	7144	8673	3348
0:33:05	30.0	3392	3395	4128	4058	4512	4668	4958	2379	6009	7094	8678	3374
0:33:10	30.0	3386	3354	4105	4046	4484	4721	5005	2366	6000	7090	8670	3385
0:33:15	30.0	3411	3360	4076	4080	4522	4673	5017	2388	6014	7079	8626	3347
0:33:20	30.0	3440	3373	4113	4122	4594	4680	4976	2382	6012	7142	8756	3372
0:33:25	30.0	3427	3390	4125	4071	4529	4659	5014	2412	6004	7088	8742	3365
0:33:30	30.0	3392	3402	4117	4091	4498	4679	5020	2425	5981	7144	8785	3347
0:33:35	30.0	3416	3358	4097	4082	4571	4683	5000	2397	6053	7063	8770	3389
0:33:40	30.0	3398	3388	4126	4088	4518	4681	5038	2423	6054	7113	8743	3351
0:33:45	30.0	3414	3383	4122	4089	4543	4674	5011	2412	6044	7092	8664	3357
0:33:50	30.0	3405	3383	4135	4085	4576	4715	5016	2397	5992	7188	8766	3340
0:33:55	30.0	3395	3389	4128	4098	4516	4713	5013	2414	5984	7078	8798	3362
0:34:00	30.0	3365	3411	4108	4108	4556	4688	5023	2400	6042	7121	8805	3338
0:34:05	30.0	3408	3404	4140	4075	4538	4692	5074	2418	6118	7147	8792	3366
0:34:10	30.0	3400	3372	4118	4096	4521	4758	5055	2413	6028	7163	8893	3352
0:34:15	30.0	3431	3371	4142	4127	4529	4719	5003	2421	6081	7175	8804	3378
0:34:20	30.0	3393	3371	4100	4102	4576	4757	5085	2384	6077	7195	8798	3351
0:34:25	30.0	3380	3383	4183	4113	4553	4722	5075	2408	6087	7122	8866	3328
0:34:30	30.0	3398	3348	4177	4116	4601	4756	5021	2383	6075	7121	8784	3362
0:34:35	30.0	3421	3393	4120	4122	4546	4749	5158	2407	6084	7212	8854	3384
0:34:40	30.0	3414	3403	4158	4126	4550	4711	5046	2366	6025	7220	8881	3366
0:34:45	30.1	3377	3398	4136	4118	4611	4756	5080	2420	6079	7245	8876	3358
0:34:50	30.1	3403	3440	4157	4122	4585	4765	5067	2393	6095	7211	8774	3357
0:34:55	30.0	3408	3402	4168	4145	4603	4832	5066	2415	6124	7211	8835	3353
0:35:00	30.0	3416	3420	4158	4126	4641	4790	5074	2416	6056	7257	8832	3359
0:35:05	30.0	3399	3407	4191	4148	4551	4752	5106	2396	6110	7304	8926	3365
0:35:10	30.0	3407	3407	4168	4089	4589	4823	5094	2405	6142	7269	8892	3357
0:35:15	30.0	3414	3418	4151	4143	4649	4781	5097	2390	6088	7149	8943	3337
0:35:20	30.0	3424	3423	4156	4149	4633	4764	5100	2408	6118	7194	8876	3366
0:35:25	30.0	3425	3427	4217	4133	4652	4757	5105	2395	6067	7269	8918	3368
0:35:30	30.0	3381	3396	4204	4173	4665	4751	5165	2398	6140	7278	8982	3358
0:35:35	30.0	3412	3404	4162	4153	4601	4778	5139	2368	6237	7240	8941	3344
0:35:40	30.0	3419	3446	4130	4149	4641	4755	5121	2375	6100	7228	9008	3347
0:35:45	30.0	3405	3453	4189	4095	4639	4789	5159	2400	6158	7316	9006	3348
0:35:50	30.0	3398	3411	4185	4174	4622	4832	5115	2388	6160	7324	8982	3347
0:35:55	30.0	3373	3448	4202	4136	4642	4765	5136	2374	6095	7235	8957	3381
0:36:00	30.0	3401	3432	4205	4176	4643	4863	5218	2423	6192	7354	9072	3349
0:36:05	30.0	3405	3410	4219	4130	4683	4839	5168	2409	6133	7344	9048	3347
0:36:10	30.0	3390	3424	4216	4210	4638	4834	5163	2410	6233	7351	9038	3347
0:36:15	30.0	3409	3442	4228	4138	4701	4862	5224	2404	6254	7351	9131	3394
0:36:20	30.0	3404	3426	4232	4180	4670	4839	5153	2404	6161	7344	9062	3345
0:36:25	30.0	3420	3404	4175	4161	4634	4889	5166	2389	6260	7338	9138	3366
0:36:30	30.0	3418	3405	4224	4226	4659	4818	5187	2376	6214	7367	9089	3333
0:36:35	30.0	3439	3476	4216	4170	4684	4871	5195	2406	6193	7356	9086	3377
0:36:40	30.0	3387	3469	4224	4153	4677	4866	5156	2383	6166	7365	9145	3347
0:36:45	30.0	3396	3442	4216	4186	4685	4815	5162	2378	6239	7371	9112	3356
0:36:50	30.0	3405	3452	4226	4225	4655	4870	5224	2373	6223	7424	9214	3358
0:36:55	30.0	3412	3426	4288	4202	4716	4862	5186	2408	6212	7389	9138	3327
0:37:00	30.0	3432	3459	4192	4202	4663	4841	5181	2426	6219	7410	9106	3343
0:37:05	30.0	3375	3437	4259	4192	4706	4834	5219	2392	6236	7404	9054	3334
0:37:10	30.0	3413	3479	4233	4225	4712	4905	5181	2398	6270	7390	9167	3362
0:37:15	30.0	3397	3415	4239	4226	4709	4936	5260	2396	6277	7372	9151	3363
0:37:20	30.0	3421	3474	4262	4218	4727	4830	5254	2388	6217	7439	9105	3367
0:37:25	30.0	3444	3476	4264	4237	4702	4887	5218	2397	6283	7453	9146	3370
0:37:30	30.0	3400	3476	4215	4254	4742	4877	5279	2408	6268	7415	9165	3351
0:37:35	30.0	3408	3458	4202	4197	4761	4920	5247	2403	6290	7469	9196	3345
0:37:40	30.0	3399	3472	4186	4224	4700	4886	5226	2405	6250	7501	9107	3370
0:37:45	30.0	3409	3457	4252	4194	4727	4954	5259	2401	6262	7485	9123	3352
0:37:50	30.0	3429	3486	4233	4243	4704	4897	5303	2407	6306	7459	9247	3370
0:37:55	30.0	3407	3439	4223	4267	4759	4918	5247	2408	6223	7492	9289	3330
0:38:00	30.0	3402	3479	4264	4256	4755	4918	5277	2411	6252	7504	9187	3360
0:38:05	30.0	3392	3476	4231	4287	4767	4950	5264	2378	6300	7505	9241	3348
0:38:10	30.0	3436	3442	4263	4239	4758	4957	5300	2384	6297	7563	9276	3352
0:38:15	30.0	3417	3482	4225	4249	4741	4945	5289	2394	6333	7479	9230	3356
0:38:20	30.0	3414	3451	4229	4267	4750	4924	5272	2376	6359	7522	9371	3356
0:38:25	30.0	3434	3462	4275	4232	4739	4970	5255	2377	6353	7481	9326	3386
0:38:30	30.0	3419	3510	4290	4270	4718	4991	5312	2388	6339	7563	9297	3308
0:38:35	30.0	3466	3485	4251	4271	4763	4950	5299	2398	6342	7491	9357	3356
0:38:40	30.0	3441	3468	4257	4286	4760	4967	5305	2385	6324	7508	9340	3341
0:38:45	30.0	3440	3480	4277	4296	4747	4985	5271	2394	6358	7573	9267	3361
0:38:50	30.0	3438	3496	4286	4270	4762	4937	5322	2394	6353	7538	9320	3342
0:38:55	30.0	3451	3449	4263	4296	4765	4963	5323	2404	6341	7558	9335	3334
0:39:00	30.0	3412	3483	4248	4271	4815	4996	5266	2399	6353	7588	9367	3346
0:39:05	30.0	3448	3472	4280	4254	4802	4993	5343	2369	6322	7556	9339	3341
0:39:10	30.0	3407	3514	4239	4323	4764	4951	5391	2397	6318	7550	9355	3312
0:39:15	30.0	3420	3493	4289	4266	4817	4976	5342	2390	6341	7571	9382	3328
0:39:20	30.0	3437	3467	4274	4308	4806	4990	5310	2377	6382	7533	9391	3336
0:39:25	30.0	3449	3437	4253	4300	4741	4931	5379	2394	6379	7582	9366	3348
0:39:30	30.0	3430	3501	4280	4303	4822	5029	5371	2369	6422	7599	9393	3342
0:39:35	30.0	3417	3496	4299	4295	4792	4975	5347	2387	6431	7584	9346	3353
0:39:40	30.0	3388	3491	4317	4303	4830	4983	5394	2391	6431	7646	9448	3333
0:39:45	30.0	3457	3550	4302	4290	4850	5022	5349	2372	6305	7659	9400	3329
0:39:50	30.0	3444	3482	4283	4273	4832	5048	5323	2383	6380	7612	9473	3383
0:39:55	30.0	3414	3479	4284	4323	4843	5031	5394	2386	6428	7670	9424	3351
0:40:00	30.0	3455	3497	4287	4314	4874	4993	5388	2380	6434	7675	9460	3384
0:40:05	30.0	3431	3522	4276	4305	4799	5043	5397	2383	6404	7705	9477	3334
0:40:10	30.0	3414	3481	4326	4298	4809	5014	5363	2393	6401	7679	9432	3335
0:40:15	30.0	3420	3491	4337	4318	4851	5046	5380	2417	6421	7666	9490	3360
0:40:20	30.0	3431	3538	4329	4337	4862	5064	5426	2385	6385	7682	9519	3345
0:40:25	30.0	3449	3528	4340	4370	4824	5056	5474	2396	6477	7700	9516	3338
0:40:30	30.0	3432	3512	4327	4354	4866	5038	5353	2382	6430	7649	9457	3323
0:40:35	30.0	3430	3518	4318	4330	4837	5062	5464	2381	6444	7713	9515	3340
0:40:40	30.0	3422	3523	4321	4357	4832	5093	5398	2391	6476	7689	9517	3370
0:40:45	30.0	3396	3511	4287	4316	4848	5062	5416	2392	6508	7695	9431	3363
0:40:50	30.0	3457	3477	4335	4309	4874	5088	5422	2413	6492	7727	9485	3365
0:40:55	30.0	3433	3514	4353	4335	4903	5067	5393	2410	6505	7702	9573	3345
0:41:00	30.0	3432	3496	4360	4356	4859	5086	5465	2372	6452	7746	9520	3352
0:41:05	30.0	3465	3525	4337	4343	4870	5064	5432	2399	6475	7712	9503	3353
0:41:10	30.0	3439	3493	4312	4370	4867	5047	5393	2389	6452	7755	9554	3358
0:41:15	30.0	3429	3509	4326	4385	4899	5083	5436	2380	6503	7761	9470	3343
0:41:20	30.0	3406	3535	4364	4356	4873	5071	5468	2413	6502	7746	9536	3330
0:41:25	30.0	3446	3504	4323	4374	4902	5074	5449	2389	6507	7768	9620	3305
0:41:30	30.0	3451	3558	4373	4413	4941	5090	5489	2389	6454	7634	9619	3373
0:41:35	30.0	3430	3496	4329	4346	4908	5117	5451	2396	6496	7769	9649	3327
0:41:40	30.0	3449	3531	4333	4376	4892	5091	5516	2403	6500	7800	9579	3339
0:41:45	30.0	3429	3522	4367	4329	4898	5108	5423	2386	6506	7728	9541	3310
0:41:50	30.0	3428	3501	4320	4379	4928	5091	5460	2403	6512	7740	9599	3336
0:41:55	30.0	3412	3532	4341	4364	4962	5110	5461	2407	6467	7783	9684	3321
0:42:00	30.0	3403	3525	4321	4363	4873	5121	5487	2397	6513	7854	9660	3321
0:42:05	30.0	3448	3516	4332	4375	4878	5105	5456	2389	6511	7756	9671	3352
0:42:10	30.0	3437	3532	4349	4429	4921	5103	5503	2373	6527	7806	9660	3321
0:42:15	30.0	3418	3534	4388	4397	4888	5116	5501	2381	6537	7835	9656	3338
0:42:20	30.0	3453	3521	4335	4380	4906	5138	5513	2395	6523	7842	9609	3349
0:42:25	30.0	3392	3528	4303	4399	4916	5147	5509	2396	6618	7783	9672	3322
0:42:30	30.0	3450	3519	4377	4402	4927	5142	5505	2387	6590	7847	9719	3333
0:42:35	30.0	3433	3533	4396	4401	4930	5165	5506	2388	6591	7863	9648	3350
0:42:40	30.0	3412	3546	4349	4404	4979	5123	5513	2378	6529	7850	9736	3361
0:42:45	30.0	3433	3553	4346	4420	4945	5201	5512	2384	6559	7843	9695	3337
0:42:50	30.0	3406	3556	4381	4423	4967	5112	5510	2403	6599	7851	9756	3364
0:42:55	30.0	3419	3543	4355	4404	4983	5113	5520	2402	6579	7802	9656	3323
0:43:00	30.0	3408	3595	4380	4387	4978	5157	5582	2378	6577	7862	9793	3335
0:43:05	30.0	3421	3554	4389	4399	4995	5154	5515	2391	6599	7928	9780	3339
0:43:10	30.0	3456	3519	4359	4404	4963	5192	5534	2381	6626	7905	9744	3323
0:43:15	30.0	3409	3507	4409	4428	4981	5193	5563	2407	6648	7957	9815	3344
0:43:20	30.0	3395	3562	4387	4425	4964	5188	5562	2369	6620	7834	9723	3357
0:43:25	30.0	3419	3568	4411	4432	4984	5192	5495	2396	6665	7928	9716	3335
0:43:30	30.0	3438	3580	4387	4455	4979	5128	5616	2376	6646	7878	9835	3325
0:43:35	30.0	3425	3561	4360	4445	4942	5173	5637	2389	6624	7977	9806	3334
0:43:40	30.0	3448	3551	4413	4453	5011	5183	5543	2382	6629	7934	9848	3350
0:43:45	30.0	3455	3530	4397	4448	4973	5192	5532	2391	6662	7955	9800	3315
0:43:50	30.0	3436	3540	4389	4418	4949	5200	5581	2400	6690	7923	9786	3308
0:43:55	30.0	3450	3538	4405	4449	4977	5189	5599	2397	6613	7977	9792	3323
0:44:00	30.0	3421	3564	4390	4465	4972	5178	5583	2374	6607	7963	9897	3334
0:44:05	30.0	3445	3557	4383	4480	5000	5231	5624	2396	6605	7939	9795	3300
0:44:10	30.0	3443	3572	4386	4459	5028	5226	5629	2391	6693	8022	9819	3315
0:44:15	30.0	3446	3577	4408	4469	4993	5248	5592	2381	6682	7956	9908	3347
0:44:20	30.0	3451	3555	4373	4442	5019	5215	5583	2395	6649	7943	9873	3317
0:44:25	30.0	3456	3537	4421	4463	5048	5227	5604	2402	6654	7989	9939	3347
0:44:30	30.0	3451	3559	4425	4468	5043	5262	5610	2394	6749	8008	9907	3344
0:44:35	30.0	3411	3556	4366	4480	5013	5223	5629	2402	6736	8024	9863	3333
0:44:40	30.0	3400	3574	4457	4542	4994	5271	5622	2359	6663	7992	9922	3305
0:44:45	30.0	3456	3580	4441	4480	5024	5255	5637	2377	6748	8029	9939	3357
0:44:50	30.0	3430	3570	4427	4465	5043	5262	5606	2390	6677	7984	10024	3318
0:44:55	30.0	3460	3584	4410	4458	5053	5198	5589	2384	6720	8018	10029	3340
0:45:00	30.0	3406	3560	4373	4523	5023	5264	5622	2371	6653	8064	9947	3351
0:45:05	30.0	3423	3583	4410	4509	5023	5198	5587	2374	6712	8117	9971	3347
0:45:10	30.0	3460	3580	4447	4507	5094	5268	5602	2390	6686	7992	9931	3354
0:45:15	30.0	3421	3596	4431	4504	5033	5288	5655	2367	6707	8111	9994	3328
0:45:20	30.0	3443	3557	4443	4502	5059	5274	5698	2377	6732	8078	9956	3310
0:45:25	30.0	3451	3567	4405	4508	5068	5282	5680	2377	6759	8077	10029	3348
0:45:30	30.0	3456	3575	4412	4506	5031	5238	5684	2365	6787	8098	9948	3307
0:45:35	30.0	3428	3595	4410	4536	5091	5305	5649	2360	6801	8138	10055	3328
0:45:40	30.0	3433	3566	4452	4512	5064	5280	5642	2368	6802	8084	10032	3356
0:45:45	30.0	3432	3601	4439	4545	5056	5269	5662	2366	6756	8169	10089	3335
0:45:50	30.0	3451	3611	4473	4531	5090	5279	5721	2390	6759	8073	10048	3306
0:45:55	30.0	3446	3618	4420	4535	5086	5270	5692	2365	6767	8138	10084	3341
0:46:00	30.0	3424	3616	4414	4511	5072	5350	5719	2378	6747	8056	10057	3357
0:46:05	30.0	3448	3582	4466	4532	5091	5309	5678	2386	6775	8119	10081	3351
0:46:10	30.0	3428	3587	4449	4493	5075	5317	5710	2401	6732	8165	10058	3324
0:46:15	30.0	3461	3573	4424	4560	5098	5341	5701	2387	6749	8086	10113	3323
0:46:20	30.0	3455	3586	4450	4539	5067	5379	5701	2378	6830	8162	10104	3337
0:46:25	30.0	3456	3630	4438	4508	5116	5351	5736	2380	6816	8181	10172	3336
0:46:30	30.0	3478	3604	4445	4511	5128	5366	5742	2394	6807	8167	10069	3315
0:46:35	30.0	3451	3621	4437	4545	5070	5313	5737	2347	6861	8112	10133	3320
0:46:40	30.0	3428	3610	4473	4534	5100	5320	5775	2400	6812	8210	10206	3338
0:46:45	30.0	3445	3589	4456	4534	5101	5339	5744	2407	6855	8193	10121	3359
0:46:50	30.0	3468	3601	4437	4522	5138	5339	5804	2379	6866	8160	10203	3348
0:46:55	30.0	3456	3577	4469	4545	5162	5382	5759	2398	6878	8246	10146	3315
0:47:00	30.0	3422	3599	4456	4527	5129	5377	5839	2374	6842	8129	10276	3341
0:47:05	30.0	3453	3581	4460	4578	5140	5369	5797	2391	6856	8268	10136	3341
0:47:10	30.0	3446	3612	4473	4553	5101	5322	5735	2367	6832	8111	10211	3348
0:47:15	30.0	3432	3624	4484	4584	5118	5395	5784	2364	6835	8217	10153	3355
0:47:20	30.0	3416	3613	4481	4563	5154	5348	5772	2365	6766	8283	10227	3340
0:47:25	30.0	3424	3598	4453	4525	5136	5382	5736	2394	6799	8184	10230	3329
0:47:30	30.0	3417	3612	4452	4529	5120	5378	5774	2361	6845	8266	10181	3357
0:47:35	30.0	3433	3621	4450	4546	5115	5386	5824	2385	6880	8269	10306	3326
0:47:40	30.0	3453	3632	4471	4537	5118	5425	5841	2403	6863	8238	10242	3324
0:47:45	30.0	3428	3615	4463	4532	5114	5366	5783	2388	6906	8284	10274	3336
0:47:50	30.0	3448	3626	4458	4576	5153	5409	5783	2385	6941	8251	10249	3321
0:47:55	30.0	3460	3631	4505	4538	5143	5342	5828	2369	6911	8259	10338	3365
0:48:00	30.0	3442	3616	4483	4558	5144	5370	5823	2355	6912	8332	10276	3350
0:48:05	30.0	3445	3642	4492	4561	5169	5398	5831	2372	6896	8276	10350	3365
0:48:10	30.0	3440	3625	4482	4582	5172	5407	5832	2382	6832	8321	10390	3325
0:48:15	30.0	3447	3613	4487	4541	5133	5362	5799	2369	6883	8345	10337	3312
0:48:20	30.0	3471	3594	4520	4600	5218	5377	5855	2385	6911	8364	10264	3314
0:48:25	30.0	3446	3632	4492	4533	5215	5408	5839	2374	6895	8313	10326	3362
0:48:30	30.0	3459	3634	4522	4584	5169	5372	5809	2398	6927	8311	10294	3319
0:48:35	30.0	3410	3621	4473	4600	5219	5432	5859	2388	6891	8344	10391	3316
0:48:40	30.0	3448	3625	4508	4580	5218	5388	5871	2356	6963	8369	10400	3318
0:48:45	30.0	3447	3613	4505	4579	5170	5388	5790	2399	6910	8344	10308	3299
0:48:50	30.0	3464	3613	4519	4576	5174	5436	5854	2378	6944	8287	10375	3333
0:48:55	30.0	3432	3641	4507	4587	5144	5420	5867	2357	6954	8354	10404	3300
0:49:00	30.0	3454	3643	4499	4611	5206	5434	5849	2382	6924	8292	10359	3356
0:49:05	30.0	3472	3653	4503	4699	5231	5442	5841	2377	6997	8362	10386	3349
0:49:10	30.0	3441	3635	4492	4637	5169	5435	5878	2333	6958	8400	10335	3304
0:49:15	30.0	3413	3660	4476	4628	5218	5451	5904	2402	7025	8364	10463	3315
0:49:20	30.0	3446	3634	4534	4559	5220	5469	5888	2394	6945	8379	10405	3337
0:49:25	30.0	3407	3615	4498	4575	5246	5425	5829	2366	7020	8419	10374	3319
0:49:30	30.0	3447	3616	4463	4668	5212	5458	5845	2357	6994	8418	10431	3352
0:49:35	30.0	3426	3651	4463	4621	5214	5463	5920	2386	6997	8413	10405	3337
0:49:40	30.0	3432	3656	4495	4598	5190	5452	5874	2368	7056	8410	10442	3334
0:49:45	30.0	3460	3642	4518	4632	5243	5451	5891	2372	6972	8453	10486	3339
0:49:50	30.0	3444	3637	4540	4608	5167	5506	5897	2371	7001	8415	10521	3321
0:49:55	30.0	3417	3639	4546	4589	5231	5495	5976	2372	6984	8449	10368	3352
0:50:00	30.0	3470	3638	4524	4635	5242	5479	5837	2390	7036	8425	10521	3335
0:50:05	30.0	3469	3646	4517	4677	5232	5466	5919	2402	7043	8510	10562	3354
0:50:10	30.0	3418	3653	4517	4604	5224	5491	5918	2385	7017	8506	10458	3336
0:50:15	30.0	3460	3665	4539	4620	5261	5472	5903	2366	7041	8509	10546	3326
0:50:20	30.0	3466	3652	4526	4631	5234	5456	5937	2388	7072	8498	10519	3349
0:50:25	30.0	3453	3671	4558	4645	5218	5516	5942	2368	7100	8441	10555	3314
0:50:30	30.0	3451	3672	4494	4669	5240	5502	5916	2395	7028	8515	10543	3320
0:50:35	30.0	3472	3602	4564	4673	5289	5501	5947	2383	7054	8495	10556	3370
0:50:40	30.0	3458	3641	4552	4635	5259	5486	5903	2385	7008	8481	10594	3331
0:50:45	30.0	3437	3639	4561	4661	5225	5519	5936	2344	7070	8414	10612	3315
0:50:50	30.0	3447	3665	4548	4661	5262	5490	5981	2355	7046	8507	10638	3330
0:50:55	30.0	3447	3685	4506	4652	5321	5522	5919	2378	7086	8532	10524	3336
0:51:00	30.0	3480	3665	4538	4703	5302	5558	5897	2380	7095	8444	10600	3314
0:51:05	30.0	3427	3651	4544	4608	5280	5502	5969	2381	7052	8545	10634	3331
0:51:10	30.0	3442	3635	4539	4652	5269	5548	5949	2359	7114	8603	10659	3345
0:51:15	30.0	3436	3659	4546	4650	5311	5579	5948	2380	7104	8502	10578	3347
0:51:20	30.0	3446	3679	4530	4664	5224	5522	5971	2392	7064	8573	10592	3299
0:51:25	30.0	3464	3647	4553	4626	5312	5502	5987	2367	7090	8479	10678	3307
0:51:30	30.0	3461	3663	4552	4684	5262	5497	5975	2375	7112	8585	10639	3348
0:51:35	30.0	3396	3661	4542	4675	5300	5536	6008	2360	7133	8599	10612	3317
0:51:40	30.0	3458	3656	4519	4651	5317	5561	5974	2350	7128	8558	10629	3346
0:51:45	30.0	3465	3655	4527	4712	5296	5539	6016	2369	7139	8580	10613	3305
0:51:50	30.0	3450	3673	4510	4639	5269	5560	6038	2369	7101	8707	10689	3284
0:51:55	30.0	3463	3669	4550	4683	5277	5576	5985	2381	7143	8574	10654	3336
0:52:00	30.0	3426	3659	4566	4661	5325	5597	5985	2386	7165	8585	10696	3279
0:52:05	30.0	3447	3659	4575	4692	5289	5547	5989	2400	7170	8632	10733	3360
0:52:10	30.0	3460	3625	4558	4705	5326	5562	5996	2377	7147	8604	10790	3306
0:52:15	30.0	3421	3705	4549	4701	5319	5589	6005	2363	7172	8642	10654	3305
0:52:20	30.0	3458	3671	4508	4699	5346	5522	6042	2347	7135	8689	10567	3324
0:52:25	30.0	3472	3661	4561	4718	5316	5597	6048	2352	7161	8533	10744	3315
0:52:30	30.0	3432	3700	4603	4744	5350	5562	6013	2397	7183	8632	10804	3313
0:52:35	30.0	3400	3662	4604	4712	5316	5615	6063	2395	7112	8630	10719	3325
0:52:40	30.0	3413	3682	4580	4682	5323	5619	6036	2363	7145	8684	10786	3327
0:52:45	30.0	3438	3681	4506	4728	5303	5586	5983	2373	7138	8680	10786	3333
0:52:50	30.0	3437	3683	4584	4728	5322	5564	6034	2374	7178	8682	10767	3308
0:52:55	30.0	3428	3638	4565	4721	5284	5568	6047	2363	7173	8691	10810	3293
0:53:00	30.0	3438	3698	4605	4711	5339	5609	6095	2373	7231	8598	10727	3328
0:53:05	30.0	3448	3672	4547	4689	5383	5637	6072	2384	7213	8671	10804	3310
0:53:10	30.0	3434	3705	4546	4661	5354	5628	6048	2399	7202	8649	10820	3309
0:53:15	30.0	3459	3695	4561	4723	5355	5662	6089	2390	7158	8691	10821	3346
0:53:20	30.0	3454	3679	4610	4723	5331	5605	6043	2366	7232	8651	10823	3326
0:53:25	30.0	3470	3657	4589	4707	5348	5649	6033	2365	7278	8762	10829	3304
0:53:30	30.0	3452	3680	4571	4716	5385	5582	6061	2385	7252	8710	10811	3316
0:53:35	30.0	3452	3677	4568	4734	5403	5641	6130	2384	7211	8716	10853	3331
0:53:40	30.0	3424	3704	4576	4714	5307	5647	6061	2354	7201	8749	10926	3280
0:53:45	30.0	3452	3680	4596	4755	5360	5657	6098	2379	7252	8738	10907	3310
0:53:50	30.0	3441	3712	4572	4755	5366	5609	6120	2372	7319	8804	10854	3325
0:53:55	30.0	3401	3717	4555	4743	5367	5660	6083	2383	7208	8784	10880	3323
0:54:00	30.0	3408	3687	4576	4754	5371	5663	6109	2361	7217	8820	10812	3332
0:54:05	30.0	3477	3720	4558	4721	5425	5695	6111	2380	7256	8712	10934	3345
0:54:10	30.0	3461	3654	4594	4736	5381	5642	6099	2351	7275	8816	10839	3317
0:54:15	30.0	3429	3704	4550	4786	5407	5626	6116	2369	7301	8776	10971	3325
0:54:20	30.0	3468	3703	4598	4750	5385	5668	6120	2375	7273	8820	11009	3328
0:54:25	30.0	3450	3729	4602	4758	5412	5669	6107	2406	7318	8835	10957	3334
0:54:30	30.0	3447	3702	4595	4753	5369	5642	6107	2381	7288	8830	10941	3332
0:54:35	30.0	3432	3707	4576	4751	5403	5642	6121	2361	7349	8862	10874	3348
0:54:40	30.0	3447	3722	4582	4725	5367	5661	6116	2380	7300	8811	10925	3313
0:54:45	30.0	3464	3727	4558	4767	5423	5678	6137	2386	7258	8827	10978	3326
0:54:50	30.0	3449	3728	4597	4751	5397	5706	6170	2355	7261	8850	10987	3313
0:54:55	30.0	3431	3707	4560	4767	5413	5665	6150	2374	7309	8855	10965	3305
0:55:00	30.0	3454	3695	4597	4755	5404	5699	6189	2375	7283	8837	11061	3305
0:55:05	30.0	3443	3702	4598	4784	5415	5657	6156	2364	7327	8850	11044	3341
0:55:10	30.0	3430	3713	4563	4803	5395	5661	6119	2356	7294	8811	10997	3340
0:55:15	30.0	3446	3670	4584	4797	5363	5682	6174	2364	7317	8907	11005	3331
0:55:20	30.0	3434	3729	4616	4775	5436	5728	6162	2349	7284	8894	10986	3335
0:55:25	30.0	3425	3708	4600	4787	5416	5713	6202	2361	7344	8870	11043	3305
0:55:30	30.0	3446	3713	4596	4756	5450	5675	6198	2383	7316	8857	10975	3309
0:55:35	30.0	3436	3697	4663	4784	5412	5724	6161	2345	7348	8892	11042	3322
0:55:40	30.0	3446	3691	4595	4780	5461	5721	6217	2376	7319	8888	11055	3324
0:55:45	30.0	3430	3716	4590	4806	5416	5709	6164	2362	7339	8898	11018	3330
0:55:50	30.0	3466	3736	4592	4746	5467	5729	6218	2381	7356	8929	11025	3354
0:55:55	30.0	3428	3697	4591	4785	5423	5771	6179	2350	7371	8852	10983	3299
0:56:00	30.0	3425	3738	4604	4811	5388	5766	6245	2374	7369	8935	11118	3313
0:56:05	30.0	3438	3729	4551	4791	5462	5695	6173	2387	7440	8872	11149	3276
0:56:10	30.0	3468	3718	4621	4765	5452	5711	6207	2354	7384	8924	11111	3297
0:56:15	30.0	3417	3731	4602	4790	5458	5714	6208	2359	7362	9023	11081	3297
0:56:20	30.0	3429	3711	4646	4772	5451	5738	6193	2367	7413	8891	11062	3338
0:56:25	30.0	3451	3706	4608	4800	5448	5728	6238	2364	7362	8971	11036	3353
0:56:30	30.0	3432	3741	4601	4748	5476	5774	6283	2368	7316	8955	11134	3296
0:56:35	30.0	3444	3730	4594	4782	5465	5724	6235	2373	7385	8898	11084	3302
0:56:40	30.0	3462	3741	4572	4826	5422	5778	6200	2384	7416	8970	11141	3346
0:56:45	30.0	3470	3742	4590	4817	5468	5753	6251	2356	7366	8963	11216	3291
0:56:50	30.0	3439	3727	4613	4820	5459	5748	6238	2349	7369	8943	11169	3298
0:56:55	30.0	3404	3735	4589	4848	5508	5801	6253	2366	7405	9002	11227	3302
0:57:00	30.0	3400	3717	4612	4848	5475	5784	6279	2370	7398	9042	11189	3313
0:57:05	30.0	3467	3711	4611	4811	5431	5797	6295	2362	7407	8987	11100	3327
0:57:10	30.0	3464	3741	4633	4815	5468	5738	6181	2379	7353	9044	11122	3322
0:57:15	30.0	3443	3697	4612	4813	5471	5725	6242	2376	7487	8971	11182	3315
0:57:20	30.0	3437	3718	4618	4818	5525	5787	6222	2370	7405	9023	11163	3298
0:57:25	30.0	3436	3724	4595	4847	5495	5792	6251	2379	7467	9030	11233	3332
0:57:30	30.0	3467	3724	4631	4788	5497	5819	6284	2362	7439	8930	11308	3318
0:57:35	30.0	3453	3736	4672	4825	5509	5840	6268	2379	7444	9016	11209	3339
0:57:40	30.0	3445	3730	4618	4825	5441	5788	6273	2371	7458	9141	11302	3333
0:57:45	30.0	3410	3761	4614	4845	5479	5824	6314	2368	7436	9049	11185	3294
0:57:50	30.0	3423	3753	4601	4832	5485	5762	6307	2361	7504	9072	11359	3289
0:57:55	30.0	3440	3704	4590	4851	5506	5813	6281	2370	7491	9144	11243	3349
0:58:00	30.0	3452	3719	4634	4789	5501	5814	6264	2363	7459	9098	11235	3314
0:58:05	30.0	3456	3731	4600	4853	5470	5790	6307	2394	7510	9053	11333	3285
0:58:10	30.0	3411	3730	4612	4838	5467	5762	6289	2370	7506	8990	11235	3317
0:58:15	30.0	3444	3746	4609	4847	5468	5820	6302	2371	7468	9124	11201	3318
0:58:20	30.0	3456	3700	4622	4827	5499	5826	6292	2368	7502	9030	11250	3298
0:58:25	30.0	3440	3760	4628	4812	5492	5791	6334	2364	7504	9113	11282	3286
0:58:30	30.0	3442	3738	4638	4894	5536	5776	6306	2346	7525	9130	11428	3297
0:58:35	30.0	3436	3765	4643	4839	5511	5800	6335	2371	7483	9165	11406	3300
0:58:40	30.0	3480	3728	4635	4837	5507	5875	6316	2344	7561	9121	11359	3341
0:58:45	30.0	3483	3765	4628	4864	5473	5825	6278	2364	7447	9152	11296	3290
0:58:50	30.0	3457	3705	4624	4903	5542	5868	6292	2370	7552	9120	11302	3329
0:58:55	30.0	3425	3748	4632	4863	5511	5848	6346	2361	7478	9236	11362	3321
0:59:00	30.0	3473	3752	4619	4868	5552	5868	6365	2365	7621	9202	11394	3324
0:59:05	30.0	3412	3755	4603	4858	5517	5849	6356	2381	7502	9135	11330	3303
0:59:10	30.0	3453	3760	4596	4842	5516	5805	6329	2390	7561	9108	11405	3315
0:59:15	30.0	3432	3740	4624	4869	5550	5865	6358	2347	7555	9225	11322	3314
0:59:20	30.0	3444	3751	4652	4876	5475	5828	6320	2354	7528	9067	11473	3325
0:59:25	30.0	3458	3742	4601	4855	5510	5860	6408	2388	7575	9165	11382	3311
0:59:30	30.0	3432	3788	4644	4853	5551	5823	6341	2356	7552	9197	11431	3296
0:59:35	30.0	3455	3750	4648	4873	5536	5850	6372	2362	7586	9217	11448	3313
0:59:40	30.0	3442	3720	4639	4905	5526	5890	6332	2379	7544	9109	11478	3304
0:59:45	30.0	3450	3762	4670	4836	5526	5882	6403	2371	7606	9221	11444	3312
0:59:50	30.0	3429	3763	4641	4879	5541	5863	6371	2363	7597	9216	11385	3325
0:59:55	30.0	3457	3742	4627	4927	5512	5923	6340	2357	7587	9246	11552	3338
1:00:00	30.0	3437	3769	4656	4939	5540	5871	6343	2365	7573	9251	11409	3287
1:00:05	30.0	3429	3749	4621	4903	5571	5869	6395	2371	7579	9179	11374	3319
1:00:10	30.0	3413	3757	4635	4919	5524	5854	6370	2383	7596	9206	11531	3304
1:00:15	30.0	3451	3800	4654	4878	5531	5900	6417	2372	7670	9190	11489	3319
1:00:20	30.0	3461	3769	4650	4890	5515	5895	6337	2378	7556	9266	11457	3302
1:00:25	30.0	3444	3752	4620	4906	5559	5903	6393	2387	7624	9339	11533	3313
1:00:30	30.0	3432	3762	4636	4837	5593	5882	6373	2368	7642	9258	11436	3298
1:00:35	30.0	3446	3759	4668	4864	5602	5898	6396	2337	7614	9292	11485	3333
1:00:40	30.0	3458	3755	4637	4904	5604	5919	6464	2360	7698	9298	11427	3324
1:00:45	30.0	3462	3763	4649	4919	5636	5875	6322	2349	7662	9267	11561	3325
1:00:50	30.0	3489	3758	4662	4906	5587	5879	6425	2353	7705	9245	11467	3334
1:00:55	30.0	3449	3760	4666	4882	5568	5909	6454	2373	7662	9269	11517	3309
1:01:00	30.0	3451	3785	4682	4899	5572	5957	6453	2350	7682	9259	11636	3330
1:01:05	30.0	3449	3770	4688	4914	5638	5931	6460	2359	7649	9337	11549	3329
1:01:10	30.0	3443	3755	4670	4884	5617	5887	6434	2365	7603	9258	11598	3307
1:01:15	30.0	3418	3774	4663	4902	5580	5915	6458	2362	7626	9287	11599	3310
1:01:20	30.0	3418	3742	4662	4904	5600	5913	6409	2354	7705	9390	11516	3333
1:01:25	30.0	3430	3766	4654	4914	5628	5917	6441	2365	7678	9265	11584	3288
1:01:30	30.0	3451	3770	4630	4929	5570	5862	6487	2348	7710	9369	11554	3314
1:01:35	30.0	3438	3758	4647	4930	5581	5931	6487	2354	7697	9334	11672	3316
1:01:40	30.0	3445	3787	4669	4919	5568	5948	6451	2356	7721	9414	11616	3313
1:01:45	30.0	3462	3796	4634	4913	5578	5956	6461	2343	7720	9376	11582	3290
1:01:50	30.0	3459	3751	4665	4927	5612	5951	6506	2372	7723	9370	11595	3284
1:01:55	30.0	3450	3788	4646	4919	5613	5944	6496	2366	7688	9379	11597	3291
1:02:00	30.0	3445	3773	4667	4922	5611	5945	6476	2367	7662	9438	11628	3290
1:02:05	30.0	3434	3742	4638	4921	5552	5925	6460	2366	7718	9371	11667	3306
1:02:10	30.0	3420	3769	4671	4896	5591	5950	6468	2372	7721	9426	11643	3279
1:02:15	30.0	3418	3762	4684	4931	5641	5926	6495	2351	7679	9376	11695	3306
1:02:20	30.0	3408	3771	4616	4936	5585	5879	6498	2348	7780	9405	11745	3349
1:02:25	30.0	3399	3762	4629	4922	5569	5942	6482	2348	7670	9376	11731	3322
1:02:30	30.0	3423	3779	4683	4981	5601	5943	6463	2340	7802	9370	11701	3314
1:02:35	30.0	3443	3777	4628	4980	5611	5919	6501	2339	7710	9441	11659	3307
1:02:40	30.0	3411	3756	4661	4886	5640	5944	6450	2374	7721	9435	11659	3310
1:02:45	30.0	3431	3753	4688	4968	5626	5988	6511	2326	7801	9441	11718	3302
1:02:50	30.0	3433	3796	4682	4942	5605	5971	6467	2359	7778	9432	11760	3330
1:02:55	30.0	3441	3754	4683	4915	5620	5984	6528	2368	7717	9413	11688	3286
1:03:00	30.0	3436	3763	4679	4938	5592	5957	6482	2354	7820	9419	11740	3295
1:03:05	30.0	3454	3800	4664	4909	5598	5988	6543	2343	7833	9377	11749	3331
1:03:10	30.0	3417	3811	4657	4933	5620	5911	6466	2363	7852	9440	11867	3308
1:03:15	30.0	3445	3798	4622	4951	5662	5989	6496	2359	7804	9567	11854	3314
1:03:20	30.0	3427	3756	4695	4922	5597	5955	6534	2349	7729	9441	11790	3321
1:03:25	30.0	3393	3769	4652	4923	5615	6012	6492	2378	7816	9518	11739	3292
1:03:30	30.0	3420	3781	4654	4921	5625	5995	6521	2351	7792	9464	11829	3309
1:03:35	30.0	3446	3794	4642	4970	5636	5997	6513	2329	7805	9475	11885	3323
1:03:40	30.0	3494	3764	4689	4957	5683	6021	6575	2372	7804	9515	11915	3285
1:03:45	30.0	3430	3783	4648	4956	5607	6020	6597	2365	7831	9490	11755	3307
1:03:50	30.0	3434	3784	4704	4970	5639	6019	6563	2364	7856	9469	11771	3292
1:03:55	30.0	3438	3796	4648	4931	5650	6026	6527	2352	7900	9464	11758	3318
1:04:00	30.0	3475	3826	4664	4963	5635	5980	6546	2354	7840	9516	11826	3282
1:04:05	30.0	3447	3816	4670	4944	5635	5991	6532	2350	7828	9524	11864	3297
1:04:10	30.0	3431	3800	4680	4962	5714	5998	6594	2349	7821	9623	11884	3295
1:04:15	30.0	3462	3771	4699	4905	5602	6009	6573	2359	7816	9556	11887	3295
1:04:20	30.0	3447	3772	4656	4950	5649	6033	6555	2383	7857	9589	11857	3296
1:04:25	30.0	3418	3815	4673	4937	5663	5995	6550	2357	7842	9573	11778	3285
1:04:30	30.0	3438	3788	4660	4932	5627	6041	6531	2356	7840	9535	11891	3293
1:04:35	30.0	3430	3774	4681	4987	5610	6040	6566	2357	7866	9451	11906	3293
1:04:40	30.0	3399	3816	4682	4987	5671	6002	6615	2368	7880	9585	11937	3312
1:04:45	30.0	3443	3795	4692	4956	5648	6003	6610	2365	7830	9561	11826	3293
1:04:50	30.0	3429	3769	4676	4993	5672	6013	6564	2360	7905	9617	11907	3274
1:04:55	30.0	3424	3788	4691	4961	5601	6017	6628	2348	7886	9577	11956	3311
1:05:00	30.0	3443	3801	4659	4996	5672	6041	6567	2354	7848	9603	11931	3343
1:05:05	30.0	3445	3786	4670	5004	5656	6010	6593	2364	7898	9569	11907	3291
1:05:10	30.0	3443	3817	4701	4957	5723	6008	6622	2383	7866	9608	11915	3311
1:05:15	30.0	3445	3795	4677	4978	5697	6059	6579	2339	7889	9560	12050	3275
1:05:20	30.0	3440	3776	4699	4981	5688	6002	6528	2347	7879	9636	11930	3293
1:05:25	30.0	3447	3753	4684	4971	5714	6066	6582	2356	7918	9689	11930	3323
1:05:30	30.0	3442	3782	4678	4994	5699	6035	6566	2347	7939	9618	11940	3306
1:05:35	30.0	3425	3775	4651	5014	5734	6016	6573	2354	7915	9624	11943	3300
1:05:40	30.0	3419	3801	4653	4946	5676	6058	6620	2363	7936	9668	12025	3309
1:05:45	30.0	3421	3815	4657	5004	5687	6032	6601	2353	7957	9641	12058	3292
1:05:50	30.0	3427	3794	4692	4994	5709	6035	6579	2345	7938	9675	11879	3297
1:05:55	30.0	3417	3786	4664	4984	5706	6105	6663	2340	7942	9583	12000	3302
1:06:00	30.0	3417	3809	4656	5018	5648	6007	6637	2354	7899	9694	11999	3293
1:06:05	30.0	3455	3797	4664	4977	5687	6078	6664	2359	7932	9675	12080	3326
1:06:10	30.0	3445	3771	4649	4979	5691	6057	6641	2371	7997	9673	12031	3296
1:06:15	30.0	3441	3790	4660	5004	5742	6103	6600	2355	7954	9757	11981	3276
1:06:20	30.0	3446	3823	4711	4994	5669	6055	6568	2355	7950	9744	12028	3338
1:06:25	30.0	3465	3830	4657	4998	5712	6042	6699	2363	8022	9724	12079	3309
1:06:30	30.0	3438	3793	4693	4974	5675	6095	6676	2349	7893	9703	12170	3294
1:06:35	30.0	3441	3809	4703	4964	5690	6103	6673	2355	7934	9707	12075	3344
1:06:40	30.0	3439	3805	4730	5005	5672	6080	6710	2347	8009	9735	12100	3298
1:06:45	30.0	3431	3813	4698	5028	5678	6051	6681	2358	8013	9851	12030	3310
1:06:50	30.0	3424	3802	4667	5003	5666	6085	6664	2358	7953	9707	12012	3323
1:06:55	30.0	3462	3766	4656	5017	5657	6130	6673	2367	7972	9778	12158	3312
1:07:00	30.0	3439	3817	4686	5010	5738	6055	6610	2371	8019	9760	12071	3305
1:07:05	30.0	3450	3783	4694	5025	5716	6071	6721	2351	7944	9743	12092	3306
1:07:10	30.0	3445	3815	4679	5011	5725	6093	6693	2366	8045	9715	12142	3300
1:07:15	30.0	3434	3751	4676	5011	5705	6116	6738	2363	7923	9814	12063	3300
1:07:20	30.0	3434	3786	4679	5015	5694	6080	6709	2348	8078	9737	12098	3291
1:07:25	30.0	3406	3814	4671	5009	5704	6137	6704	2371	7995	9814	12130	3283
1:07:30	30.0	3424	3824	4702	5031	5739	6113	6733	2374	8085	9842	12134	3282
1:07:35	30.0	3425	3816	4670	5056	5737	6143	6660	2338	8028	9757	12189	3303
1:07:40	30.0	3417	3784	4663	5029	5732	6060	6713	2355	7998	9735	12159	3288
1:07:45	30.0	3469	3834	4720	5029	5721	6137	6671	2334	8008	9851	12135	3307
1:07:50	30.0	3432	3809	4731	5016	5766	6138	6745	2363	8028	9780	12146	3302
1:07:55	30.0	3443	3823	4690	5002	5733	6107	6735	2357	8126	9728	12163	3303
1:08:00	30.0	3416	3788	4680	5016	5714	6145	6720	2341	7990	9830	12199	3265
1:08:05	30.0	3442	3820	4692	4998	5795	6134	6686	2366	8085	9832	12213	3304
1:08:10	30.0	3442	3810	4668	5005	5776	6153	6772	2313	7998	9811	12188	3281
1:08:15	30.0	3403	3800	4670	5004	5719	6137	6707	2345	8080	9815	12225	3298
1:08:20	30.0	3435	3830	4681	5021	5775	6118	6771	2348	8046	9792	12246	3296
1:08:25	30.0	3451	3825	4658	5018	5716	6102	6699	2358	8046	9791	12285	3272
1:08:30	30.0	3456	3827	4710	5018	5710	6132	6735	2367	8074	9881	12168	3304
1:08:35	30.0	3429	3835	4675	5012	5722	6115	6796	2350	8034	9864	12364	3299
1:08:40	30.0	3430	3804	4698	5035	5729	6162	6770	2368	8098	9934	12315	3300
1:08:45	30.0	3449	3839	4721	5051	5687	6186	6771	2345	8039	9845	12226	3326
1:08:50	30.0	3435	3828	4692	5033	5726	6149	6804	2351	8067	9871	12348	3271
1:08:55	30.0	3422	3814	4672	5046	5761	6152	6748	2375	8095	9872	12268	3316
1:09:00	30.0	3466	3843	4701	5059	5777	6137	6778	2335	8121	9856	12229	3291
1:09:05	30.0	3412	3803	4682	5052	5753	6180	6772	2346	8140	9950	12318	3302
1:09:10	30.0	3436	3781	4701	5000	5779	6135	6757	2355	8119	9912	12294	3287
1:09:15	30.0	3483	3795	4714	5036	5790	6191	6762	2375	8114	9961	12322	3324
1:09:20	30.0	3434	3821	4709	5060	5766	6188	6704	2357	8165	9882	12291	3303
1:09:25	30.0	3466	3826	4654	5053	5699	6228	6800	2362	8171	9893	12399	3321
1:09:30	30.0	3422	3807	4676	5056	5746	6186	6731	2347	8125	9962	12387	3310
1:09:35	30.0	3430	3822	4683	5051	5776	6167	6809	2353	8139	9902	12380	3330
1:09:40	30.0	3403	3818	4695	5002	5786	6203	6776	2338	8135	9955	12338	3300
1:09:45	30.0	3417	3819	4665	5051	5716	6186	6810	2389	8134	9959	12416	3268
1:09:50	30.0	3421	3828	4698	5010	5781	6160	6765	2348	8221	9890	12372	3277
1:09:55	30.0	3446	3808	4702	5088	5784	6161	6762	2353	8193	9910	12381	3322
1:10:00	30.0	3432	3819	4713	5045	5778	6188	6757	2346	8120	10015	12459	3274
1:10:05	30.0	3402	3798	4693	5077	5766	6199	6799	2340	8169	10027	12369	3290
1:10:10	30.0	3439	3840	4670	5058	5785	6208	6804	2345	8181	9956	12365	3290
1:10:15	30.0	3445	3837	4692	5051	5739	6174	6817	2363	8202	9949	12301	3299
1:10:20	30.0	3430	3798	4688	5055	5786	6243	6890	2359	8200	9956	12417	3268
1:10:25	30.0	3451	3802	4737	5036	5744	6202	6841	2351	8192	10004	12389	3287
1:10:30	30.0	3445	3836	4673	5009	5816	6200	6769	2351	8166	9984	12419	3283
1:10:35	30.0	3418	3813	4748	5055	5788	6150	6780	2370	8218	10032	12434	3317
1:10:40	30.0	3396	3838	4688	5031	5774	6230	6856	2343	8237	10064	12517	3291
1:10:45	30.0	3436	3830	4703	5074	5818	6217	6836	2349	8183	9944	12476	3290
1:10:50	30.0	3415	3817	4700	5042	5779	6235	6803	2348	8189	10024	12424	3317
1:10:55	30.0	3427	3820	4690	5056	5804	6191	6808	2367	8205	9977	12464	3279
1:11:00	30.0	3436	3795	4700	5079	5748	6243	6829	2339	8272	10018	12562	3318
1:11:05	30.0	3410	3832	4726	5020	5779	6226	6826	2360	8144	10086	12536	3304
1:11:10	30.0	3433	3822	4726	5041	5759	6208	6879	2335	8235	9995	12451	3294
1:11:15	30.0	3440	3814	4663	5092	5799	6264	6885	2329	8249	10074	12578	3298
1:11:20	30.0	3431	3814	4678	5056	5767	6223	6835	2354	8231	10053	12564	3315
1:11:25	30.0	3425	3844	4702	5033	5797	6212	6835	2368	8224	10058	12491	3320
1:11:30	30.0	3465	3834	4685	5055	5761	6211	6814	2341	8286	10093	12544	3262
1:11:35	30.0	3450	3834	4691	5073	5738	6229	6848	2368	8231	10109	12486	3297
1:11:40	30.0	3409	3841	4702	5096	5800	6210	6796	2371	8292	10011	12583	3308
1:11:45	30.0	3418	3856	4700	5039	5802	6234	6820	2332	8268	10100	12537	3296
1:11:50	30.0	3439	3798	4708	5082	5781	6157	6817	2335	8288	10119	12431	3267
1:11:55	30.0	3456	3851	4692	5071	5804	6229	6844	2350	8284	10104	12503	3269
1:12:00	30.0	3432	3849	4733	5060	5820	6278	6813	2366	8261	10069	12534	3282
1:12:05	30.0	3416	3866	4708	5079	5773	6199	6807	2312	8286	10201	12664	3295
1:12:10	30.0	3419	3786	4684	5101	5799	6264	6852	2349	8240	10053	12529	3294
1:12:15	30.0	3451	3828	4705	5061	5775	6257	6844	2349	8239	10076	12550	3287
1:12:20	30.0	3422	3784	4718	5082	5829	6258	6827	2348	8259	10141	12608	3315
1:12:25	30.0	3443	3812	4739	5107	5832	6248	6888	2362	8305	10148	12573	3300
1:12:30	30.0	3438	3834	4702	5092	5866	6244	6902	2331	8235	10152	12617	3295
1:12:35	30.0	3415	3811	4705	5076	5761	6255	6889	2331	8298	10147	12557	3289
1:12:40	30.0	3448	3833	4752	5075	5768	6237	6852	2346	8272	10181	12630	3279
1:12:45	30.0	3430	3842	4695	5084	5816	6278	6865	2350	8300	10208	12698	3313
1:12:50	30.0	3466	3787	4687	5053	5799	6268	6874	2340	8308	10187	12685	3270
1:12:55	30.0	3444	3837	4713	5061	5821	6251	6891	2311	8292	10230	12595	3279
1:13:00	30.0	3442	3836	4718	5080	5841	6260	6932	2347	8346	10203	12699	3294
1:13:05	30.0	3467	3859	4708	5108	5835	6251	6891	2355	8290	10279	12648	3269
1:13:10	30.0	3412	3840	4691	5106	5747	6278	6879	2362	8408	10168	12641	3265
1:13:15	30.0	3424	3823	4698	5075	5811	6310	6917	2354	8348	10159	12713	3270
1:13:20	30.0	3427	3841	4693	5119	5803	6248	6972	2340	8370	10148	12623	3288
1:13:25	30.0	3398	3806	4713	5106	5867	6284	6897	2340	8339	10223	12668	3295
1:13:30	30.0	3426	3836	4692	5102	5827	6271	6931	2347	8406	10198	12723	3291
1:13:35	30.0	3425	3855	4711	5086	5800	6284	6876	2365	8379	10214	12688	3239
1:13:40	30.0	3440	3851	4719	5101	5823	6309	6936	2345	8389	10264	12668	3305
1:13:45	30.0	3433	3815	4743	5101	5822	6194	6864	2347	8408	10350	12737	3273
1:13:50	30.0	3402	3839	4725	5103	5834	6236	6942	2346	8414	10282	12768	3290
1:13:55	30.0	3422	3821	4724	5096	5866	6270	6939	2366	8436	10275	12692	3273
1:14:00	30.0	3421	3824	4741	5094	5803	6290	6981	2365	8406	10313	12631	3278
1:14:05	30.0	3430	3809	4742	5079	5830	6233	6946	2318	8420	10219	12732	3287
1:14:10	30.0	3436	3826	4715	5110	5832	6341	6914	2341	8417	10259	12801	3288
1:14:15	30.0	3437	3854	4665	5071	5862	6270	6920	2337	8428	10283	12720	3282
1:14:20	30.0	3430	3818	4722	5082	5852	6307	7023	2348	8413	10260	12785	3274
1:14:25	30.0	3449	3867	4738	5070	5877	6266	6943	2320	8452	10306	12778	3287
1:14:30	30.0	3443	3880	4729	5111	5859	6304	6983	2326	8403	10300	12734	3281
1:14:35	30.0	3380	3860	4712	5087	5845	6316	6962	2346	8454	10325	12789	3327
1:14:40	30.0	3419	3829	4720	5112	5835	6302	6970	2361	8394	10243	12759	3279
1:14:45	30.0	3427	3836	4694	5040	5852	6331	6929	2313	8476	10358	12720	3288
1:14:50	30.0	3430	3866	4725	5111	5846	6325	7005	2326	8468	10347	12722	3281
1:14:55	30.0	3436	3860	4684	5157	5859	6287	6915	2376	8398	10372	12806	3285
1:15:00	30.0	3443	3837	4713	5092	5894	6348	6964	2354	8418	10298	12862	3290
1:15:05	30.0	3441	3825	4709	5152	5892	6298	6978	2327	8504	10308	12960	3287
1:15:10	30.0	3423	3839	4756	5091	5842	6335	6979	2344	8523	10374	12904	3292
1:15:15	30.0	3438	3836	4716	5106	5825	6329	6997	2340	8454	10305	12794	3272
1:15:20	30.0	3412	3838	4723	5102	5872	6304	7039	2342	8494	10385	12808	3263
1:15:25	30.0	3435	3876	4712	5087	5825	6283	7015	2342	8428	10427	12870	3319
1:15:30	30.0	3445	3828	4719	5100	5879	6314	6965	2343	8481	10424	12893	3283
1:15:35	30.0	3449	3844	4750	5098	5879	6311	6986	2349	8460	10279	12881	3289
1:15:40	30.0	3425	3820	4694	5136	5846	6392	7000	2341	8473	10289	12915	3279
1:15:45	30.0	3430	3793	4684	5097	5814	6339	7044	2319	8500	10355	12836	3276
1:15:50	30.0	3471	3799	4717	5175	5871	6324	6950	2357	8493	10324	12919	3284
1:15:55	30.0	3434	3841	4727	5075	5865	6355	7060	2339	8510	10364	12944	3311
1:16:00	30.0	3441	3808	4727	5155	5795	6311	6965	2353	8484	10360	12978	3296
1:16:05	30.0	3425	3829	4717	5137	5854	6310	6993	2342	8491	10298	12926	3329
1:16:10	30.0	3438	3842	4701	5102	5900	6360	7005	2350	8512	10427	12971	3297
1:16:15	30.0	3388	3854	4673	5132	5895	6335	7000	2348	8568	10395	12843	3327
1:16:20	30.0	3453	3827	4708	5095	5855	6404	6990	2331	8510	10476	12899	3302
1:16:25	30.0	3459	3855	4730	5115	5877	6368	7050	2344	8564	10407	12970	3283
1:16:30	30.0	3461	3836	4734	5154	5863	6369	7005	2345	8591	10416	13092	3261
1:16:35	30.0	3413	3852	4697	5115	5839	6347	7030	2369	8539	10447	12929	3290
1:16:40	30.0	3410	3833	4675	5128	5856	6302	6979	2330	8502	10429	12941	3290
1:16:45	30.0	3455	3843	4702	5133	5813	6365	7029	2348	8550	10524	13059	3291
1:16:50	30.0	3418	3862	4712	5095	5881	6314	7063	2349	8501	10600	13016	3288
1:16:55	30.0	3413	3833	4724	5109	5822	6381	7055	2337	8591	10455	12907	3287
1:17:00	30.0	3430	3843	4719	5146	5874	6372	7074	2349	8602	10541	13105	3289
1:17:05	30.0	3426	3845	4715	5122	5859	6419	7067	2358	8532	10537	12949	3279
1:17:10	30.0	3431	3812	4731	5116	5906	6409	7089	2354	8500	10486	12995	3280
1:17:15	30.0	3404	3850	4721	5166	5891	6333	6986	2328	8554	10398	13050	3315
1:17:20	30.0	3420	3858	4709	5141	5875	6366	7048	2346	8540	10581	12962	3262
1:17:25	30.0	3421	3840	4662	5200	5842	6351	7019	2339	8615	10594	13052	3275
1:17:30	30.0	3426	3834	4742	5117	5920	6349	7081	2366	8526	10497	13047	3306
1:17:35	30.0	3441	3850	4765	5130	5908	6423	7074	2340	8581	10541	13053	3285
1:17:40	30.0	3439	3848	4724	5117	5916	6364	7052	2328	8659	10468	13137	3304
1:17:45	30.0	3431	3874	4720	5143	5920	6393	6999	2358	8598	10565	13016	3281
1:17:50	30.0	3466	3860	4707	5140	5828	6373	7061	2336	8571	10489	13122	3246
1:17:55	30.0	3443	3838	4737	5106	5864	6355	7052	2359	8716	10565	13024	3284
1:18:00	30.0	3434	3897	4750	5151	5920	6348	7077	2317	8556	10549	13141	3277
1:18:05	30.0	3423	3862	4708	5092	5860	6368	7043	2336	8628	10489	13034	3288
1:18:10	30.0	3436	3859	4748	5173	5899	6371	7075	2348	8594	10545	13100	3281
1:18:15	30.0	3395	3871	4733	5141	5875	6376	7080	2346	8633	10587	12974	3280
1:18:20	30.0	3394	3855	4721	5177	5913	6386	7076	2333	8579	10579	13101	3277
1:18:25	30.0	3407	3831	4739	5155	5889	6408	7092	2346	8655	10598	13149	3260
1:18:30	30.0	3441	3843	4738	5139	5862	6387	7090	2328	8694	10618	13148	3284
1:18:35	30.0	3400	3841	4703	5161	5903	6399	7089	2352	8711	10514	13121	3290
1:18:40	30.0	3455	3850	4752	5182	5863	6424	7075	2337	8654	10642	13212	3277
1:18:45	30.0	3407	3836	4707	5143	5864	6448	7024	2322	8678	10564	13085	3268
1:18:50	30.0	3423	3845	4736	5134	5908	6450	7116	2332	8595	10644	13120	3301
1:18:55	30.0	3414	3857	4693	5077	5896	6426	7068	2360	8577	10627	13138	3294
1:19:00	30.0	3431	3833	4687	5172	5876	6407	7128	2325	8753	10560	13181	3255
1:19:05	30.0	3410	3878	4708	5159	5865	6379	7087	2341	8738	10578	13144	3266
1:19:10	30.0	3440	3866	4733	5126	5918	6391	7118	2339	8691	10591	13166	3277
1:19:15	30.0	3421	3869	4714	5146	5903	6462	7143	2318	8629	10631	13181	3259
1:19:20	30.0	3402	3818	4725	5169	5871	6424	7066	2367	8696	10661	13241	3280
1:19:25	30.0	3423	3873	4753	5176	5914	6367	7063	2346	8704	10606	13199	3276
1:19:30	30.0	3442	3903	4719	5145	5903	6398	7147	2340	8625	10693	13225	3275
1:19:35	30.0	3431	3871	4746	5171	5911	6404	7165	2339	8719	10665	13209	3270
1:19:40	30.0	3448	3861	4691	5122	5902	6337	7101	2348	8662	10659	13233	3306
1:19:45	30.0	3414	3836	4737	5137	5926	6450	7200	2328	8716	10682	13274	3288
1:19:50	30.0	3429	3842	4708	5175	5881	6402	7109	2324	8639	10694	13155	3248
1:19:55	30.0	3448	3875	4766	5172	5922	6420	7081	2342	8780	10641	13256	3258
1:20:00	30.0	3417	3884	4727	5162	5885	6446	7169	2347	8748	10710	13266	3257
1:20:05	30.0	3436	3853	4711	5190	5921	6342	7157	2345	8692	10705	13319	3283
1:20:10	30.0	3434	3849	4733	5160	5894	6420	7073	2318	8751	10710	13332	3285
1:20:15	30.0	3438	3874	4763	5165	5921	6377	7132	2348	8736	10752	13303	3267
1:20:20	30.0	3434	3871	4684	5177	5930	6405	7100	2334	8765	10681	13236	3274
1:20:25	30.0	3429	3870	4722	5092	5849	6461	7114	2321	8723	10724	13363	3281
1:20:30	30.0	3441	3862	4736	5185	5935	6391	7164	2321	8755	10637	13240	3307
1:20:35	30.0	3420	3858	4702	5136	5914	6414	7157	2341	8724	10713	13364	3263
1:20:40	30.0	3409	3870	4731	5148	5856	6385	7147	2365	8800	10750	13363	3278
1:20:45	30.0	3398	3881	4724	5176	5916	6444	7189	2347	8743	10739	13383	3264
1:20:50	30.0	3398	3852	4744	5156	5873	6423	7143	2334	8753	10759	13322	3254
1:20:55	30.0	3408	3877	4729	5201	5955	6490	7216	2346	8809	10681	13305	3282
1:21:00	30.0	3414	3829	4705	5182	5905	6419	7206	2340	8811	10789	13419	3256
1:21:05	30.0	3454	3854	4714	5156	5930	6415	7129	2342	8870	10808	13217	3281
1:21:10	30.0	3458	3864	4742	5145	5921	6478	7169	2331	8710	10784	13337	3248
1:21:15	30.0	3452	3859	4742	5186	5945	6437	7158	2336	8855	10787	13470	3296
1:21:20	30.0	3402	3872	4782	5224	5887	6400	7127	2338	8753	10723	13440	3289
1:21:25	30.0	3382	3830	4766	5179	5883	6416	7164	2346	8784	10712	13392	3283
1:21:30	30.0	3379	3861	4740	5153	5941	6443	7182	2341	8807	10840	13313	3288
1:21:35	30.0	3439	3897	4715	5188	5916	6492	7117	2354	8866	10681	13363	3287
1:21:40	30.0	3406	3827	4714	5168	5872	6486	7155	2358	8772	10871	13407	3234
1:21:45	30.0	3419	3849	4723	5151	5887	6447	7195	2349	8824	10862	13253	3269
1:21:50	30.0	3439	3873	4736	5181	5873	6476	7199	2371	8814	10781	13471	3293
1:21:55	30.0	3422	3834	4736	5174	5862	6431	7180	2340	8875	10827	13381	3270
1:22:00	30.0	3437	3831	4721	5142	5903	6437	7212	2344	8772	10876	13454	3283
1:22:05	30.0	3415	3845	4669	5138	5960	6427	7163	2340	8821	10796	13496	3272
1:22:10	30.0	3419	3848	4736	5161	5888	6471	7247	2334	8777	10702	13433	3264
1:22:15	30.0	3405	3884	4711	5168	5938	6434	7233	2345	8911	10804	13475	3320
1:22:20	30.0	3417	3868	4691	5190	5924	6435	7165	2348	8878	10886	13564	3294
1:22:25	30.0	3453	3860	4705	5176	5898	6470	7210	2347	8871	10948	13439	3306
1:22:30	30.0	3422	3889	4731	5169	5896	6470	7169	2351	8792	10900	13367	3272
1:22:35	30.0	3393	3858	4747	5231	5932	6478	7176	2363	8830	10996	13423	3278
1:22:40	30.0	3422	3888	4716	5166	5930	6474	7208	2341	8874	10932	13485	3311
1:22:45	30.0	3441	3852	4739	5168	5972	6450	7235	2343	8858	10866	13444	3263
1:22:50	30.0	3414	3864	4729	5218	5893	6529	7169	2350	8901	10953	13544	3266
1:22:55	30.0	3427	3862	4710	5149	5947	6519	7174	2331	8895	10875	13475	3275
1:23:00	30.0	3434	3864	4698	5178	5909	6524	7249	2335	8893	10788	13423	3261

Results
	1	2	3	4	5	6	7	8	9	10	11	12
A													Max V [425,457]
													R-Squared [425,457]
													t at Max V [425,457]
													Lagtime [425,457]
B													Max V [425,457]
													R-Squared [425,457]
													t at Max V [425,457]
													Lagtime [425,457]
C													Max V [425,457]
													R-Squared [425,457]
													t at Max V [425,457]
													Lagtime [425,457]
D													Max V [425,457]
													R-Squared [425,457]
													t at Max V [425,457]
													Lagtime [425,457]
E													Max V [425,457]
													R-Squared [425,457]
													t at Max V [425,457]
													Lagtime [425,457]
F													Max V [425,457]
													R-Squared [425,457]
													t at Max V [425,457]
													Lagtime [425,457]
G	828000.000	960000.000	-1152000.000	-1200000.000	-1344000.000	-1380000.000	-1704000.000	828000.000	2112000.000	2280000.000	2616000.000	972000.000	Max V [425,457]
	1.000	1.000	1.000	1.000	1.000	1.000	1.000	1.000	1.000	1.000	1.000	1.000	R-Squared [425,457]
	0:39:43	0:52:13	0:36:58	1:15:53	1:04:13	1:13:43	1:00:43	0:49:13	1:18:58	1:21:38	1:21:48	0:52:03	t at Max V [425,457]
	0:38:32	0:51:02	0:38:21	1:18:00	1:06:29	1:16:15	1:02:44	0:49:12	1:16:44	1:18:52	1:18:40	0:52:07	Lagtime [425,457]
H													Max V [425,457]
													R-Squared [425,457]
													t at Max V [425,457]
													Lagtime [425,457]

