

Software Version	3.03.14



Experiment File Path:	C:\Users\Public\Documents\Experiments\Tina\20190207_GAP_assay.xpt
Protocol File Path:	C:\Users\Public\Documents\Protocols\Tina\GAP_sensor_assay.prt



Plate Number	Plate 1
Date	2/7/2019
Time	1:00:05 PM
Reader Type:	Synergy H1
Reader Serial Number:	1803011C
Reading Type	Reader

Procedure Details

Plate Type	Costar 96 well half area
Set Temperature	Setpoint 30°C
Start Kinetic	Runtime 1:00:00 (HH:MM:SS), Interval 0:00:04, 901 Reads
    Read	Fluorescence Endpoint
	G1..G7
	Filter Set 1
	    Excitation: 425,  Emission: 457
	    Optics: Bottom,  Gain: 57
	Light Source: Xenon Flash,  Lamp Energy: High
	Read Speed: Normal,  Delay: 0 msec,  Measurements/Data Point: 5
	Read Height: 7 mm
End Kinetic	

Layout
	1	2	3	4	5	6	7	8	9	10	11	12
A													Well ID
B													Well ID
C													Well ID
D													Well ID
E													Well ID
F													Well ID
G	SPL1	SPL2	SPL3	SPL4	SPL5	SPL6	SPL7						Well ID
H													Well ID

425,457

Time	T° 425,457	G1	G2	G3	G4	G5	G6	G7
0:00:00	30.0	6225	5485	5458	6250	6333	6292	6345
0:00:04	30.0	6227	5503	5507	6304	6326	6334	6373
0:00:08	30.0	6228	5503	5536	6274	6358	6294	6373
0:00:12	30.0	6266	5503	5562	6328	6369	6345	6389
0:00:16	30.0	6299	5500	5572	6339	6366	6316	6378
0:00:20	30.0	6246	5436	5515	6313	6335	6375	6393
0:00:24	30.0	6236	5455	5533	6352	6383	6331	6483
0:00:28	30.0	6260	5547	5568	6326	6438	6386	6435
0:00:32	30.0	6316	5552	5536	6366	6516	6334	6435
0:00:36	30.0	6265	5496	5511	6437	6533	6330	6415
0:00:40	30.0	6268	5514	5549	6440	6491	6400	6434
0:00:44	30.0	6285	5490	5562	6396	6469	6354	6429
0:00:48	30.0	6290	5558	5598	6459	6444	6403	6426
0:00:52	30.0	6337	5544	5595	6420	6506	6375	6478
0:00:56	30.0	6359	5556	5564	6431	6515	6350	6370
0:01:00	30.0	6216	5570	5497	6409	6555	6353	6449
0:01:04	30.0	6308	5491	5606	6504	6514	6439	6497
0:01:08	30.0	6341	5481	5599	6510	6576	6367	6432
0:01:12	30.0	6309	5536	5567	6490	6516	6393	6499
0:01:16	30.0	6285	5606	5559	6511	6583	6391	6448
0:01:20	30.0	6323	5534	5612	6569	6660	6424	6404
0:01:24	30.0	6314	5545	5631	6503	6612	6409	6449
0:01:28	30.0	6321	5548	5618	6555	6665	6501	6424
0:01:32	30.0	6357	5531	5604	6573	6642	6397	6427
0:01:36	30.0	6357	5536	5584	6561	6683	6426	6404
0:01:40	30.0	6371	5516	5650	6605	6710	6491	6473
0:01:44	30.0	6287	5535	5681	6610	6707	6476	6452
0:01:48	30.0	6398	5598	5659	6664	6709	6449	6458
0:01:52	30.0	6359	5581	5657	6639	6757	6475	6446
0:01:56	30.0	6364	5567	5610	6627	6757	6505	6439
0:02:00	30.0	6350	5567	5667	6724	6763	6481	6507
0:02:04	30.0	6360	5595	5592	6702	6759	6489	6487
0:02:08	30.0	6360	5608	5623	6736	6779	6464	6488
0:02:12	30.0	6414	5614	5661	6725	6780	6525	6438
0:02:16	30.0	6393	5652	5645	6750	6864	6513	6448
0:02:20	30.0	6368	5703	5618	6811	6850	6517	6501
0:02:24	30.0	6426	5648	5609	6821	6931	6535	6455
0:02:28	30.0	6390	5628	5652	6788	6884	6499	6500
0:02:32	30.0	6403	5658	5632	6809	6850	6555	6503
0:02:36	30.0	6370	5597	5652	6892	6901	6527	6464
0:02:40	30.0	6384	5653	5629	6822	6957	6489	6468
0:02:44	30.0	6386	5567	5714	6860	6898	6574	6474
0:02:48	30.0	6378	5589	5709	6821	6942	6620	6513
0:02:52	30.0	6350	5657	5697	6853	6891	6539	6536
0:02:56	30.0	6390	5581	5626	6846	6911	6519	6495
0:03:00	30.0	6394	5559	5679	6940	6976	6608	6539
0:03:04	29.9	6440	5559	5654	6911	6976	6549	6489
0:03:08	30.0	6456	5601	5687	6955	7015	6579	6509
0:03:12	30.0	6437	5617	5684	6938	6999	6586	6480
0:03:16	30.0	6397	5612	5600	7032	7024	6590	6553
0:03:20	30.0	6476	5620	5669	6918	7022	6572	6497
0:03:24	30.0	6481	5584	5703	7038	6961	6611	6525
0:03:28	30.0	6426	5600	5624	6954	7027	6547	6466
0:03:32	30.0	6510	5587	5659	6917	7063	6600	6571
0:03:36	30.0	6468	5522	5676	7072	7046	6530	6533
0:03:40	30.0	6419	5624	5649	7026	7085	6650	6440
0:03:44	30.0	6459	5542	5611	7043	7032	6610	6506
0:03:48	30.0	6475	5611	5689	6989	7093	6645	6508
0:03:52	30.0	6435	5600	5597	7024	7012	6613	6529
0:03:56	30.1	6517	5605	5636	7101	7056	6690	6573
0:04:00	30.0	6474	5581	5671	7139	7036	6583	6519
0:04:04	30.0	6442	5642	5607	7100	7069	6606	6530
0:04:08	30.0	6483	5584	5623	7072	7070	6573	6571
0:04:12	30.0	6454	5569	5681	7127	7120	6631	6550
0:04:16	30.0	6478	5562	5640	7149	7145	6686	6570
0:04:20	30.0	6459	5562	5633	7098	7094	6647	6571
0:04:24	30.0	6460	5599	5568	7158	7171	6634	6529
0:04:28	30.0	6439	5582	5591	7092	7127	6625	6580
0:04:32	30.0	6500	5587	5601	7132	7135	6660	6510
0:04:36	30.0	6492	5575	5613	7138	7198	6616	6535
0:04:40	30.0	6482	5596	5582	7096	7180	6679	6538
0:04:44	30.0	6502	5575	5630	7123	7191	6629	6575
0:04:48	30.0	6427	5558	5597	7206	7158	6705	6558
0:04:52	30.0	6431	5574	5589	7183	7189	6715	6558
0:04:56	30.0	6452	5503	5574	7230	7228	6623	6555
0:05:00	30.0	6474	5575	5613	7240	7167	6680	6584
0:05:04	30.0	6469	5588	5605	7211	7227	6708	6601
0:05:08	30.0	6417	5520	5662	7220	7202	6683	6557
0:05:12	30.0	6495	5540	5623	7235	7280	6644	6523
0:05:16	30.0	6467	5525	5593	7215	7226	6723	6585
0:05:20	30.0	6501	5568	5631	7300	7191	6699	6649
0:05:24	30.0	6378	5532	5612	7223	7271	6745	6551
0:05:28	30.0	6464	5534	5593	7300	7233	6773	6613
0:05:32	30.0	6452	5552	5575	7302	7334	6696	6581
0:05:36	30.0	6516	5562	5617	7357	7323	6726	6605
0:05:40	30.0	6440	5536	5540	7278	7294	6778	6625
0:05:44	30.0	6432	5568	5553	7365	7371	6746	6574
0:05:48	30.0	6473	5549	5542	7288	7354	6734	6574
0:05:52	30.0	6388	5529	5617	7362	7388	6735	6608
0:05:56	30.0	6493	5513	5582	7448	7417	6703	6641
0:06:00	30.0	6487	5559	5584	7392	7397	6689	6574
0:06:04	30.0	6415	5533	5573	7375	7391	6699	6589
0:06:08	30.0	6498	5547	5580	7398	7444	6739	6628
0:06:12	30.0	6444	5509	5601	7451	7409	6661	6550
0:06:16	30.0	6387	5509	5530	7469	7429	6764	6638
0:06:20	30.0	6436	5502	5534	7364	7408	6673	6604
0:06:24	30.0	6414	5541	5591	7485	7421	6754	6628
0:06:28	30.0	6460	5495	5508	7472	7448	6764	6675
0:06:32	30.0	6430	5494	5592	7446	7521	6788	6661
0:06:36	30.0	6499	5509	5559	7532	7506	6790	6642
0:06:40	30.0	6461	5480	5578	7523	7508	6773	6676
0:06:44	30.0	6434	5486	5571	7492	7497	6781	6637
0:06:48	30.0	6436	5521	5561	7564	7506	6777	6653
0:06:52	30.0	6429	5517	5537	7586	7547	6777	6643
0:06:56	30.0	6468	5486	5547	7578	7571	6780	6700
0:07:00	30.0	6404	5489	5546	7526	7539	6734	6667
0:07:04	30.0	6467	5514	5570	7623	7587	6755	6724
0:07:08	30.0	6429	5565	5587	7599	7622	6738	6677
0:07:12	30.0	6423	5514	5575	7543	7614	6830	6707
0:07:16	30.0	6369	5516	5570	7598	7585	6811	6770
0:07:20	30.0	6466	5556	5558	7608	7575	6839	6703
0:07:24	30.0	6460	5524	5567	7606	7564	6883	6735
0:07:28	30.0	6427	5496	5585	7684	7579	6846	6644
0:07:32	30.0	6433	5512	5562	7665	7671	6780	6719
0:07:36	30.0	6396	5505	5518	7727	7701	6858	6733
0:07:40	30.0	6428	5510	5555	7664	7744	6840	6715
0:07:44	30.0	6393	5481	5564	7668	7672	6923	6715
0:07:48	30.0	6422	5507	5580	7719	7698	6821	6737
0:07:52	30.0	6465	5544	5589	7746	7722	6865	6782
0:07:56	30.0	6440	5480	5544	7715	7741	6885	6736
0:08:00	30.0	6449	5545	5548	7756	7663	6882	6688
0:08:04	30.0	6431	5498	5570	7738	7657	6866	6714
0:08:08	30.0	6429	5538	5555	7749	7689	6773	6717
0:08:12	30.0	6444	5443	5560	7768	7708	6845	6764
0:08:16	30.0	6423	5546	5530	7792	7844	6783	6741
0:08:20	30.0	6435	5521	5561	7808	7775	6847	6759
0:08:24	30.0	6425	5508	5576	7865	7747	6776	6750
0:08:28	30.0	6435	5521	5576	7892	7825	6838	6792
0:08:32	30.0	6465	5494	5597	7799	7734	6856	6755
0:08:36	30.0	6417	5469	5558	7835	7779	6945	6721
0:08:40	30.0	6432	5535	5515	7950	7832	6885	6803
0:08:44	30.0	6379	5496	5524	7895	7857	6913	6717
0:08:48	30.0	6467	5497	5535	7831	7846	6915	6741
0:08:52	30.0	6344	5497	5532	7920	7863	6819	6791
0:08:56	30.0	6412	5525	5552	7947	7942	6957	6740
0:09:00	30.0	6416	5517	5546	7945	7928	6906	6776
0:09:04	30.0	6410	5475	5539	7948	7874	6854	6704
0:09:08	30.0	6392	5463	5481	7926	7875	6982	6770
0:09:12	30.0	6376	5517	5575	7997	7907	6947	6765
0:09:16	30.1	6428	5548	5595	8031	7863	6932	6849
0:09:20	30.0	6401	5506	5539	8009	7988	6903	6873
0:09:24	30.0	6427	5453	5588	8020	8019	6955	6777
0:09:28	30.0	6362	5462	5553	8034	8000	6937	6852
0:09:32	30.0	6421	5472	5518	7960	7983	6953	6835
0:09:36	30.0	6412	5475	5550	8083	7956	6908	6858
0:09:40	30.0	6474	5455	5503	8035	8069	6933	6767
0:09:44	30.0	6446	5525	5554	8085	7984	6972	6815
0:09:48	30.0	6469	5468	5546	8084	8054	6930	6765
0:09:52	30.0	6471	5497	5562	8105	8015	6944	6771
0:09:56	30.1	6415	5537	5535	8080	8089	6967	6756
0:10:00	30.1	6475	5512	5559	8163	8138	6963	6781
0:10:04	30.0	6429	5509	5479	8215	8138	6948	6858
0:10:08	30.0	6371	5494	5471	8068	8045	6953	6815
0:10:12	30.0	6447	5440	5517	8131	8099	6972	6863
0:10:16	30.0	6449	5512	5543	8163	8086	6994	6794
0:10:20	29.9	6410	5442	5521	8167	8166	7005	6812
0:10:24	30.0	6425	5530	5493	8215	8177	6937	6785
0:10:28	30.0	6474	5485	5517	8181	8089	6971	6819
0:10:32	30.0	6435	5500	5546	8229	8167	6964	6831
0:10:36	30.0	6439	5454	5572	8280	8161	6995	6837
0:10:40	30.0	6454	5458	5545	8299	8233	7011	6877
0:10:44	30.0	6456	5470	5557	8243	8209	7038	6844
0:10:48	30.0	6388	5468	5516	8343	8178	7005	6916
0:10:52	30.0	6423	5512	5502	8329	8275	7044	6813
0:10:56	30.0	6460	5536	5530	8295	8262	7050	6835
0:11:00	30.0	6419	5522	5481	8302	8262	7029	6867
0:11:04	30.0	6457	5498	5540	8388	8300	6989	6896
0:11:08	30.0	6447	5464	5505	8340	8271	7015	6812
0:11:12	30.0	6454	5526	5498	8324	8345	7071	6845
0:11:16	30.0	6474	5485	5573	8380	8341	7072	6902
0:11:20	30.0	6481	5503	5535	8401	8214	7055	6891
0:11:24	30.0	6492	5445	5490	8360	8381	7071	6890
0:11:28	30.0	6463	5449	5525	8437	8311	7057	6891
0:11:32	30.0	6464	5440	5495	8410	8453	7026	6867
0:11:36	30.0	6471	5459	5535	8415	8342	7034	6906
0:11:40	30.0	6443	5437	5549	8443	8414	7049	6893
0:11:44	30.0	6470	5456	5503	8450	8416	7096	6941
0:11:48	30.0	6497	5472	5544	8478	8345	7101	6901
0:11:52	30.0	6410	5498	5487	8521	8497	7049	6878
0:11:56	30.0	6518	5443	5535	8514	8408	7101	6858
0:12:00	30.0	6476	5497	5459	8479	8421	7087	6916
0:12:04	30.0	6504	5449	5539	8459	8447	7041	6919
0:12:08	30.0	6457	5450	5485	8529	8467	7104	6874
0:12:12	30.0	6454	5493	5467	8547	8461	7222	6905
0:12:16	30.0	6429	5469	5518	8582	8388	7101	6899
0:12:20	30.0	6460	5469	5489	8609	8508	7099	6918
0:12:24	30.0	6428	5504	5480	8565	8437	7115	6917
0:12:28	30.0	6437	5431	5513	8585	8524	7126	6979
0:12:32	30.0	6471	5481	5562	8539	8507	7199	6871
0:12:36	30.0	6437	5484	5582	8579	8578	7102	6952
0:12:40	30.0	6499	5463	5506	8597	8554	7089	6955
0:12:44	30.0	6488	5487	5506	8581	8575	7170	6912
0:12:48	30.0	6515	5471	5459	8711	8602	7129	6903
0:12:52	30.0	6531	5478	5463	8704	8608	7121	6949
0:12:56	30.0	6516	5428	5502	8705	8576	7100	6972
0:13:00	30.0	6560	5471	5497	8726	8627	7136	6964
0:13:04	30.0	6472	5464	5503	8703	8691	7255	6946
0:13:08	30.0	6488	5463	5477	8705	8650	7144	7008
0:13:12	30.0	6521	5425	5529	8699	8552	7117	6953
0:13:16	30.0	6487	5440	5522	8671	8621	7214	6953
0:13:20	30.0	6499	5500	5502	8757	8673	7186	7010
0:13:24	30.0	6504	5460	5493	8751	8661	7216	7005
0:13:28	30.0	6542	5474	5514	8748	8579	7156	7004
0:13:32	30.0	6443	5453	5517	8794	8688	7179	6946
0:13:36	30.0	6538	5495	5509	8751	8710	7170	6956
0:13:40	30.0	6487	5451	5475	8767	8649	7203	7005
0:13:44	30.0	6517	5449	5537	8863	8722	7182	7006
0:13:48	30.0	6449	5486	5476	8809	8724	7171	6986
0:13:52	30.0	6547	5441	5495	8817	8777	7190	6987
0:13:56	30.0	6472	5407	5481	8829	8750	7194	6954
0:14:00	30.0	6513	5440	5506	8898	8837	7259	7006
0:14:04	30.0	6552	5463	5501	8874	8806	7147	6992
0:14:08	30.0	6514	5429	5488	8940	8902	7304	6979
0:14:12	30.0	6540	5447	5512	8961	8753	7271	7045
0:14:16	30.0	6498	5453	5525	8962	8838	7224	6980
0:14:20	30.0	6479	5437	5465	8997	8901	7287	7066
0:14:24	30.0	6496	5438	5576	8885	8852	7269	7067
0:14:28	30.0	6554	5449	5534	8934	8879	7287	7031
0:14:32	30.0	6525	5436	5509	9003	8859	7246	7010
0:14:36	30.0	6551	5436	5513	9016	8804	7239	7040
0:14:40	30.0	6484	5440	5545	8984	8914	7242	7045
0:14:44	30.0	6559	5480	5542	8992	8942	7235	7014
0:14:48	30.0	6517	5478	5519	9008	8875	7284	7058
0:14:52	30.1	6517	5402	5509	9109	8951	7278	7049
0:14:56	30.0	6545	5474	5569	9051	8874	7266	7050
0:15:00	30.0	6478	5437	5510	9013	8933	7267	7026
0:15:04	30.0	6483	5439	5491	9128	9052	7289	7023
0:15:08	30.0	6549	5415	5543	9047	9021	7267	7088
0:15:12	30.0	6518	5448	5536	9132	8936	7279	7039
0:15:16	30.0	6518	5434	5505	9123	8965	7350	7007
0:15:20	30.0	6568	5436	5464	9154	9031	7349	7069
0:15:24	30.0	6486	5485	5482	9174	8960	7296	7046
0:15:28	30.0	6585	5414	5446	9100	9009	7316	7056
0:15:32	30.0	6531	5477	5493	9077	9033	7265	7068
0:15:36	30.0	6509	5478	5499	9223	9022	7299	7087
0:15:40	30.0	6546	5459	5523	9180	9056	7339	7092
0:15:44	30.0	6480	5423	5565	9204	9012	7326	7098
0:15:48	30.0	6524	5491	5557	9205	9106	7286	7134
0:15:52	30.0	6560	5502	5508	9262	9101	7276	7116
0:15:56	30.0	6502	5461	5523	9239	9185	7348	7067
0:16:00	30.0	6609	5427	5453	9237	9135	7363	7111
0:16:04	30.0	6544	5480	5476	9312	9175	7342	7107
0:16:08	30.0	6556	5430	5489	9403	9191	7380	7084
0:16:12	30.0	6539	5440	5534	9350	9210	7344	7105
0:16:16	30.0	6521	5447	5531	9348	9153	7402	7127
0:16:20	30.0	6607	5426	5474	9355	9268	7455	7070
0:16:24	30.0	6561	5482	5526	9379	9233	7411	7135
0:16:28	30.0	6507	5431	5506	9338	9250	7408	7123
0:16:32	30.0	6588	5466	5509	9356	9218	7405	7184
0:16:36	30.0	6565	5442	5514	9363	9196	7474	7120
0:16:40	30.0	6562	5446	5495	9356	9213	7439	7190
0:16:44	30.0	6522	5450	5514	9464	9297	7377	7154
0:16:48	30.0	6554	5476	5515	9425	9280	7482	7185
0:16:52	30.0	6572	5423	5445	9460	9205	7390	7106
0:16:56	30.0	6612	5441	5553	9509	9284	7444	7144
0:17:00	30.0	6628	5506	5506	9508	9315	7418	7173
0:17:04	30.0	6545	5471	5506	9477	9379	7485	7128
0:17:08	30.0	6528	5435	5481	9468	9299	7449	7102
0:17:12	30.0	6582	5423	5465	9447	9313	7442	7129
0:17:16	30.0	6566	5435	5472	9532	9369	7480	7200
0:17:20	30.0	6582	5472	5467	9548	9343	7440	7189
0:17:24	30.0	6591	5440	5486	9565	9413	7502	7219
0:17:28	30.0	6586	5472	5531	9578	9378	7445	7172
0:17:32	30.0	6568	5435	5494	9558	9405	7420	7157
0:17:36	30.0	6568	5460	5462	9483	9420	7419	7189
0:17:40	30.0	6527	5457	5484	9669	9403	7503	7134
0:17:44	30.0	6618	5474	5442	9633	9451	7476	7166
0:17:48	30.0	6523	5400	5492	9640	9454	7465	7174
0:17:52	30.0	6545	5408	5468	9566	9451	7492	7177
0:17:56	30.0	6562	5415	5512	9611	9468	7529	7190
0:18:00	30.0	6581	5409	5499	9641	9455	7572	7173
0:18:04	30.0	6541	5450	5471	9804	9589	7498	7189
0:18:08	30.0	6560	5432	5441	9714	9567	7500	7163
0:18:12	30.0	6582	5452	5502	9752	9488	7487	7220
0:18:16	30.0	6604	5426	5519	9725	9571	7484	7241
0:18:20	30.0	6556	5392	5478	9660	9612	7467	7171
0:18:24	30.0	6602	5439	5482	9708	9531	7494	7243
0:18:28	30.0	6596	5461	5488	9755	9584	7488	7240
0:18:32	30.0	6611	5453	5482	9768	9613	7526	7265
0:18:36	30.0	6606	5399	5520	9792	9504	7550	7254
0:18:40	30.0	6532	5415	5446	9793	9607	7574	7189
0:18:44	30.0	6588	5396	5443	9745	9581	7568	7340
0:18:48	30.0	6604	5424	5485	9854	9631	7588	7229
0:18:52	30.0	6575	5436	5526	9838	9715	7585	7228
0:18:56	30.0	6525	5414	5492	9792	9619	7596	7212
0:19:00	30.0	6651	5432	5480	9820	9705	7481	7306
0:19:04	30.0	6582	5422	5488	9871	9762	7576	7285
0:19:08	30.0	6590	5430	5481	9836	9655	7500	7206
0:19:12	30.0	6629	5438	5495	9932	9713	7628	7202
0:19:16	30.0	6566	5446	5452	9974	9619	7528	7219
0:19:20	30.0	6585	5427	5466	9857	9720	7504	7221
0:19:24	30.0	6596	5441	5488	9862	9813	7620	7268
0:19:28	30.0	6540	5454	5478	9918	9698	7591	7266
0:19:32	30.0	6545	5394	5464	9939	9791	7534	7262
0:19:36	30.0	6585	5439	5459	9993	9686	7585	7266
0:19:40	30.0	6656	5431	5517	9978	9774	7650	7353
0:19:44	30.0	6549	5452	5491	9958	9858	7646	7283
0:19:48	30.0	6577	5428	5501	9982	9828	7661	7312
0:19:52	30.0	6582	5455	5486	10059	9828	7658	7288
0:19:56	30.0	6657	5445	5488	9998	9838	7602	7273
0:20:00	30.0	6629	5325	5491	9943	9780	7654	7324
0:20:04	30.0	6608	5395	5485	10040	9913	7606	7288
0:20:08	30.0	6583	5460	5496	10026	9866	7708	7262
0:20:12	30.0	6622	5366	5456	9983	9907	7642	7321
0:20:16	30.0	6657	5368	5461	10117	9965	7693	7319
0:20:20	30.0	6627	5439	5456	10120	9966	7628	7282
0:20:24	30.0	6618	5455	5504	10069	9924	7701	7357
0:20:28	30.0	6627	5430	5475	10113	9956	7680	7316
0:20:32	30.0	6544	5387	5459	10132	9881	7739	7334
0:20:36	30.0	6596	5438	5492	10177	9938	7680	7337
0:20:40	30.0	6614	5379	5455	10166	10008	7688	7326
0:20:44	30.0	6626	5401	5450	10147	9980	7686	7362
0:20:48	30.0	6594	5462	5451	10167	9965	7747	7367
0:20:52	30.0	6628	5410	5484	10170	10009	7682	7312
0:20:56	30.0	6612	5452	5468	10123	9969	7742	7373
0:21:00	30.0	6596	5396	5489	10180	9974	7652	7349
0:21:04	30.0	6551	5384	5456	10222	9987	7671	7373
0:21:08	29.9	6631	5413	5433	10233	10089	7758	7351
0:21:12	30.0	6641	5372	5486	10251	10027	7715	7364
0:21:16	30.0	6566	5414	5488	10267	10164	7695	7409
0:21:20	30.1	6597	5426	5485	10265	10085	7733	7357
0:21:24	30.1	6612	5371	5454	10366	10124	7708	7420
0:21:28	30.1	6684	5397	5448	10306	10121	7723	7380
0:21:32	30.0	6674	5391	5480	10374	10125	7730	7378
0:21:36	30.0	6636	5419	5486	10295	10104	7729	7442
0:21:40	30.0	6623	5396	5452	10252	10138	7721	7417
0:21:44	30.0	6612	5411	5442	10275	10195	7754	7360
0:21:48	30.0	6635	5372	5435	10433	10133	7774	7418
0:21:52	30.0	6652	5416	5447	10328	10208	7765	7407
0:21:56	30.0	6619	5438	5510	10336	10221	7722	7373
0:22:00	30.0	6652	5397	5424	10278	10119	7706	7329
0:22:04	30.1	6605	5412	5460	10401	10164	7698	7441
0:22:08	30.0	6629	5416	5496	10314	10113	7789	7431
0:22:12	30.0	6683	5396	5441	10427	10240	7794	7431
0:22:16	30.0	6708	5395	5476	10512	10137	7850	7425
0:22:20	30.0	6639	5395	5434	10522	10319	7801	7527
0:22:24	30.0	6670	5396	5456	10473	10272	7848	7436
0:22:28	30.0	6685	5422	5421	10426	10283	7808	7447
0:22:32	30.0	6635	5416	5501	10509	10275	7813	7441
0:22:36	30.0	6660	5367	5445	10520	10343	7876	7429
0:22:40	30.0	6601	5407	5445	10545	10294	7869	7427
0:22:44	30.0	6669	5397	5481	10530	10283	7807	7460
0:22:48	30.0	6618	5454	5509	10472	10331	7820	7447
0:22:52	30.0	6675	5404	5458	10535	10327	7817	7404
0:22:56	30.0	6590	5412	5430	10645	10322	7783	7515
0:23:00	30.0	6669	5407	5430	10718	10386	7828	7420
0:23:04	30.0	6657	5450	5484	10653	10385	7912	7410
0:23:08	30.0	6698	5458	5468	10612	10410	7790	7440
0:23:12	30.0	6675	5380	5478	10621	10436	7863	7492
0:23:16	30.0	6647	5385	5507	10620	10437	7887	7477
0:23:20	30.0	6661	5398	5475	10717	10564	7845	7416
0:23:24	30.0	6636	5387	5470	10693	10498	7817	7461
0:23:28	30.0	6718	5407	5481	10685	10483	7897	7489
0:23:32	30.0	6657	5362	5491	10712	10454	7851	7482
0:23:36	30.0	6701	5426	5444	10689	10506	7935	7472
0:23:40	30.0	6674	5392	5477	10706	10432	7871	7453
0:23:44	30.0	6667	5409	5459	10724	10429	7895	7494
0:23:48	30.0	6620	5399	5459	10725	10493	7880	7552
0:23:52	30.0	6669	5433	5414	10753	10504	7951	7505
0:23:56	30.0	6645	5373	5450	10834	10564	7894	7526
0:24:00	30.0	6741	5457	5438	10728	10519	7881	7447
0:24:04	30.0	6679	5390	5447	10796	10671	7917	7525
0:24:08	30.0	6689	5366	5421	10793	10606	7968	7522
0:24:12	30.0	6711	5411	5493	10779	10526	7949	7502
0:24:16	30.0	6716	5385	5504	10803	10596	7999	7551
0:24:20	30.0	6693	5402	5439	10841	10608	7867	7521
0:24:24	30.0	6672	5395	5477	10824	10595	7913	7576
0:24:28	30.0	6694	5391	5447	10890	10726	7930	7588
0:24:32	30.0	6711	5424	5479	10964	10622	7944	7568
0:24:36	30.0	6742	5395	5456	10872	10626	8002	7495
0:24:40	30.0	6730	5370	5487	10901	10744	7923	7591
0:24:44	30.0	6695	5391	5464	10915	10653	8000	7518
0:24:48	30.0	6692	5374	5472	10961	10759	8012	7572
0:24:52	30.0	6687	5368	5469	10953	10670	7955	7544
0:24:56	30.0	6737	5412	5547	10931	10717	7974	7544
0:25:00	30.0	6747	5387	5441	11034	10800	7908	7554
0:25:04	30.0	6662	5390	5420	10935	10709	7941	7492
0:25:08	30.0	6702	5334	5438	11054	10772	7999	7588
0:25:12	30.0	6689	5407	5463	11025	10811	8111	7637
0:25:16	30.0	6680	5387	5439	10974	10814	8021	7591
0:25:20	30.0	6705	5414	5390	11058	10791	8014	7629
0:25:24	30.1	6706	5357	5393	11132	10775	7942	7652
0:25:28	30.0	6738	5404	5447	11096	10820	7936	7587
0:25:32	30.0	6729	5404	5460	11103	10867	8006	7555
0:25:36	30.0	6721	5434	5450	11118	10841	8099	7579
0:25:40	30.0	6677	5356	5407	11104	10936	8001	7614
0:25:44	30.0	6754	5384	5429	11077	10798	7995	7649
0:25:48	30.0	6726	5434	5448	11159	10848	7997	7591
0:25:52	30.0	6697	5425	5426	11084	10812	8022	7669
0:25:56	30.0	6675	5407	5413	11167	10958	8031	7679
0:26:00	30.0	6731	5399	5496	11218	10947	8105	7622
0:26:04	30.0	6712	5408	5453	11116	10902	8120	7574
0:26:08	30.0	6728	5404	5448	11182	10962	8046	7594
0:26:12	30.1	6719	5391	5496	11229	10968	8045	7599
0:26:16	30.0	6701	5340	5460	11212	10985	8047	7670
0:26:20	30.0	6757	5448	5437	11229	10908	8015	7601
0:26:24	30.0	6699	5366	5446	11242	10949	8025	7690
0:26:28	30.0	6713	5417	5393	11252	10999	8117	7690
0:26:32	30.0	6723	5368	5437	11333	10991	8087	7586
0:26:36	30.0	6701	5426	5396	11368	11071	8114	7675
0:26:40	30.0	6733	5391	5455	11225	11000	8068	7621
0:26:44	30.0	6712	5373	5445	11245	11130	8041	7712
0:26:48	30.0	6667	5362	5471	11342	11043	8073	7685
0:26:52	30.0	6734	5392	5444	11327	11048	8183	7714
0:26:56	30.0	6678	5351	5426	11409	11097	8116	7692
0:27:00	30.0	6750	5435	5403	11405	11141	8143	7671
0:27:04	30.0	6820	5370	5348	11420	11097	8184	7688
0:27:08	30.0	6705	5417	5479	11412	11186	8166	7693
0:27:12	30.0	6699	5422	5404	11467	11158	8146	7611
0:27:16	30.0	6726	5428	5439	11475	11149	8146	7649
0:27:20	30.0	6751	5406	5443	11322	11101	8072	7748
0:27:24	30.0	6759	5347	5463	11434	11149	8188	7704
0:27:28	30.0	6709	5365	5402	11455	11172	8141	7745
0:27:32	30.0	6705	5362	5413	11367	11259	8210	7675
0:27:36	30.0	6750	5398	5475	11360	11189	8251	7662
0:27:40	30.0	6741	5379	5434	11465	11286	8157	7698
0:27:44	30.0	6782	5411	5421	11507	11273	8231	7763
0:27:48	30.0	6726	5365	5402	11463	11155	8265	7734
0:27:52	30.0	6737	5403	5475	11392	11302	8234	7722
0:27:56	30.0	6805	5372	5441	11504	11233	8224	7758
0:28:00	30.0	6809	5401	5424	11537	11288	8169	7757
0:28:04	30.0	6760	5434	5443	11502	11217	8251	7729
0:28:08	30.0	6807	5371	5438	11511	11247	8256	7731
0:28:12	30.0	6779	5362	5418	11511	11275	8223	7817
0:28:16	30.0	6807	5324	5390	11661	11257	8230	7755
0:28:20	30.0	6796	5318	5436	11596	11313	8237	7749
0:28:24	30.0	6777	5354	5424	11551	11343	8228	7743
0:28:28	30.0	6791	5368	5423	11592	11449	8252	7720
0:28:32	30.0	6765	5392	5407	11595	11295	8277	7732
0:28:36	30.0	6786	5360	5538	11677	11420	8229	7799
0:28:40	30.0	6804	5379	5451	11645	11303	8226	7772
0:28:44	30.0	6781	5382	5468	11586	11474	8275	7785
0:28:48	30.0	6806	5383	5392	11677	11362	8240	7770
0:28:52	30.0	6772	5352	5445	11759	11405	8358	7745
0:28:56	30.0	6811	5341	5478	11682	11448	8301	7737
0:29:00	30.0	6831	5378	5468	11724	11435	8248	7777
0:29:04	30.0	6797	5346	5493	11825	11434	8280	7801
0:29:08	30.0	6838	5374	5413	11782	11562	8315	7833
0:29:12	30.0	6770	5395	5417	11899	11430	8232	7854
0:29:16	30.0	6780	5409	5443	11741	11433	8251	7790
0:29:20	30.0	6743	5376	5442	11788	11474	8239	7852
0:29:24	30.0	6789	5387	5481	11797	11567	8285	7737
0:29:28	30.0	6861	5397	5427	11842	11502	8284	7804
0:29:32	30.0	6806	5339	5437	11789	11602	8191	7860
0:29:36	30.0	6817	5367	5416	11788	11622	8354	7800
0:29:40	30.0	6791	5342	5475	11814	11621	8304	7822
0:29:44	30.0	6854	5349	5420	11788	11537	8330	7817
0:29:48	30.0	6814	5401	5444	11745	11621	8353	7763
0:29:52	30.0	6771	5322	5380	11885	11643	8266	7852
0:29:56	30.0	6746	5278	5434	11895	11619	8393	7778
0:30:00	30.0	6800	5394	5446	11835	11580	8332	7800
0:30:04	30.0	6868	5368	5463	11927	11691	8338	7818
0:30:08	30.0	6786	5390	5409	12044	11731	8376	7781
0:30:12	30.0	6797	5426	5407	11887	11578	8364	7878
0:30:16	30.0	6812	5401	5447	11944	11736	8422	7852
0:30:20	30.1	6770	5343	5467	12023	11553	8405	7900
0:30:24	30.0	6832	5367	5469	11946	11855	8259	7900
0:30:28	30.0	6789	5361	5463	12036	11734	8415	7889
0:30:32	30.0	6817	5355	5418	11946	11739	8436	7888
0:30:36	30.0	6810	5392	5450	11963	11659	8450	7861
0:30:40	30.0	6887	5374	5438	11999	11750	8395	7893
0:30:44	30.0	6813	5421	5466	12047	11721	8368	7911
0:30:48	30.0	6852	5350	5389	12004	11822	8337	7859
0:30:52	30.0	6837	5379	5448	12015	11742	8399	7879
0:30:56	29.9	6823	5342	5418	12055	11855	8379	7795
0:31:00	30.0	6794	5380	5442	12054	11812	8400	7839
0:31:04	30.0	6844	5377	5458	12050	11754	8410	7911
0:31:08	30.0	6805	5361	5452	12117	11753	8441	7869
0:31:12	30.0	6824	5375	5388	12176	11853	8406	7866
0:31:16	30.0	6785	5370	5412	12136	11824	8416	7899
0:31:20	30.0	6827	5337	5432	12156	11814	8435	7901
0:31:24	30.0	6838	5400	5407	12163	11910	8418	7816
0:31:28	30.0	6834	5333	5392	12155	11817	8435	7899
0:31:32	30.0	6810	5375	5478	12162	11899	8458	7904
0:31:36	30.0	6808	5382	5423	12086	11797	8476	7894
0:31:40	30.0	6810	5361	5459	12251	11833	8402	7930
0:31:44	30.0	6864	5426	5452	12170	11963	8421	7929
0:31:48	30.0	6804	5296	5419	12154	11967	8488	7892
0:31:52	30.1	6857	5386	5444	12198	11963	8408	7938
0:31:56	30.1	6816	5384	5372	12218	11971	8441	7904
0:32:00	30.0	6760	5349	5388	12204	12038	8514	7894
0:32:04	30.0	6846	5399	5367	12187	11974	8424	7903
0:32:08	30.0	6860	5352	5413	12342	11959	8438	7976
0:32:12	30.0	6842	5329	5426	12387	11902	8535	7992
0:32:16	30.0	6899	5324	5424	12355	11958	8477	7969
0:32:20	30.0	6805	5350	5421	12212	11899	8444	7943
0:32:24	30.0	6814	5333	5452	12301	12096	8512	7895
0:32:28	30.0	6838	5356	5431	12411	12105	8481	7984
0:32:32	30.0	6845	5383	5419	12380	12086	8556	7926
0:32:36	30.0	6873	5359	5413	12393	12031	8559	8018
0:32:40	30.0	6853	5355	5391	12366	12101	8530	7953
0:32:44	30.0	6787	5380	5388	12332	12123	8550	7974
0:32:48	30.0	6895	5316	5431	12508	12097	8554	8011
0:32:52	30.0	6863	5343	5427	12379	12211	8539	7986
0:32:56	30.0	6837	5355	5432	12449	12013	8591	7984
0:33:00	30.0	6832	5368	5421	12544	12203	8562	8049
0:33:04	30.0	6825	5353	5396	12489	12148	8588	8037
0:33:08	30.0	6922	5409	5475	12486	12227	8553	8009
0:33:12	30.0	6857	5381	5399	12459	12189	8526	7996
0:33:16	30.0	6784	5374	5437	12564	12216	8623	8083
0:33:20	30.0	6869	5343	5389	12487	12154	8598	8013
0:33:24	30.0	6846	5344	5449	12493	12168	8566	8005
0:33:28	30.0	6891	5314	5390	12507	12273	8631	7973
0:33:32	30.0	6864	5356	5426	12549	12229	8625	7997
0:33:36	30.0	6835	5390	5421	12556	12181	8621	7990
0:33:40	30.0	6860	5335	5418	12633	12180	8650	7968
0:33:44	30.0	6867	5305	5385	12615	12271	8612	8054
0:33:48	30.0	6878	5311	5425	12567	12264	8613	8105
0:33:52	30.0	6927	5362	5413	12600	12249	8638	8044
0:33:56	30.0	6855	5333	5410	12581	12389	8700	8055
0:34:00	30.0	6901	5385	5408	12670	12303	8645	8052
0:34:04	30.0	6902	5291	5398	12742	12351	8611	8082
0:34:08	30.0	6932	5362	5382	12608	12383	8619	8105
0:34:12	30.0	6904	5339	5415	12556	12309	8647	8100
0:34:16	30.0	6919	5332	5344	12775	12372	8699	8047
0:34:20	30.0	6863	5372	5428	12671	12275	8686	8028
0:34:24	30.0	6870	5419	5415	12735	12468	8610	8098
0:34:28	30.0	6912	5353	5417	12676	12456	8662	8123
0:34:32	30.0	6878	5400	5406	12694	12484	8756	8018
0:34:36	30.0	6876	5361	5411	12781	12345	8622	8133
0:34:40	30.1	6852	5355	5443	12658	12365	8668	8060
0:34:44	30.0	6893	5376	5391	12743	12373	8684	8066
0:34:48	30.0	6905	5351	5421	12756	12429	8749	8118
0:34:52	30.0	6912	5381	5423	12779	12447	8720	8086
0:34:56	30.0	6889	5399	5438	12793	12477	8695	8076
0:35:00	30.0	6926	5317	5441	12769	12468	8710	8075
0:35:04	30.0	6876	5341	5401	12782	12382	8692	8112
0:35:08	30.0	6886	5396	5409	12800	12471	8711	8174
0:35:12	30.0	6879	5312	5462	12904	12562	8771	8090
0:35:16	30.0	6885	5345	5466	12833	12484	8705	8156
0:35:20	30.0	6857	5365	5390	12871	12664	8715	8141
0:35:24	30.0	6900	5322	5447	12947	12555	8734	8205
0:35:28	30.0	6901	5358	5405	12930	12521	8723	8085
0:35:32	30.0	6906	5390	5421	12907	12572	8745	8160
0:35:36	30.0	6916	5373	5421	13050	12562	8695	8166
0:35:40	30.0	6925	5356	5398	12948	12562	8780	8119
0:35:44	30.0	6885	5352	5423	12945	12603	8741	8191
0:35:48	30.0	6916	5334	5406	12914	12611	8721	8177
0:35:52	30.0	6873	5300	5367	12903	12569	8787	8147
0:35:56	30.0	6926	5398	5421	13102	12657	8763	8201
0:36:00	30.0	6857	5360	5435	12970	12788	8765	8137
0:36:04	30.0	6920	5343	5352	12990	12625	8856	8221
0:36:08	30.0	6874	5371	5398	12917	12784	8761	8207
0:36:12	30.0	6931	5275	5422	13052	12627	8773	8171
0:36:16	30.0	6778	5370	5403	13132	12647	8781	8112
0:36:20	30.0	6921	5325	5401	13045	12845	8793	8136
0:36:24	30.0	6899	5326	5377	13076	12710	8825	8173
0:36:28	30.0	6924	5343	5399	13037	12637	8749	8216
0:36:32	30.0	6953	5342	5425	13019	12718	8849	8191
0:36:36	30.0	6883	5368	5425	13039	12821	8891	8215
0:36:40	30.0	6999	5308	5393	12973	12784	8785	8214
0:36:44	30.0	6899	5347	5415	13244	12840	8811	8160
0:36:48	30.0	6937	5337	5389	13027	12835	8838	8191
0:36:52	30.0	6888	5346	5409	13134	12911	8855	8214
0:36:56	30.0	6911	5340	5417	13101	12810	8849	8218
0:37:00	30.0	6995	5360	5427	13117	12866	8892	8303
0:37:04	30.0	6948	5371	5370	13165	12773	8858	8234
0:37:08	30.0	6928	5361	5394	13099	12863	8853	8201
0:37:12	30.0	6917	5325	5379	13081	12840	8871	8193
0:37:16	30.0	6959	5281	5429	13195	12787	8881	8176
0:37:20	30.0	6885	5333	5384	13275	12771	8864	8265
0:37:24	30.0	6949	5397	5415	13123	12772	8800	8319
0:37:28	30.0	6908	5368	5410	13236	12864	8858	8272
0:37:32	30.0	6924	5292	5389	13219	12951	8881	8287
0:37:36	30.0	6968	5346	5412	13290	12803	8964	8360
0:37:40	30.0	6874	5283	5416	13245	12970	8844	8286
0:37:44	30.0	6912	5338	5450	13236	12998	8937	8221
0:37:48	30.0	6933	5345	5418	13291	12865	8924	8236
0:37:52	30.0	6923	5357	5430	13327	12959	8946	8218
0:37:56	30.0	6921	5332	5435	13346	12961	8923	8280
0:38:00	30.0	6957	5290	5428	13295	12964	8929	8286
0:38:04	30.0	6925	5380	5361	13411	13010	8882	8329
0:38:08	30.0	6949	5371	5385	13273	13021	8954	8336
0:38:12	30.0	6985	5337	5407	13443	13028	8912	8324
0:38:16	30.0	6900	5293	5310	13407	13099	8893	8275
0:38:20	30.0	6897	5310	5399	13350	13095	8911	8337
0:38:24	30.0	6946	5324	5367	13293	12941	8951	8292
0:38:28	30.0	6944	5354	5356	13462	13094	8903	8257
0:38:32	30.0	6971	5304	5406	13365	13054	8980	8379
0:38:36	30.0	6990	5358	5369	13445	13063	8944	8315
0:38:40	30.0	6929	5342	5414	13385	13089	8904	8297
0:38:44	30.0	6997	5312	5431	13422	12966	9061	8281
0:38:48	30.0	6908	5357	5411	13428	13216	9001	8290
0:38:52	30.0	6988	5335	5448	13380	13163	8934	8314
0:38:56	30.0	6932	5340	5415	13501	13143	8941	8349
0:39:00	30.0	6984	5356	5384	13462	13103	9047	8386
0:39:04	30.0	6955	5364	5421	13509	13215	8955	8346
0:39:08	30.0	6985	5328	5383	13505	13127	8993	8317
0:39:12	30.0	6909	5357	5382	13562	13177	9003	8390
0:39:16	30.0	6956	5372	5396	13548	13254	8967	8307
0:39:20	30.0	7018	5349	5435	13584	13078	9045	8325
0:39:24	30.0	7024	5353	5338	13553	13167	8979	8324
0:39:28	30.0	6936	5325	5434	13627	13262	9009	8419
0:39:32	30.0	6934	5352	5352	13516	13238	9058	8317
0:39:36	30.0	6929	5349	5413	13689	13288	9048	8328
0:39:40	30.0	6981	5339	5413	13593	13265	8967	8376
0:39:44	30.0	6947	5336	5409	13681	13209	8966	8395
0:39:48	30.0	6999	5303	5430	13675	13356	9042	8397
0:39:52	30.0	6969	5327	5401	13604	13306	9083	8432
0:39:56	30.0	7028	5357	5397	13694	13255	9043	8396
0:40:00	30.0	6984	5343	5420	13638	13344	9044	8387
0:40:04	30.0	6999	5391	5389	13632	13356	9081	8344
0:40:08	30.0	6987	5349	5348	13717	13276	9064	8429
0:40:12	30.0	7040	5307	5368	13687	13378	9014	8358
0:40:16	30.0	6985	5344	5376	13674	13299	9121	8342
0:40:20	30.0	6973	5383	5383	13711	13333	9052	8422
0:40:24	30.0	6959	5364	5399	13791	13377	9061	8415
0:40:28	30.0	6976	5311	5355	13737	13442	9186	8397
0:40:32	30.0	6991	5312	5388	13656	13380	9155	8436
0:40:36	30.0	7005	5371	5374	13833	13392	9132	8386
0:40:40	30.0	7006	5349	5421	13809	13436	9124	8526
0:40:44	30.0	7013	5373	5394	13831	13434	9096	8352
0:40:48	30.0	6994	5349	5405	13780	13559	9151	8424
0:40:52	30.0	6926	5365	5411	13918	13431	9135	8455
0:40:56	30.0	7015	5334	5370	13778	13403	9072	8482
0:41:00	30.0	7008	5366	5348	13744	13495	9178	8426
0:41:04	30.0	7043	5299	5408	13783	13501	9141	8496
0:41:08	30.0	7031	5286	5428	13906	13480	9175	8418
0:41:12	30.0	7053	5301	5383	14049	13581	9195	8496
0:41:16	30.0	6980	5340	5398	13830	13597	9195	8390
0:41:20	30.0	6983	5315	5406	13891	13583	9283	8412
0:41:24	30.0	7011	5343	5389	13852	13567	9227	8479
0:41:28	30.0	7034	5377	5373	13992	13670	9185	8521
0:41:32	30.0	7033	5354	5367	13922	13479	9171	8474
0:41:36	30.0	7038	5363	5383	14010	13532	9206	8486
0:41:40	30.0	7004	5309	5390	13929	13527	9172	8513
0:41:44	30.0	7026	5319	5373	14019	13566	9217	8504
0:41:48	30.0	7008	5321	5409	13905	13600	9229	8536
0:41:52	30.0	7094	5333	5351	14031	13618	9185	8489
0:41:56	30.0	7006	5307	5391	13883	13706	9243	8433
0:42:00	30.0	6992	5334	5398	13969	13683	9192	8518
0:42:04	30.0	7030	5378	5408	14031	13610	9239	8503
0:42:08	30.1	6987	5279	5400	14045	13623	9140	8502
0:42:12	30.0	7059	5344	5428	14089	13650	9194	8485
0:42:16	30.0	6991	5295	5363	14136	13647	9258	8515
0:42:20	30.0	6996	5347	5404	14095	13729	9215	8542
0:42:24	30.0	7073	5299	5361	14136	13611	9201	8507
0:42:28	30.0	7076	5336	5400	14141	13644	9263	8473
0:42:32	30.0	7000	5329	5396	14062	13765	9284	8511
0:42:36	30.0	7048	5311	5425	14178	13765	9295	8442
0:42:40	30.0	7057	5335	5449	14091	13734	9213	8516
0:42:44	30.0	6996	5350	5331	14235	13801	9292	8501
0:42:48	30.0	7077	5345	5416	14138	13785	9300	8540
0:42:52	30.0	7010	5318	5385	14133	13791	9282	8569
0:42:56	30.0	7032	5391	5343	14075	13815	9274	8584
0:43:00	30.0	7021	5299	5388	14143	13857	9221	8560
0:43:04	30.1	7049	5350	5353	14213	13745	9292	8524
0:43:08	30.0	7023	5327	5403	14148	13731	9313	8532
0:43:12	30.0	7028	5324	5396	14179	13836	9344	8551
0:43:16	30.0	7049	5279	5350	14281	13899	9238	8531
0:43:20	30.0	7070	5347	5421	14190	13944	9206	8578
0:43:24	30.0	7052	5330	5386	14249	13894	9228	8568
0:43:28	30.0	6972	5304	5368	14222	13774	9321	8539
0:43:32	30.0	7097	5327	5374	14227	13825	9367	8529
0:43:36	29.9	7034	5286	5392	14361	14017	9320	8570
0:43:40	30.0	7063	5267	5436	14353	13886	9374	8591
0:43:44	30.0	7068	5330	5418	14242	13846	9311	8593
0:43:48	30.0	7079	5325	5350	14189	13901	9395	8536
0:43:52	30.0	7085	5324	5355	14322	14048	9345	8662
0:43:56	30.0	7051	5363	5408	14274	13965	9343	8557
0:44:00	30.0	7079	5280	5416	14392	13910	9322	8580
0:44:04	30.0	7089	5330	5369	14329	13977	9303	8612
0:44:08	30.0	7055	5306	5379	14475	13941	9406	8592
0:44:12	30.0	7030	5318	5356	14337	14096	9349	8603
0:44:16	30.0	7065	5312	5367	14439	13935	9396	8628
0:44:20	30.0	7025	5301	5364	14379	14103	9414	8574
0:44:24	30.0	7075	5345	5394	14352	14168	9425	8630
0:44:28	30.0	7039	5337	5408	14337	13959	9388	8565
0:44:32	30.0	7042	5412	5387	14461	14004	9383	8601
0:44:36	30.0	7103	5279	5343	14425	14093	9379	8561
0:44:40	30.0	7075	5310	5402	14588	14003	9410	8747
0:44:44	30.0	6995	5282	5381	14447	13996	9402	8626
0:44:48	30.0	7089	5330	5417	14478	14109	9392	8652
0:44:52	30.0	7036	5333	5375	14493	14059	9396	8681
0:44:56	30.0	7047	5331	5351	14400	14059	9386	8616
0:45:00	30.0	7078	5272	5365	14488	14191	9425	8707
0:45:04	30.0	7049	5344	5402	14591	14110	9521	8675
0:45:08	30.0	7077	5383	5385	14578	14153	9432	8658
0:45:12	30.0	7078	5289	5356	14532	14016	9523	8627
0:45:16	30.0	7078	5319	5381	14389	14222	9392	8676
0:45:20	30.0	7072	5308	5360	14524	14197	9539	8723
0:45:24	30.0	7071	5304	5356	14654	14186	9496	8723
0:45:28	30.0	7120	5335	5355	14623	14173	9501	8666
0:45:32	30.0	7143	5346	5403	14556	14291	9416	8730
0:45:36	30.0	7068	5282	5363	14557	14244	9396	8749
0:45:40	30.0	7094	5305	5414	14722	14262	9476	8741
0:45:44	30.0	7026	5340	5348	14555	14178	9469	8686
0:45:48	30.0	7123	5324	5396	14688	14321	9461	8725
0:45:52	30.0	7053	5296	5342	14723	14367	9417	8679
0:45:56	30.0	7100	5268	5291	14636	14258	9522	8755
0:46:00	30.0	7094	5294	5358	14705	14134	9467	8741
0:46:04	30.0	7099	5353	5380	14732	14318	9503	8781
0:46:08	30.0	7053	5345	5385	14644	14365	9422	8627
0:46:12	30.0	7105	5285	5352	14785	14314	9498	8753
0:46:16	30.0	7071	5350	5330	14797	14229	9536	8622
0:46:20	30.0	7045	5356	5368	14614	14351	9571	8740
0:46:24	30.0	7089	5305	5396	14774	14273	9470	8716
0:46:28	30.0	7103	5358	5378	14718	14269	9552	8759
0:46:32	30.0	7101	5347	5377	14903	14353	9509	8769
0:46:36	30.0	7108	5342	5416	14669	14265	9597	8674
0:46:40	30.0	7174	5283	5398	14736	14363	9533	8741
0:46:44	30.0	7123	5312	5363	14812	14413	9543	8769
0:46:48	30.0	7107	5302	5369	14871	14300	9547	8831
0:46:52	30.0	7129	5282	5391	14898	14423	9585	8730
0:46:56	30.0	7147	5307	5411	14714	14333	9451	8783
0:47:00	30.0	7055	5307	5355	14842	14427	9556	8742
0:47:04	30.0	7130	5289	5393	14766	14533	9576	8747
0:47:08	30.0	7078	5280	5345	14750	14496	9546	8698
0:47:12	30.0	7078	5311	5387	14785	14355	9478	8825
0:47:16	30.0	7145	5276	5416	14850	14457	9579	8768
0:47:20	30.0	7102	5286	5419	14941	14338	9607	8770
0:47:24	30.0	7092	5270	5404	14916	14450	9590	8743
0:47:28	30.0	7064	5311	5355	14802	14514	9587	8821
0:47:32	30.0	7141	5308	5372	14815	14554	9651	8803
0:47:36	30.0	7079	5344	5327	14899	14595	9622	8696
0:47:40	30.1	7148	5295	5311	14867	14473	9502	8827
0:47:44	30.0	7137	5276	5374	14792	14490	9596	8902
0:47:48	30.0	7120	5314	5327	14944	14609	9674	8847
0:47:52	30.0	7145	5342	5345	14972	14576	9630	8765
0:47:56	30.0	7109	5317	5414	14845	14692	9705	8815
0:48:00	30.0	7144	5306	5375	14993	14541	9584	8846
0:48:04	30.0	7161	5313	5375	15040	14622	9649	8847
0:48:08	30.0	7106	5344	5430	15045	14615	9624	8812
0:48:12	30.0	7080	5318	5371	14934	14563	9757	8786
0:48:16	30.0	7142	5359	5341	14983	14498	9669	8821
0:48:20	30.0	7105	5311	5361	14987	14568	9640	8821
0:48:24	30.0	7100	5322	5369	15115	14664	9671	8841
0:48:28	30.0	7205	5319	5361	15111	14620	9749	8895
0:48:32	30.0	7162	5322	5405	14986	14759	9713	8827
0:48:36	30.0	7105	5303	5327	14970	14710	9722	8812
0:48:40	30.0	7177	5295	5389	15056	14611	9614	8872
0:48:44	30.0	7118	5283	5379	15006	14718	9695	8925
0:48:48	30.0	7096	5334	5394	15077	14625	9641	8869
0:48:52	30.0	7145	5284	5405	15166	14708	9665	8850
0:48:56	30.0	7165	5303	5441	15132	14768	9676	8833
0:49:00	30.0	7195	5281	5331	15080	14644	9704	8880
0:49:04	30.0	7117	5322	5378	15161	14588	9694	8890
0:49:08	30.0	7154	5279	5351	15151	14727	9710	8885
0:49:12	30.0	7130	5342	5317	14977	14650	9706	8886
0:49:16	30.0	7175	5346	5363	15152	14726	9690	8968
0:49:20	30.0	7169	5259	5356	15256	14609	9762	8930
0:49:24	30.0	7132	5294	5339	15088	14672	9726	8937
0:49:28	30.0	7177	5383	5364	15127	14681	9681	8999
0:49:32	30.0	7130	5286	5340	15168	14811	9732	8887
0:49:36	30.0	7161	5299	5312	15259	14884	9717	8863
0:49:40	30.0	7193	5288	5351	15131	14777	9707	8958
0:49:44	30.0	7175	5329	5385	15160	14917	9735	8984
0:49:48	30.0	7170	5289	5389	15233	14824	9683	8868
0:49:52	30.0	7195	5333	5356	15143	14759	9752	8874
0:49:56	30.0	7173	5335	5332	15263	14855	9701	8887
0:50:00	30.0	7179	5267	5316	15278	14739	9723	8909
0:50:04	30.0	7177	5343	5377	15300	14772	9731	8978
0:50:08	30.0	7159	5323	5399	15236	14915	9716	8918
0:50:12	30.0	7161	5316	5313	15214	14841	9789	8915
0:50:16	30.0	7158	5299	5353	15290	14870	9817	8922
0:50:20	30.0	7184	5286	5369	15414	14826	9776	8973
0:50:24	30.0	7236	5293	5345	15245	14842	9842	8988
0:50:28	30.0	7175	5279	5334	15293	14956	9818	8944
0:50:32	30.0	7141	5302	5380	15323	14870	9852	8971
0:50:36	30.0	7208	5309	5400	15367	14796	9778	8963
0:50:40	30.0	7169	5263	5388	15342	14867	9807	8916
0:50:44	30.0	7136	5322	5363	15414	15022	9706	8956
0:50:48	30.0	7189	5300	5398	15359	14984	9852	8976
0:50:52	30.0	7189	5292	5356	15310	14976	9815	8957
0:50:56	30.0	7217	5309	5368	15412	15060	9827	8937
0:51:00	30.0	7191	5376	5331	15531	14962	9837	8976
0:51:04	30.0	7134	5330	5351	15347	14990	9871	8978
0:51:08	30.0	7222	5315	5357	15369	15006	9911	9079
0:51:12	30.0	7161	5288	5321	15521	15013	9853	8942
0:51:16	30.0	7182	5251	5360	15378	14910	9807	8942
0:51:20	30.0	7197	5308	5341	15436	15053	9861	8967
0:51:24	30.0	7229	5317	5349	15385	14942	9914	9015
0:51:28	30.0	7147	5280	5368	15403	15035	9865	9008
0:51:32	30.0	7224	5310	5340	15552	15213	9805	8932
0:51:36	30.0	7197	5297	5330	15606	15032	9829	9021
0:51:40	30.0	7196	5347	5384	15397	15088	9893	9003
0:51:44	30.0	7152	5292	5379	15407	15041	9911	8960
0:51:48	30.0	7153	5298	5355	15592	15117	9886	8977
0:51:52	30.0	7218	5300	5339	15448	15196	10042	9013
0:51:56	30.0	7192	5277	5330	15608	15178	9934	9106
0:52:00	30.0	7198	5286	5341	15408	15255	9873	9114
0:52:04	30.0	7184	5272	5397	15630	15132	9904	8992
0:52:08	30.0	7256	5270	5337	15591	15107	9902	9112
0:52:12	30.0	7162	5292	5341	15545	15061	9905	9045
0:52:16	30.0	7233	5299	5346	15619	15085	9932	9058
0:52:20	30.0	7235	5288	5363	15706	15129	10030	9000
0:52:24	30.0	7275	5279	5423	15434	15163	9856	9111
0:52:28	30.0	7203	5315	5359	15800	15211	9953	9047
0:52:32	30.0	7195	5294	5343	15568	15186	10013	9017
0:52:36	30.0	7208	5272	5345	15608	15344	9962	9177
0:52:40	30.0	7247	5295	5328	15551	15113	10010	9032
0:52:44	30.0	7238	5325	5418	15720	15201	10016	9047
0:52:48	30.0	7238	5282	5339	15740	15314	9985	9062
0:52:52	30.0	7274	5264	5356	15622	15279	9856	9062
0:52:56	30.0	7191	5257	5323	15716	15255	9937	9124
0:53:00	30.0	7248	5270	5325	15754	15372	10015	9161
0:53:04	30.0	7284	5273	5377	15567	15430	9943	9124
0:53:08	30.0	7166	5302	5379	15638	15249	9976	9121
0:53:12	30.0	7212	5345	5286	15692	15326	10034	9070
0:53:16	30.0	7211	5318	5364	15742	15385	9964	9176
0:53:20	30.0	7214	5305	5346	15796	15290	10067	9207
0:53:24	30.0	7294	5300	5305	15692	15470	9954	9148
0:53:28	30.0	7249	5288	5372	15745	15463	10019	9108
0:53:32	30.0	7268	5282	5381	15785	15395	9995	9151
0:53:36	30.0	7217	5299	5349	15709	15454	10025	9070
0:53:40	30.0	7275	5258	5334	15778	15275	9980	9067
0:53:44	30.0	7251	5299	5392	15809	15470	9973	9142
0:53:48	30.0	7198	5280	5379	15822	15299	10063	9107
0:53:52	30.0	7218	5293	5356	15699	15362	10058	9118
0:53:56	30.0	7173	5311	5355	15717	15386	10016	9090
0:54:00	30.0	7228	5332	5393	15782	15345	10074	9148
0:54:04	30.0	7235	5272	5329	15816	15448	10132	9065
0:54:08	30.0	7243	5242	5371	15866	15534	10041	9140
0:54:12	30.0	7178	5259	5358	15735	15383	10059	9221
0:54:16	30.0	7267	5324	5387	15883	15503	10062	9105
0:54:20	30.0	7209	5323	5335	15971	15374	10024	9183
0:54:24	30.0	7251	5320	5361	15836	15473	10025	9213
0:54:28	30.0	7281	5330	5336	15791	15429	10088	9166
0:54:32	30.0	7315	5237	5357	16023	15437	10102	9186
0:54:36	30.0	7286	5320	5388	15988	15586	10122	9211
0:54:40	30.0	7219	5277	5367	15830	15568	10100	9091
0:54:44	30.0	7231	5268	5374	15987	15545	10100	9150
0:54:48	30.0	7201	5297	5371	15846	15516	10082	9147
0:54:52	30.0	7255	5284	5359	15975	15460	10150	9156
0:54:56	30.0	7265	5305	5356	15904	15524	10181	9185
0:55:00	30.0	7311	5296	5353	15842	15505	10150	9097
0:55:04	30.0	7254	5304	5309	15931	15539	10095	9204
0:55:08	30.0	7230	5249	5337	15862	15546	10196	9180
0:55:12	30.0	7259	5215	5325	16004	15688	10158	9170
0:55:16	30.0	7273	5282	5329	15937	15634	10119	9186
0:55:20	30.0	7316	5290	5338	15905	15637	10073	9208
0:55:24	30.0	7305	5262	5360	15910	15697	10065	9229
0:55:28	30.0	7299	5306	5372	15999	15567	10198	9221
0:55:32	30.0	7263	5273	5378	16021	15664	10231	9229
0:55:36	30.0	7264	5265	5383	16119	15771	10234	9268
0:55:40	30.0	7290	5271	5325	15886	15659	10090	9172
0:55:44	30.0	7309	5298	5345	16133	15660	10131	9280
0:55:48	30.0	7225	5309	5374	16078	15685	10235	9310
0:55:52	30.0	7282	5314	5346	16195	15774	10216	9181
0:55:56	30.0	7289	5308	5353	16073	15663	10112	9210
0:56:00	30.0	7247	5325	5397	16140	15651	10156	9185
0:56:04	30.0	7277	5333	5336	16059	15734	10154	9179
0:56:08	30.0	7326	5304	5357	15906	15744	10252	9218
0:56:12	30.0	7304	5329	5314	16182	15679	10323	9300
0:56:16	30.0	7300	5241	5375	16034	15693	10155	9297
0:56:20	30.0	7288	5268	5336	16195	15607	10263	9215
0:56:24	30.0	7346	5323	5359	16030	15767	10238	9282
0:56:28	30.0	7266	5316	5377	16097	15692	10331	9239
0:56:32	30.0	7279	5256	5372	16208	15819	10239	9249
0:56:36	30.0	7331	5321	5343	16242	15661	10258	9201
0:56:40	30.0	7300	5309	5354	16161	15790	10251	9239
0:56:44	30.0	7299	5288	5341	16159	15725	10217	9375
0:56:48	30.0	7269	5281	5334	16149	15783	10206	9300
0:56:52	30.0	7339	5289	5380	16101	15807	10310	9189
0:56:56	30.0	7382	5286	5319	16270	15784	10195	9301
0:57:00	30.0	7211	5262	5340	16189	15902	10210	9395
0:57:04	30.0	7335	5292	5354	16244	15818	10312	9352
0:57:08	30.0	7337	5270	5332	16114	15792	10184	9380
0:57:12	30.0	7340	5318	5357	16209	15880	10321	9266
0:57:16	30.0	7277	5295	5354	16181	15864	10257	9214
0:57:20	30.0	7319	5273	5377	16181	15857	10268	9353
0:57:24	30.0	7344	5287	5371	16308	15932	10278	9302
0:57:28	29.9	7332	5305	5353	16299	15895	10279	9289
0:57:32	30.0	7271	5283	5320	16369	15767	10291	9373
0:57:36	30.0	7308	5290	5380	16213	15959	10331	9361
0:57:40	30.1	7306	5269	5326	16324	15847	10368	9333
0:57:44	30.1	7286	5264	5355	16354	15976	10364	9291
0:57:48	30.1	7339	5305	5329	16255	15806	10385	9335
0:57:52	30.0	7325	5275	5341	16256	15898	10319	9301
0:57:56	30.0	7351	5314	5337	16289	15837	10397	9374
0:58:00	30.0	7335	5301	5322	16441	15903	10291	9297
0:58:04	30.0	7395	5326	5367	16353	15880	10395	9397
0:58:08	30.0	7311	5285	5406	16328	16073	10350	9310
0:58:12	30.0	7304	5303	5289	16339	15926	10290	9359
0:58:16	30.0	7344	5276	5304	16472	15938	10396	9396
0:58:20	30.0	7365	5255	5350	16316	15830	10342	9446
0:58:24	30.0	7342	5254	5336	16410	15908	10306	9407
0:58:28	30.0	7344	5305	5332	16405	15978	10321	9373
0:58:32	30.0	7353	5272	5320	16329	15965	10390	9354
0:58:36	30.0	7374	5278	5357	16507	15940	10408	9419
0:58:40	30.0	7318	5278	5326	16495	15914	10395	9381
0:58:44	30.0	7281	5238	5345	16443	16042	10462	9370
0:58:48	30.0	7379	5224	5357	16449	16025	10454	9383
0:58:52	30.0	7322	5276	5370	16360	16072	10424	9407
0:58:56	30.0	7347	5319	5321	16491	15970	10322	9457
0:59:00	30.0	7358	5274	5337	16444	16175	10348	9445
0:59:04	30.0	7351	5265	5323	16337	16011	10373	9344
0:59:08	30.0	7319	5278	5356	16474	15952	10480	9393
0:59:12	30.0	7290	5269	5313	16654	15941	10461	9481
0:59:16	30.0	7333	5336	5347	16445	16080	10415	9478
0:59:20	30.0	7344	5236	5325	16471	16136	10378	9403
0:59:24	30.0	7339	5300	5392	16416	16009	10428	9476
0:59:28	30.0	7326	5319	5366	16553	16052	10405	9424
0:59:32	30.0	7414	5275	5365	16502	16197	10422	9445
0:59:36	30.0	7348	5333	5336	16498	16086	10357	9494
0:59:40	30.0	7386	5298	5329	16510	16091	10446	9421
0:59:44	30.0	7355	5252	5343	16434	16130	10412	9521
0:59:48	30.0	7380	5262	5355	16464	16193	10476	9382
0:59:52	30.0	7359	5255	5319	16498	16147	10461	9423
0:59:56	30.0	7352	5281	5356	16613	16165	10396	9397
1:00:00	30.0	7377	5224	5336	16513	16214	10490	9409

Results
	1	2	3	4	5	6	7	8	9	10	11	12
A													Max V [425,457]
													R-Squared [425,457]
													t at Max V [425,457]
													Lagtime [425,457]
B													Max V [425,457]
													R-Squared [425,457]
													t at Max V [425,457]
													Lagtime [425,457]
C													Max V [425,457]
													R-Squared [425,457]
													t at Max V [425,457]
													Lagtime [425,457]
D													Max V [425,457]
													R-Squared [425,457]
													t at Max V [425,457]
													Lagtime [425,457]
E													Max V [425,457]
													R-Squared [425,457]
													t at Max V [425,457]
													Lagtime [425,457]
F													Max V [425,457]
													R-Squared [425,457]
													t at Max V [425,457]
													Lagtime [425,457]
G	-2565000.000	-1995000.000	1965000.000	5490000.000	4530000.000	-2610000.000	2790000.000						Max V [425,457]
	1.000	1.000	1.000	1.000	1.000	1.000	1.000						R-Squared [425,457]
	0:56:58	0:44:34	0:27:06	0:52:26	0:30:22	0:52:22	0:44:38						t at Max V [425,457]
	0:57:23	0:44:30	0:27:07	0:50:44	0:29:11	0:53:46	0:43:48						Lagtime [425,457]
H													Max V [425,457]
													R-Squared [425,457]
													t at Max V [425,457]
													Lagtime [425,457]

