

Software Version	3.03.14



Experiment File Path:	C:\Users\Public\Documents\Experiments\Tina\20190128_GAP_assay.xpt
Protocol File Path:	C:\Users\Public\Documents\Protocols\Tina\GAP_sensor_assay.prt



Plate Number	Plate 1
Date	1/28/2019
Time	4:47:10 PM
Reader Type:	Synergy H1
Reader Serial Number:	1803011C
Reading Type	Reader

Procedure Details

Plate Type	Costar 96 well half area
Set Temperature	Setpoint 30°C
Start Kinetic	Runtime 1:20:00 (HH:MM:SS), Interval 0:00:05, 961 Reads
    Read	Fluorescence Endpoint
	C1..C12
	Filter Set 1
	    Excitation: 425,  Emission: 457
	    Optics: Bottom,  Gain: 57
	Light Source: Xenon Flash,  Lamp Energy: High
	Read Speed: Normal,  Delay: 0 msec,  Measurements/Data Point: 5
	Read Height: 7 mm
End Kinetic	

Layout
	1	2	3	4	5	6	7	8	9	10	11	12
A													Well ID
B													Well ID
C	SPL1	SPL2	SPL3	SPL4	SPL5	SPL6	SPL7	SPL8	SPL9	SPL10	SPL11	SPL12	Well ID
D													Well ID
E													Well ID
F													Well ID
G													Well ID
H													Well ID

425,457

Time	T° 425,457	C1	C2	C3	C4	C5	C6	C7	C8	C9	C10	C11	C12
0:00:00	30.0	7180	6961	7002	6967	6943	6881	7229	7033	7032	6953	6908	6970
0:00:05	30.0	7300	7043	7020	6947	6980	7043	7282	7101	7096	7023	6992	7023
0:00:10	30.0	7293	7140	7068	6981	7010	7004	7343	7119	7001	6950	6986	7035
0:00:15	30.0	7423	7123	7043	6970	7051	6966	7406	7067	7023	7026	7001	7042
0:00:20	30.0	7446	7103	7129	6974	6988	7038	7517	7177	7033	7026	7002	6971
0:00:25	30.0	7554	7172	7094	6970	7045	6989	7568	7199	7097	7036	6969	7092
0:00:30	30.0	7616	7171	7101	6993	7027	7009	7589	7138	7079	7031	7028	7037
0:00:35	30.0	7609	7231	7078	7059	6987	7009	7654	7179	7130	7001	7042	7037
0:00:40	30.0	7681	7209	7134	7014	7047	6990	7667	7182	7134	7010	7032	7082
0:00:45	30.0	7742	7131	7131	7047	7052	6982	7729	7193	7061	7043	7021	6976
0:00:50	30.0	7792	7269	7143	7012	7035	6993	7850	7245	7077	7036	7095	7058
0:00:55	30.0	7826	7191	7184	7032	7051	7073	7876	7246	7077	7035	7051	7027
0:01:00	30.0	7940	7277	7144	7037	7052	6986	7972	7276	7098	7041	7015	7036
0:01:05	30.0	7971	7297	7137	6968	7065	7030	7985	7333	7162	7065	7112	7103
0:01:10	30.0	8039	7312	7181	7017	7051	7012	8040	7338	7136	7026	7043	7024
0:01:15	30.0	8087	7310	7114	7037	7043	6988	8188	7325	7224	7033	7003	7021
0:01:20	30.0	8144	7348	7132	7025	7035	7041	8153	7366	7150	7036	7052	7084
0:01:25	30.0	8256	7357	7232	7048	7028	7041	8226	7343	7186	7052	7076	7032
0:01:30	30.0	8175	7383	7238	7084	7079	6968	8325	7344	7126	7076	7046	6990
0:01:35	30.0	8341	7447	7195	7054	7007	6992	8312	7388	7115	7099	7074	7040
0:01:40	30.0	8399	7384	7228	7083	7081	7031	8413	7449	7240	7055	7049	7051
0:01:45	30.0	8482	7415	7185	7073	7097	7044	8459	7444	7261	7064	7030	7035
0:01:50	30.0	8554	7424	7208	7086	7091	7044	8599	7412	7203	7067	7005	7063
0:01:55	30.0	8596	7401	7224	7115	7054	7043	8622	7521	7155	7039	7006	7022
0:02:00	30.0	8679	7442	7307	7054	7030	7069	8731	7497	7238	7069	7092	7051
0:02:05	30.0	8755	7595	7208	7016	7143	7051	8769	7507	7246	7075	7039	7002
0:02:10	30.0	8722	7524	7306	7126	7121	7033	8855	7579	7229	7108	7067	7118
0:02:15	30.0	8801	7562	7258	7057	7046	7077	8925	7474	7222	7059	7028	7071
0:02:20	30.0	8860	7543	7275	7087	7074	7103	8989	7582	7257	7111	7050	7044
0:02:25	30.0	8975	7588	7334	7059	7116	7093	9113	7631	7283	7040	7050	7064
0:02:30	30.0	9005	7602	7313	7139	7114	7099	9209	7582	7278	7137	7075	7043
0:02:35	30.0	9105	7621	7308	7102	7136	7118	9178	7600	7291	7033	7049	7115
0:02:40	30.0	9163	7602	7262	7047	7097	7085	9241	7614	7259	7063	7077	7071
0:02:45	30.0	9125	7673	7295	7106	7152	7081	9332	7681	7277	7108	7121	7133
0:02:50	30.0	9223	7670	7311	7092	7158	7115	9410	7722	7276	7046	7033	7097
0:02:55	30.0	9349	7622	7305	7120	7185	7034	9439	7709	7290	7077	7099	7101
0:03:00	30.0	9481	7642	7295	7190	7161	7098	9508	7657	7255	7083	6977	7064
0:03:05	30.0	9533	7702	7340	7175	7204	7098	9587	7822	7306	7079	7078	7038
0:03:10	30.0	9489	7675	7377	7151	7069	7072	9730	7810	7289	7086	7056	7067
0:03:15	30.1	9603	7746	7327	7101	7122	7066	9694	7734	7323	7114	7136	7065
0:03:20	30.0	9716	7757	7323	7157	7157	7130	9824	7826	7373	7086	7113	7127
0:03:25	30.0	9655	7786	7380	7222	7144	7074	9883	7826	7339	7127	7054	7099
0:03:30	30.0	9823	7725	7437	7080	7173	7037	9794	7809	7333	7115	7071	7056
0:03:35	30.0	9826	7791	7344	7117	7153	7083	9991	7815	7379	7129	7073	7123
0:03:40	30.0	9834	7758	7384	7162	7059	7087	10051	7857	7366	7120	7112	7042
0:03:45	30.0	9869	7851	7393	7113	7105	7052	10150	7861	7445	7124	7068	7100
0:03:50	30.0	10002	7819	7411	7110	7171	7112	10187	7820	7367	7156	7131	7051
0:03:55	30.0	10100	7894	7388	7104	7202	7098	10283	7883	7355	7107	7130	7144
0:04:00	30.1	10114	7819	7365	7166	7179	7147	10308	7843	7378	7158	7088	7083
0:04:05	30.1	10164	7887	7388	7176	7144	7027	10419	7914	7412	7146	7120	7106
0:04:10	30.1	10271	7909	7395	7144	7135	7089	10493	7939	7461	7133	7167	7114
0:04:15	30.0	10352	7875	7411	7173	7172	7044	10541	7953	7450	7131	7128	7121
0:04:20	30.0	10460	8027	7401	7164	7140	7108	10647	7903	7390	7166	7108	7069
0:04:25	30.0	10399	7987	7404	7165	7191	7094	10578	7978	7426	7164	7085	7114
0:04:30	30.0	10456	8019	7386	7146	7130	7163	10735	7986	7401	7202	7153	7099
0:04:35	30.0	10497	8059	7461	7193	7128	7052	10813	7893	7426	7151	7135	7110
0:04:40	30.0	10611	7967	7394	7154	7135	7085	10826	7964	7478	7185	7099	7114
0:04:45	30.0	10801	8013	7486	7201	7154	7101	10978	8063	7477	7138	7125	7138
0:04:50	30.0	10728	8073	7490	7173	7195	7094	11080	8088	7498	7254	7177	7139
0:04:55	30.0	10881	8078	7474	7182	7184	7069	11107	8048	7496	7198	7187	7149
0:05:00	30.0	10840	8106	7435	7187	7208	7091	11184	8061	7477	7203	7152	7124
0:05:05	30.0	10969	8113	7468	7234	7202	7119	11254	8108	7510	7209	7147	7142
0:05:10	30.0	10998	8154	7454	7218	7208	7040	11332	8125	7509	7207	7121	7129
0:05:15	30.0	11167	8209	7472	7188	7147	7113	11454	8183	7543	7205	7187	7101
0:05:20	30.0	11209	8159	7465	7144	7184	7000	11478	8118	7563	7214	7170	7125
0:05:25	30.0	11183	8148	7496	7204	7230	7100	11602	8181	7521	7261	7169	7170
0:05:30	30.0	11229	8129	7475	7220	7177	7079	11730	8230	7542	7222	7167	7130
0:05:35	30.0	11456	8225	7547	7154	7204	7118	11701	8295	7551	7243	7180	7076
0:05:40	30.0	11453	8253	7479	7220	7169	7126	11754	8188	7535	7237	7147	7138
0:05:45	30.0	11543	8262	7460	7183	7183	7119	11874	8258	7584	7219	7111	7114
0:05:50	30.1	11581	8243	7509	7220	7157	7073	11875	8280	7603	7227	7172	7093
0:05:55	30.0	11680	8267	7489	7205	7154	7102	12031	8326	7586	7257	7138	7122
0:06:00	30.0	11777	8325	7511	7129	7176	7178	12020	8357	7625	7236	7074	7172
0:06:05	30.0	11769	8323	7616	7226	7177	7094	12230	8368	7631	7245	7117	7102
0:06:10	30.0	11854	8376	7530	7224	7180	7028	12332	8373	7585	7215	7134	7129
0:06:15	30.0	11860	8334	7484	7234	7168	7155	12323	8407	7640	7228	7113	7140
0:06:20	30.0	12011	8371	7530	7245	7237	7116	12365	8408	7691	7234	7172	7080
0:06:25	30.0	12129	8370	7600	7267	7215	7115	12466	8376	7766	7220	7134	7108
0:06:30	30.0	12049	8454	7652	7307	7212	7108	12556	8413	7572	7227	7150	7064
0:06:35	30.0	12139	8402	7584	7234	7231	7101	12648	8476	7704	7248	7205	7122
0:06:40	30.0	12207	8431	7576	7290	7260	7076	12607	8524	7760	7234	7159	7148
0:06:45	30.0	12411	8445	7568	7194	7260	7153	12875	8439	7711	7201	7145	7154
0:06:50	30.0	12421	8491	7582	7210	7188	7106	12762	8468	7746	7204	7121	7092
0:06:55	30.0	12443	8466	7517	7302	7209	7116	12880	8542	7737	7227	7148	7165
0:07:00	30.0	12533	8551	7574	7227	7226	7135	13114	8460	7742	7205	7211	7150
0:07:05	30.0	12601	8556	7550	7238	7275	7115	12995	8520	7669	7265	7211	7089
0:07:10	30.0	12586	8590	7585	7196	7232	7110	13159	8602	7720	7285	7181	7161
0:07:15	30.0	12594	8580	7635	7247	7175	7090	13191	8571	7768	7257	7190	7192
0:07:20	30.0	12835	8668	7548	7253	7165	7070	13280	8560	7715	7276	7147	7089
0:07:25	30.0	12880	8578	7632	7242	7230	7152	13366	8638	7703	7315	7163	7126
0:07:30	30.0	12874	8610	7596	7313	7232	7076	13447	8643	7763	7243	7198	7165
0:07:35	30.0	12949	8636	7652	7249	7245	7112	13542	8660	7729	7299	7102	7193
0:07:40	30.0	13109	8618	7659	7270	7244	7139	13643	8659	7719	7257	7121	7142
0:07:45	30.0	13161	8638	7647	7308	7242	7110	13619	8694	7773	7259	7165	7113
0:07:50	30.0	13083	8654	7664	7326	7255	7158	13800	8679	7794	7308	7198	7156
0:07:55	30.0	13163	8770	7706	7338	7236	7132	13830	8724	7761	7311	7140	7079
0:08:00	30.0	13293	8769	7681	7256	7255	7115	13901	8753	7781	7270	7190	7164
0:08:05	30.0	13284	8729	7746	7320	7248	7100	14076	8730	7768	7273	7214	7113
0:08:10	30.0	13535	8836	7750	7323	7246	7110	14166	8812	7803	7301	7190	7110
0:08:15	30.0	13414	8774	7654	7307	7258	7075	14127	8802	7836	7247	7207	7166
0:08:20	30.0	13548	8882	7635	7240	7248	7150	14200	8803	7837	7325	7233	7119
0:08:25	30.0	13559	8856	7647	7240	7237	7061	14419	8806	7776	7287	7206	7129
0:08:30	30.0	13674	8780	7709	7277	7285	7091	14522	8859	7844	7269	7210	7135
0:08:35	30.0	13699	8841	7624	7262	7268	7102	14481	8851	7802	7323	7200	7142
0:08:40	30.0	13703	8870	7743	7250	7241	7127	14535	8872	7827	7262	7151	7143
0:08:45	30.0	13839	8975	7735	7324	7273	7146	14633	8910	7789	7343	7168	7209
0:08:50	30.0	13857	8914	7764	7278	7290	7153	14649	8919	7858	7285	7296	7156
0:08:55	30.0	14052	8984	7790	7354	7282	7135	14934	8957	7895	7275	7181	7151
0:09:00	30.0	14078	8933	7732	7250	7254	7109	14985	8948	7820	7291	7171	7208
0:09:05	30.0	14007	8948	7686	7234	7276	7096	14868	9026	7872	7306	7213	7132
0:09:10	30.0	14168	9030	7776	7287	7273	7121	15005	8892	7890	7342	7271	7181
0:09:15	30.0	14264	9050	7813	7318	7321	7107	14978	8983	7886	7330	7177	7229
0:09:20	30.0	14233	9064	7745	7336	7317	7127	15106	9004	7930	7355	7100	7163
0:09:25	30.0	14321	8997	7766	7368	7318	7165	15193	8985	7854	7340	7220	7116
0:09:30	30.0	14348	9101	7827	7383	7319	7116	15306	9153	7920	7314	7212	7159
0:09:35	30.0	14540	9123	7834	7398	7282	7116	15192	9160	7938	7345	7232	7198
0:09:40	30.0	14593	9104	7814	7338	7298	7159	15376	9154	7991	7359	7231	7159
0:09:45	30.0	14594	9112	7809	7313	7282	7118	15517	9126	7935	7360	7221	7140
0:09:50	30.0	14651	9150	7790	7295	7262	7147	15473	9094	7909	7356	7236	7219
0:09:55	30.0	14744	9154	7817	7329	7263	7222	15595	9175	7968	7347	7182	7147
0:10:00	30.0	14644	9215	7840	7331	7297	7127	15625	9154	7991	7354	7210	7165
0:10:05	30.0	14904	9244	7798	7384	7241	7104	15693	9229	7941	7363	7197	7164
0:10:10	30.0	14892	9191	7853	7365	7310	7117	15814	9216	7963	7320	7230	7149
0:10:15	30.0	14974	9264	7891	7348	7310	7094	15790	9244	8025	7321	7179	7186
0:10:20	30.0	14999	9271	7796	7375	7270	7106	15830	9226	7962	7378	7258	7142
0:10:25	30.0	15047	9303	7782	7312	7275	7153	15983	9314	7954	7348	7193	7222
0:10:30	30.0	15065	9348	7827	7390	7271	7157	16048	9306	8027	7412	7250	7180
0:10:35	30.1	15158	9322	7820	7397	7225	7164	16123	9364	8031	7398	7193	7180
0:10:40	30.0	15327	9305	7864	7382	7302	7125	16090	9263	8068	7416	7251	7222
0:10:45	30.0	15209	9411	7853	7348	7227	7154	16162	9334	8009	7293	7152	7156
0:10:50	30.0	15376	9427	7906	7377	7272	7195	16237	9364	8038	7375	7206	7198
0:10:55	30.0	15501	9345	7870	7382	7235	7101	16301	9473	8049	7340	7215	7184
0:11:00	30.0	15546	9377	7967	7364	7266	7154	16498	9491	8050	7384	7315	7178
0:11:05	30.0	15590	9398	7884	7410	7283	7154	16399	9489	8054	7372	7190	7189
0:11:10	30.0	15505	9481	7912	7388	7365	7086	16580	9513	8013	7419	7254	7164
0:11:15	30.0	15676	9473	7881	7369	7282	7166	16661	9453	8103	7379	7322	7194
0:11:20	30.0	15732	9555	7925	7433	7265	7131	16547	9513	8073	7415	7245	7139
0:11:25	30.0	15777	9524	7965	7402	7319	7119	16772	9442	8142	7351	7203	7188
0:11:30	30.0	15728	9551	7910	7384	7298	7199	16715	9487	8087	7360	7288	7174
0:11:35	30.0	15758	9521	7922	7427	7287	7160	16818	9543	8114	7413	7254	7177
0:11:40	30.0	15890	9632	7966	7339	7302	7178	16844	9542	8121	7396	7286	7153
0:11:45	30.0	15930	9660	7933	7434	7373	7150	16963	9611	8106	7419	7291	7165
0:11:50	30.0	15983	9679	7938	7390	7342	7087	16967	9522	8057	7403	7299	7122
0:11:55	30.0	16062	9658	7940	7459	7274	7112	17026	9554	8089	7426	7228	7150
0:12:00	30.0	16139	9675	8001	7469	7316	7195	17018	9620	8159	7407	7230	7164
0:12:05	30.0	16103	9696	7943	7485	7381	7189	17021	9663	8211	7402	7258	7252
0:12:10	30.0	16187	9641	7959	7446	7262	7220	17012	9767	8197	7372	7253	7138
0:12:15	30.0	16091	9750	8003	7381	7281	7157	17135	9695	8179	7412	7262	7156
0:12:20	30.0	16208	9748	8006	7403	7304	7199	17179	9794	8206	7407	7255	7113
0:12:25	30.0	16273	9735	8012	7375	7313	7168	17150	9681	8214	7461	7298	7174
0:12:30	30.0	16438	9833	8021	7415	7326	7168	17251	9752	8243	7422	7261	7198
0:12:35	30.0	16505	9803	8039	7389	7274	7119	17329	9682	8213	7438	7271	7189
0:12:40	30.0	16473	9867	7996	7435	7322	7177	17298	9759	8260	7419	7267	7140
0:12:45	30.0	16367	9875	7988	7406	7328	7157	17465	9716	8264	7453	7298	7169
0:12:50	30.0	16498	9975	8072	7425	7397	7132	17169	9835	8192	7440	7282	7165
0:12:55	30.0	16763	9940	7925	7426	7356	7190	17343	9826	8313	7441	7241	7190
0:13:00	30.0	16638	9924	8004	7503	7353	7102	17293	9846	8211	7472	7251	7225
0:13:05	30.0	16617	9917	8069	7451	7314	7178	17374	9826	8257	7405	7312	7148
0:13:10	30.0	16659	9963	8027	7431	7245	7163	17250	9906	8285	7416	7297	7118
0:13:15	30.0	16717	9883	8062	7434	7351	7210	17362	9884	8234	7420	7258	7234
0:13:20	30.0	16692	9941	8052	7484	7386	7156	17249	10011	8296	7432	7321	7189
0:13:25	30.0	16895	9985	8056	7458	7317	7181	17506	9875	8311	7424	7304	7196
0:13:30	30.0	16845	10022	8108	7461	7286	7196	17479	10021	8321	7421	7254	7214
0:13:35	30.0	16890	10027	8050	7481	7341	7132	17338	9956	8281	7481	7298	7229
0:13:40	30.0	16852	10033	8090	7435	7354	7177	17407	10076	8238	7444	7269	7277
0:13:45	30.0	16839	10076	8087	7448	7331	7162	17449	9958	8369	7462	7284	7209
0:13:50	30.0	16880	10121	8104	7521	7339	7138	17428	10036	8344	7420	7263	7251
0:13:55	30.0	16811	10184	8074	7493	7415	7138	17372	10049	8324	7448	7251	7217
0:14:00	30.0	16851	10176	8093	7487	7364	7148	17349	10160	8313	7499	7237	7186
0:14:05	30.0	16825	10214	8159	7542	7338	7187	17433	10197	8351	7457	7289	7250
0:14:10	30.0	16967	10196	8135	7405	7361	7098	17424	10081	8414	7402	7255	7210
0:14:15	30.0	16966	10251	8153	7537	7391	7226	17366	10158	8386	7402	7301	7237
0:14:20	30.0	17088	10197	8135	7537	7379	7153	17393	10157	8391	7468	7268	7205
0:14:25	30.0	16997	10258	8200	7458	7347	7184	17514	10224	8416	7444	7283	7129
0:14:30	30.0	17237	10225	8126	7482	7366	7176	17383	10150	8336	7472	7313	7219
0:14:35	30.0	17085	10236	8179	7509	7377	7141	17635	10305	8392	7435	7372	7184
0:14:40	30.0	16931	10389	8209	7502	7346	7185	17359	10224	8408	7497	7341	7234
0:14:45	30.0	16917	10355	8231	7500	7330	7124	17451	10320	8428	7487	7285	7176
0:14:50	30.0	17127	10235	8147	7495	7376	7202	17362	10273	8414	7491	7290	7146
0:14:55	30.0	16959	10345	8159	7523	7358	7193	17365	10264	8471	7477	7317	7203
0:15:00	30.0	16901	10301	8182	7521	7380	7254	17271	10251	8499	7437	7252	7167
0:15:05	30.0	17138	10395	8223	7501	7356	7128	17227	10394	8459	7470	7290	7275
0:15:10	30.0	17075	10481	8189	7494	7395	7198	17425	10335	8452	7442	7325	7234
0:15:15	30.0	17179	10479	8241	7487	7376	7165	17348	10367	8462	7468	7335	7248
0:15:20	30.0	17125	10428	8256	7517	7367	7137	17532	10427	8475	7469	7305	7241
0:15:25	30.0	17119	10494	8242	7561	7400	7160	17371	10341	8451	7561	7329	7156
0:15:30	30.0	17016	10500	8197	7522	7399	7117	17375	10403	8488	7501	7349	7220
0:15:35	30.0	17102	10481	8219	7524	7356	7163	17365	10501	8482	7518	7301	7233
0:15:40	30.0	17147	10600	8240	7547	7404	7150	17348	10439	8540	7506	7304	7263
0:15:45	30.0	17073	10488	8282	7546	7390	7198	17381	10396	8499	7475	7317	7207
0:15:50	30.0	17083	10578	8271	7505	7369	7141	17373	10519	8526	7520	7303	7165
0:15:55	30.0	16990	10579	8219	7533	7361	7196	17414	10466	8550	7515	7333	7259
0:16:00	30.0	17121	10592	8240	7551	7373	7207	17353	10511	8528	7462	7287	7299
0:16:05	30.0	17015	10650	8302	7521	7365	7198	17361	10555	8577	7501	7343	7131
0:16:10	30.0	17167	10641	8304	7578	7363	7192	17426	10555	8559	7577	7293	7226
0:16:15	30.0	17134	10675	8311	7584	7369	7216	17545	10473	8563	7454	7347	7214
0:16:20	30.0	17122	10657	8309	7554	7318	7125	17390	10684	8575	7501	7361	7183
0:16:25	30.0	16944	10760	8316	7541	7427	7171	17328	10594	8642	7563	7353	7227
0:16:30	30.0	17060	10618	8315	7584	7461	7204	17331	10596	8538	7568	7362	7164
0:16:35	30.0	16993	10775	8324	7557	7332	7194	17436	10744	8653	7549	7401	7308
0:16:40	30.0	17057	10808	8324	7539	7391	7151	17454	10716	8637	7553	7337	7226
0:16:45	30.0	17098	10887	8368	7583	7401	7179	17306	10666	8647	7448	7342	7175
0:16:50	30.0	17120	10782	8363	7554	7378	7260	17354	10665	8589	7542	7350	7212
0:16:55	30.0	17057	10868	8307	7543	7358	7205	17353	10735	8616	7615	7312	7299
0:17:00	30.0	17089	10894	8431	7517	7440	7136	17298	10787	8717	7530	7323	7209
0:17:05	30.0	17122	10831	8362	7543	7362	7161	17396	10864	8681	7590	7317	7251
0:17:10	30.0	17129	10896	8339	7576	7476	7204	17486	10843	8637	7572	7338	7238
0:17:15	30.0	16999	11032	8400	7585	7405	7202	17406	10827	8599	7553	7357	7247
0:17:20	30.0	17115	10986	8328	7494	7401	7208	17337	10738	8645	7530	7334	7265
0:17:25	30.0	17137	10982	8412	7571	7444	7271	17437	10885	8712	7567	7299	7243
0:17:30	30.0	17155	10974	8338	7552	7381	7247	17271	10901	8738	7552	7372	7205
0:17:35	30.0	17034	11035	8380	7576	7388	7198	17425	10903	8706	7556	7282	7221
0:17:40	30.0	16937	10988	8419	7647	7437	7159	17450	10915	8697	7610	7333	7317
0:17:45	30.0	17128	11049	8428	7667	7369	7230	17349	10954	8776	7572	7324	7205
0:17:50	30.0	17011	10993	8378	7529	7383	7257	17360	10893	8708	7630	7380	7208
0:17:55	30.0	17024	11086	8392	7603	7459	7111	17245	10947	8718	7604	7420	7249
0:18:00	30.0	17113	11121	8443	7616	7420	7214	17200	10999	8749	7561	7333	7234
0:18:05	30.0	17083	11157	8437	7554	7440	7221	17540	10883	8791	7576	7389	7259
0:18:10	30.0	17035	11094	8491	7574	7402	7236	17281	11064	8761	7631	7348	7238
0:18:15	30.0	17123	11075	8432	7636	7474	7196	17281	11038	8748	7577	7343	7242
0:18:20	30.0	16983	11184	8527	7659	7428	7165	17328	11021	8767	7514	7371	7259
0:18:25	30.0	17016	11161	8399	7645	7443	7251	17379	11224	8748	7594	7342	7252
0:18:30	30.0	17103	11163	8562	7587	7417	7211	17430	11077	8835	7698	7389	7206
0:18:35	30.0	17172	11150	8528	7651	7422	7247	17225	11140	8793	7555	7374	7290
0:18:40	30.0	17049	11200	8474	7591	7429	7157	17261	11184	8723	7571	7389	7243
0:18:45	30.0	16988	11294	8483	7620	7447	7203	17257	11160	8830	7619	7353	7261
0:18:50	30.0	16980	11370	8522	7648	7333	7208	17324	11203	8837	7614	7394	7256
0:18:55	30.0	17203	11311	8538	7602	7434	7185	17437	11206	8790	7657	7358	7217
0:19:00	30.0	17129	11299	8500	7688	7445	7195	17146	11275	8840	7598	7400	7266
0:19:05	30.0	17051	11356	8498	7683	7490	7210	17325	11271	8867	7581	7430	7272
0:19:10	30.0	16973	11401	8545	7695	7399	7220	17333	11299	8872	7605	7439	7244
0:19:15	30.0	17111	11399	8553	7690	7454	7205	17420	11296	8826	7575	7385	7151
0:19:20	30.0	16934	11473	8579	7615	7496	7217	17259	11214	8898	7603	7411	7223
0:19:25	30.0	17030	11464	8484	7612	7491	7187	17273	11302	8902	7631	7391	7195
0:19:30	30.0	17091	11510	8589	7653	7509	7209	17396	11398	8849	7647	7445	7212
0:19:35	30.0	17070	11486	8556	7695	7424	7171	17280	11321	8875	7622	7353	7237
0:19:40	30.0	16896	11554	8541	7632	7424	7215	17432	11337	8886	7642	7433	7270
0:19:45	30.0	17139	11450	8561	7652	7469	7198	17197	11428	8829	7630	7414	7230
0:19:50	30.0	17040	11541	8549	7669	7441	7172	17244	11522	8950	7686	7469	7280
0:19:55	30.0	16994	11460	8519	7604	7442	7204	17327	11461	8955	7668	7354	7301
0:20:00	30.0	17044	11516	8564	7653	7456	7223	17356	11502	9001	7683	7398	7278
0:20:05	30.0	16997	11694	8565	7639	7469	7214	17405	11456	8903	7665	7438	7316
0:20:10	30.0	17057	11541	8608	7612	7468	7192	17243	11491	8933	7634	7437	7216
0:20:15	30.0	16956	11732	8570	7636	7482	7155	17450	11548	8893	7701	7434	7266
0:20:20	30.0	16966	11663	8616	7687	7443	7120	17428	11532	8892	7594	7462	7317
0:20:25	30.0	16956	11709	8657	7704	7434	7216	17204	11590	8985	7685	7407	7240
0:20:30	30.0	16917	11670	8635	7585	7415	7228	17240	11549	8950	7681	7401	7279
0:20:35	30.0	16996	11747	8603	7680	7571	7255	17276	11597	9010	7737	7477	7329
0:20:40	30.0	17107	11726	8600	7640	7477	7266	17322	11700	9104	7703	7414	7294
0:20:45	30.0	16978	11769	8627	7722	7449	7181	17302	11560	9046	7671	7424	7257
0:20:50	30.0	17017	11833	8704	7731	7470	7175	17224	11714	9009	7717	7400	7279
0:20:55	30.0	17024	11806	8661	7742	7465	7247	17353	11757	8990	7673	7382	7281
0:21:00	30.0	17018	11780	8627	7673	7469	7200	17283	11677	9057	7712	7430	7274
0:21:05	30.0	16920	11890	8629	7687	7499	7184	17299	11675	8980	7656	7455	7290
0:21:10	30.0	16964	11858	8616	7695	7489	7282	17261	11778	9143	7700	7395	7340
0:21:15	30.0	16979	11863	8746	7718	7516	7255	17223	11658	9072	7710	7451	7289
0:21:20	30.0	17137	11956	8682	7654	7527	7266	17154	11880	9056	7710	7397	7328
0:21:25	30.0	16936	11870	8692	7741	7601	7181	17333	11717	9115	7753	7459	7322
0:21:30	30.0	17017	11958	8687	7707	7468	7206	17213	11824	9048	7706	7414	7301
0:21:35	30.0	16996	12061	8737	7691	7494	7255	17239	11736	9081	7661	7467	7252
0:21:40	30.0	16804	12021	8665	7749	7484	7312	17319	11882	9073	7791	7417	7251
0:21:45	30.0	17070	11995	8769	7692	7500	7238	17375	11884	9084	7728	7445	7348
0:21:50	30.0	16983	11991	8767	7727	7528	7147	17195	11944	9075	7692	7476	7302
0:21:55	30.0	16918	12045	8746	7731	7521	7198	17260	11849	9151	7677	7445	7224
0:22:00	30.0	16958	12118	8819	7817	7541	7230	17104	11914	9166	7747	7493	7306
0:22:05	30.0	17048	12024	8829	7714	7491	7217	17177	11998	9123	7707	7388	7244
0:22:10	30.0	16980	12150	8741	7727	7529	7224	17197	11998	9153	7777	7465	7257
0:22:15	30.0	16956	12161	8794	7725	7553	7228	17220	11949	9150	7754	7404	7295
0:22:20	30.0	16987	12148	8747	7707	7572	7230	17151	12031	9202	7710	7453	7347
0:22:25	30.0	17088	12202	8824	7709	7543	7253	17311	12128	9231	7705	7456	7310
0:22:30	30.0	17100	12136	8768	7682	7552	7242	17172	11993	9214	7741	7508	7267
0:22:35	30.0	17111	12267	8820	7783	7556	7253	17333	12065	9159	7729	7474	7263
0:22:40	30.0	17021	12198	8811	7703	7477	7218	17117	12133	9225	7855	7449	7257
0:22:45	30.0	17060	12294	8857	7729	7517	7245	17232	12104	9188	7772	7455	7307
0:22:50	30.0	16867	12335	8785	7713	7532	7180	17235	12138	9220	7754	7418	7298
0:22:55	30.0	17048	12281	8766	7741	7490	7202	17340	12041	9263	7764	7502	7321
0:23:00	30.0	16920	12342	8841	7750	7541	7259	17182	12229	9259	7748	7488	7273
0:23:05	30.0	17085	12396	8833	7768	7545	7188	17210	12126	9226	7787	7425	7249
0:23:10	30.0	16949	12355	8830	7787	7555	7231	17219	12255	9252	7714	7462	7257
0:23:15	30.0	17076	12367	8876	7804	7504	7237	17153	12216	9262	7842	7414	7331
0:23:20	30.0	17052	12388	8913	7765	7584	7220	17172	12174	9261	7785	7434	7286
0:23:25	30.0	17000	12370	8891	7757	7589	7283	17201	12387	9298	7813	7454	7305
0:23:30	30.0	16980	12301	8886	7723	7498	7280	17119	12236	9202	7840	7474	7321
0:23:35	30.0	16965	12531	8949	7794	7523	7218	17262	12347	9261	7810	7483	7256
0:23:40	30.0	16990	12424	8895	7783	7542	7197	17128	12338	9235	7835	7514	7312
0:23:45	30.0	17006	12553	8986	7770	7538	7216	17199	12378	9293	7837	7468	7308
0:23:50	30.0	16869	12481	8886	7781	7580	7283	17104	12444	9321	7806	7460	7339
0:23:55	30.0	17065	12603	8903	7806	7597	7256	17166	12379	9266	7823	7485	7308
0:24:00	30.0	16969	12638	8912	7766	7581	7217	17275	12454	9341	7817	7490	7262
0:24:05	30.0	17036	12646	9004	7792	7488	7225	17206	12379	9320	7827	7524	7280
0:24:10	30.0	16949	12611	8920	7775	7546	7236	17299	12364	9398	7811	7482	7285
0:24:15	30.1	16946	12590	9029	7781	7558	7238	17189	12489	9326	7744	7435	7311
0:24:20	30.0	16874	12602	8879	7790	7539	7276	17214	12511	9391	7810	7457	7301
0:24:25	30.0	17057	12699	9015	7717	7611	7316	17103	12599	9488	7820	7456	7323
0:24:30	30.0	17040	12712	8954	7824	7577	7266	17231	12553	9392	7749	7545	7332
0:24:35	30.0	17074	12571	8999	7815	7576	7211	17233	12534	9461	7814	7463	7297
0:24:40	30.0	16981	12797	8939	7775	7541	7253	17135	12626	9395	7822	7475	7346
0:24:45	30.0	16846	12699	9012	7801	7576	7266	17132	12522	9451	7843	7503	7349
0:24:50	30.0	17023	12650	8950	7818	7627	7321	17271	12619	9535	7812	7497	7363
0:24:55	30.0	16941	12854	8924	7810	7545	7218	17251	12688	9497	7905	7504	7333
0:25:00	30.0	16927	12703	9043	7827	7554	7261	17302	12694	9482	7862	7551	7311
0:25:05	30.0	17089	12865	9024	7776	7619	7296	17167	12730	9427	7836	7510	7293
0:25:10	30.0	16922	12846	9046	7793	7526	7305	17004	12633	9402	7858	7484	7313
0:25:15	30.0	16935	12892	8986	7829	7580	7315	17091	12688	9443	7813	7456	7351
0:25:20	30.0	16981	12825	8991	7870	7564	7277	17135	12762	9521	7856	7513	7292
0:25:25	30.0	16895	12837	9133	7890	7645	7248	17075	12745	9542	7864	7451	7313
0:25:30	30.0	17122	12934	9079	7858	7580	7267	17066	12791	9562	7917	7501	7354
0:25:35	30.0	17055	12896	9050	7827	7632	7277	17118	12775	9582	7797	7565	7355
0:25:40	30.0	17014	12890	9095	7822	7577	7280	17147	12847	9468	7894	7487	7309
0:25:45	30.0	16955	13028	9042	7838	7585	7255	17135	12881	9475	7878	7538	7293
0:25:50	30.0	17024	13052	9089	7821	7572	7335	17231	12890	9528	7895	7514	7351
0:25:55	30.0	16855	12949	9115	7879	7637	7321	17129	12921	9491	7803	7476	7317
0:26:00	30.0	16941	13106	9133	7874	7594	7241	17199	12829	9451	7868	7557	7327
0:26:05	30.0	16846	12986	9026	7830	7607	7257	17125	12943	9592	7863	7509	7402
0:26:10	30.0	17010	13120	9191	7881	7621	7291	17216	12962	9494	7865	7478	7319
0:26:15	30.0	17090	13007	9093	7896	7579	7265	17170	12914	9598	7882	7531	7283
0:26:20	30.0	16882	13063	9139	7891	7615	7342	17247	12922	9570	7894	7569	7339
0:26:25	30.0	16957	13138	9150	7851	7584	7274	17237	12966	9562	7886	7539	7328
0:26:30	30.0	16923	13295	9107	7876	7624	7317	17142	13051	9548	7882	7538	7365
0:26:35	30.0	17021	13127	9125	7894	7551	7305	17129	13039	9605	7938	7501	7378
0:26:40	30.0	16955	13302	9148	7894	7631	7297	17152	13088	9629	7864	7500	7366
0:26:45	30.0	16954	13159	9102	7876	7636	7317	17072	13069	9580	7926	7576	7340
0:26:50	30.0	16923	13236	9161	7912	7617	7265	17104	13141	9608	7895	7559	7343
0:26:55	30.0	16882	13223	9088	7865	7567	7324	17177	12986	9678	7912	7532	7407
0:27:00	30.0	16948	13236	9159	7884	7604	7314	17237	13082	9612	7877	7463	7378
0:27:05	30.0	16972	13267	9198	7944	7609	7302	17211	13191	9618	7945	7592	7405
0:27:10	30.0	16985	13282	9235	7952	7621	7312	17146	13185	9723	7948	7527	7368
0:27:15	30.0	16941	13414	9211	7922	7657	7267	17053	13196	9702	7875	7514	7369
0:27:20	30.0	16886	13391	9286	7831	7652	7325	17217	13114	9683	7932	7535	7312
0:27:25	30.0	16957	13313	9154	7955	7582	7215	17191	13329	9617	7875	7520	7320
0:27:30	30.0	16943	13466	9211	7890	7612	7305	17045	13261	9695	7929	7592	7399
0:27:35	30.0	16891	13433	9266	7863	7646	7268	17143	13219	9735	7999	7580	7358
0:27:40	30.0	16883	13435	9176	7881	7636	7273	17034	13454	9691	7917	7510	7385
0:27:45	30.0	16961	13424	9193	7879	7626	7321	17120	13401	9629	7945	7623	7350
0:27:50	30.0	16950	13380	9317	7908	7638	7299	17175	13375	9699	7917	7555	7302
0:27:55	30.0	17009	13431	9239	7897	7659	7299	17111	13367	9692	8000	7568	7354
0:28:00	30.0	16841	13553	9266	7869	7638	7278	17009	13324	9737	7961	7612	7344
0:28:05	30.0	16883	13583	9286	7900	7633	7224	17134	13427	9714	7922	7573	7314
0:28:10	30.0	16936	13559	9264	7910	7633	7227	17067	13387	9746	7969	7594	7367
0:28:15	30.0	16880	13569	9299	7953	7683	7273	17011	13464	9716	7938	7556	7306
0:28:20	30.0	16911	13548	9306	7964	7703	7287	17190	13467	9776	7956	7562	7390
0:28:25	30.0	16877	13612	9282	7890	7618	7285	17266	13509	9800	7955	7574	7376
0:28:30	30.0	16953	13619	9396	7911	7631	7270	17098	13543	9844	7912	7543	7330
0:28:35	30.0	16995	13573	9335	7966	7708	7316	16955	13503	9856	7970	7607	7344
0:28:40	30.0	16909	13738	9340	7957	7655	7297	16932	13543	9777	7975	7629	7393
0:28:45	30.0	16919	13568	9362	7936	7640	7292	17052	13540	9782	7957	7592	7363
0:28:50	30.0	16946	13730	9341	7938	7581	7288	17000	13619	9764	7957	7548	7343
0:28:55	30.0	16968	13702	9288	7921	7693	7279	17105	13486	9830	7987	7562	7321
0:29:00	30.0	17049	13789	9416	7950	7648	7281	17066	13694	9937	8001	7533	7349
0:29:05	30.0	16866	13752	9336	7982	7682	7269	17254	13585	9927	7941	7596	7322
0:29:10	30.0	16952	13791	9339	7917	7664	7305	17110	13625	9866	7950	7575	7360
0:29:15	30.0	16942	13719	9459	7926	7682	7284	17045	13675	9909	8000	7570	7335
0:29:20	30.0	16758	13833	9350	7972	7629	7343	17140	13700	9882	7974	7667	7340
0:29:25	30.0	16836	13890	9335	7987	7632	7286	17060	13727	9887	7982	7636	7324
0:29:30	30.0	16812	13846	9365	7902	7628	7310	17098	13735	9960	8052	7678	7317
0:29:35	30.0	16896	13749	9416	7989	7608	7297	17129	13790	9927	8016	7660	7376
0:29:40	30.0	16956	13873	9425	7969	7685	7345	17164	13818	9884	8041	7624	7426
0:29:45	30.0	16899	13827	9397	8027	7639	7313	17264	13795	10003	8011	7602	7344
0:29:50	30.0	16829	13827	9381	7984	7700	7243	17069	13706	9878	7981	7589	7383
0:29:55	30.0	16926	13912	9441	8025	7661	7299	17002	13755	9942	8033	7651	7383
0:30:00	30.0	16920	13949	9399	7994	7671	7287	17206	13860	9916	7957	7632	7426
0:30:05	30.0	16978	13901	9375	7988	7699	7368	17027	13814	9984	8009	7576	7354
0:30:10	30.0	16751	14007	9450	7918	7725	7263	17153	13850	9960	8029	7591	7416
0:30:15	30.0	16871	14041	9464	8015	7744	7285	17008	13877	9962	8003	7643	7312
0:30:20	30.0	16835	13980	9463	7956	7739	7275	17101	13900	10009	8025	7627	7347
0:30:25	30.0	16893	14105	9481	7985	7705	7267	17100	13974	10002	7965	7653	7312
0:30:30	30.0	16932	14076	9553	7957	7736	7261	17217	13938	9980	8049	7575	7378
0:30:35	30.0	17019	14118	9516	8008	7717	7260	17116	14037	10015	8102	7533	7336
0:30:40	30.0	16876	14076	9495	8076	7684	7307	17293	13977	10028	7953	7609	7388
0:30:45	30.0	16859	14114	9498	8007	7739	7351	17182	14033	9976	8050	7656	7376
0:30:50	30.0	16875	14173	9464	8052	7672	7248	17048	13966	10104	8088	7631	7380
0:30:55	30.0	16846	14164	9553	7999	7705	7312	17089	13885	10104	8051	7605	7415
0:31:00	30.0	16858	14242	9491	8019	7743	7297	17100	14026	10059	8027	7663	7412
0:31:05	30.0	16938	14097	9532	7975	7758	7328	17157	14164	10096	8044	7585	7376
0:31:10	30.0	16886	14314	9492	8019	7722	7280	17030	14103	10094	8055	7570	7301
0:31:15	30.0	16953	14030	9601	8054	7765	7321	17071	14129	10104	8078	7640	7366
0:31:20	30.0	16935	14266	9592	8005	7695	7286	17074	14006	10104	8061	7644	7391
0:31:25	30.0	16820	14190	9504	8001	7693	7315	17065	14212	10081	8107	7675	7429
0:31:30	30.0	16907	14326	9465	7981	7696	7350	17116	14266	10020	8112	7636	7382
0:31:35	30.0	16880	14372	9495	8004	7696	7323	17068	14185	10124	8045	7668	7412
0:31:40	30.0	17042	14469	9559	8057	7736	7292	17083	14203	10153	8039	7691	7378
0:31:45	30.0	16893	14206	9506	8072	7770	7329	17125	14227	10108	8062	7703	7346
0:31:50	30.0	16926	14411	9540	8010	7757	7333	17168	14422	10191	8055	7647	7445
0:31:55	30.0	17001	14383	9579	8024	7729	7364	17089	14347	10164	8106	7619	7368
0:32:00	30.0	16945	14342	9537	8066	7707	7293	17016	14214	10185	8072	7616	7409
0:32:05	30.0	16873	14364	9595	8036	7768	7325	16908	14405	10084	8043	7676	7438
0:32:10	30.0	16763	14465	9606	8111	7707	7381	17105	14274	10236	8116	7725	7422
0:32:15	30.0	16914	14446	9546	8018	7700	7391	17063	14394	10222	8073	7679	7451
0:32:20	30.0	16977	14496	9681	8071	7693	7354	17037	14336	10137	8082	7616	7368
0:32:25	30.0	16763	14578	9660	8105	7750	7357	17128	14344	10256	8110	7655	7344
0:32:30	30.0	16958	14603	9696	8046	7767	7339	17188	14464	10212	8109	7705	7420
0:32:35	30.0	16979	14523	9657	8125	7783	7309	17165	14451	10370	8101	7694	7378
0:32:40	30.0	16949	14415	9714	8095	7762	7287	17075	14455	10215	8121	7631	7438
0:32:45	30.0	16886	14565	9644	8004	7782	7378	17089	14523	10265	8140	7658	7380
0:32:50	30.0	16832	14603	9673	8063	7791	7376	17024	14434	10214	8150	7706	7369
0:32:55	30.0	16929	14662	9635	8078	7746	7320	16939	14470	10305	8104	7710	7399
0:33:00	30.0	16879	14633	9695	8148	7796	7333	17224	14489	10298	8109	7712	7410
0:33:05	30.0	16885	14661	9633	8144	7758	7368	17089	14553	10274	8149	7729	7370
0:33:10	30.0	16937	14741	9756	8050	7737	7370	16999	14562	10266	8111	7744	7422
0:33:15	30.0	16921	14802	9649	8102	7762	7380	17078	14561	10235	8131	7760	7399
0:33:20	30.0	16872	14699	9689	8127	7727	7332	17040	14685	10352	8105	7727	7472
0:33:25	30.0	16888	14661	9659	8147	7731	7399	17041	14602	10324	8157	7674	7394
0:33:30	30.0	16882	14718	9764	8033	7710	7350	17134	14711	10270	8176	7677	7348
0:33:35	30.0	16927	14796	9767	8070	7756	7358	17075	14771	10340	8070	7691	7413
0:33:40	30.0	16806	14929	9705	8068	7764	7368	16993	14656	10443	8131	7682	7412
0:33:45	30.0	16906	14809	9773	8100	7773	7399	17033	14859	10354	8240	7697	7415
0:33:50	30.0	16829	14816	9750	8076	7741	7409	16937	14755	10498	8116	7735	7456
0:33:55	30.0	16884	14887	9701	8033	7798	7396	17140	14732	10371	8133	7654	7410
0:34:00	30.0	16970	14899	9742	8128	7794	7288	17031	14733	10329	8144	7737	7361
0:34:05	30.0	16843	14801	9801	8134	7799	7241	17012	14689	10359	8147	7689	7387
0:34:10	30.0	16756	14889	9842	8038	7823	7330	17085	14787	10445	8173	7691	7447
0:34:15	30.0	16752	14918	9732	8092	7741	7372	17097	14790	10383	8097	7705	7384
0:34:20	30.0	16808	14931	9764	8122	7793	7259	17044	14785	10332	8224	7708	7444
0:34:25	30.0	16793	14903	9823	8197	7816	7414	16992	14884	10495	8185	7683	7404
0:34:30	30.0	16728	14996	9808	8169	7806	7360	16931	14677	10379	8179	7710	7402
0:34:35	30.0	16930	14935	9785	8126	7774	7369	16998	14897	10436	8167	7808	7455
0:34:40	30.0	16967	14952	9816	8150	7780	7314	17104	15068	10435	8182	7724	7448
0:34:45	30.0	16946	14934	9757	8155	7773	7356	17238	14917	10503	8200	7760	7419
0:34:50	30.0	16726	15046	9796	8184	7764	7325	17079	14963	10461	8157	7691	7473
0:34:55	30.0	16846	15006	9855	8143	7812	7376	17067	14943	10427	8208	7739	7398
0:35:00	30.0	16918	14888	9828	8200	7744	7407	17037	14969	10559	8163	7820	7386
0:35:05	30.0	16946	15060	9847	8243	7797	7353	16981	14938	10480	8207	7714	7411
0:35:10	30.0	16824	15078	9816	8185	7860	7374	17035	14936	10573	8150	7765	7463
0:35:15	30.0	16790	14974	9824	8211	7802	7351	16987	15002	10521	8245	7701	7396
0:35:20	30.0	16952	15135	9872	8185	7841	7360	16920	14982	10556	8212	7777	7438
0:35:25	30.0	16984	15042	9952	8132	7846	7393	17112	14933	10551	8180	7692	7396
0:35:30	30.0	16897	15286	9830	8267	7814	7342	17069	15101	10574	8189	7736	7481
0:35:35	30.0	16876	15172	9873	8150	7840	7339	17038	15060	10581	8204	7758	7423
0:35:40	30.0	16840	15061	9877	8184	7801	7316	17047	15241	10542	8234	7787	7452
0:35:45	30.0	16830	15102	9936	8188	7836	7403	17101	15121	10544	8231	7738	7469
0:35:50	30.0	16829	15152	9897	8224	7799	7386	17019	15111	10615	8237	7753	7393
0:35:55	30.0	16826	15153	9884	8189	7843	7338	17165	15369	10627	8287	7737	7445
0:36:00	30.0	16876	15201	9953	8200	7864	7330	17129	15057	10642	8256	7688	7438
0:36:05	30.0	16868	15271	9814	8239	7881	7396	17055	15223	10636	8192	7728	7420
0:36:10	30.0	16731	15269	10000	8254	7827	7357	17021	15291	10587	8227	7747	7377
0:36:15	30.0	16742	15154	9922	8189	7811	7401	17036	15297	10616	8277	7714	7441
0:36:20	30.0	16824	15257	9978	8241	7816	7358	16831	15275	10655	8213	7775	7427
0:36:25	30.0	16908	15254	9979	8247	7861	7294	16764	15323	10689	8256	7673	7445
0:36:30	30.0	16746	15312	9930	8251	7863	7383	17164	15359	10643	8300	7721	7387
0:36:35	30.0	16754	15446	9909	8289	7862	7348	17140	15334	10618	8233	7785	7427
0:36:40	30.0	16849	15394	9959	8223	7870	7359	17123	15227	10683	8236	7731	7451
0:36:45	30.0	16744	15409	9960	8200	7880	7411	17048	15311	10725	8270	7769	7431
0:36:50	30.0	16708	15354	10014	8206	7839	7405	16985	15339	10598	8288	7740	7425
0:36:55	30.0	16881	15326	10014	8229	7884	7359	16917	15286	10694	8270	7702	7400
0:37:00	30.0	16899	15305	10043	8276	7869	7394	16966	15433	10749	8285	7738	7414
0:37:05	30.0	16900	15378	9888	8251	7825	7429	17009	15399	10747	8229	7748	7432
0:37:10	30.0	16850	15457	9987	8230	7841	7371	17022	15527	10709	8232	7778	7531
0:37:15	30.0	17072	15393	10112	8237	7875	7348	17041	15545	10763	8248	7764	7448
0:37:20	30.0	16814	15565	10012	8254	7830	7351	16921	15467	10651	8303	7762	7431
0:37:25	30.0	16802	15420	10015	8286	7886	7432	16955	15435	10787	8310	7763	7431
0:37:30	30.0	16765	15394	10088	8192	7885	7394	17122	15496	10740	8295	7814	7485
0:37:35	30.0	16896	15453	10077	8230	7852	7335	16921	15425	10732	8330	7734	7446
0:37:40	30.0	16744	15536	10020	8268	7862	7412	17051	15377	10832	8338	7772	7469
0:37:45	30.0	16845	15552	10016	8171	7889	7393	17084	15643	10865	8248	7782	7464
0:37:50	30.0	16900	15477	10032	8175	7860	7342	17083	15576	10739	8381	7831	7460
0:37:55	30.0	16844	15515	10087	8266	7826	7387	16933	15553	10775	8326	7739	7429
0:38:00	30.0	16840	15567	10055	8301	7830	7407	17032	15765	10913	8256	7768	7427
0:38:05	30.0	16809	15519	10048	8288	7859	7335	17004	15519	10822	8307	7798	7420
0:38:10	30.0	16836	15483	10113	8263	7828	7393	17075	15702	10914	8339	7775	7501
0:38:15	30.0	16725	15482	10136	8309	7862	7354	17075	15699	10818	8271	7807	7498
0:38:20	30.0	16868	15584	10110	8250	7865	7428	16929	15730	10836	8299	7759	7425
0:38:25	30.0	16858	15546	10133	8278	7884	7397	16942	15648	10758	8302	7792	7496
0:38:30	30.0	16760	15649	10151	8277	7886	7381	16989	15625	10820	8371	7767	7382
0:38:35	30.0	16794	15628	10127	8313	7861	7370	16986	15765	10910	8354	7796	7463
0:38:40	30.0	16757	15651	10170	8234	7874	7386	16954	15730	10794	8332	7795	7398
0:38:45	30.0	16790	15658	10201	8358	7857	7367	17011	15673	10876	8313	7770	7422
0:38:50	30.0	16836	15550	10276	8278	7855	7421	17133	15779	10946	8297	7826	7463
0:38:55	30.0	16804	15630	10147	8312	7854	7319	16958	15892	10829	8272	7792	7449
0:39:00	30.0	16864	15798	10196	8271	7940	7405	17003	15749	10880	8307	7829	7482
0:39:05	30.0	16872	15688	10151	8287	7829	7361	17057	15775	10935	8306	7879	7424
0:39:10	30.0	16896	15700	10226	8291	7933	7348	17012	15884	10918	8322	7773	7381
0:39:15	30.0	16885	15702	10277	8332	7945	7366	16860	15837	10873	8353	7784	7446
0:39:20	30.0	16705	15653	10261	8313	7854	7382	17017	15848	10974	8345	7774	7500
0:39:25	30.0	16873	15695	10186	8316	7913	7429	16985	15838	10874	8404	7840	7526
0:39:30	30.0	16842	15698	10272	8342	7893	7443	17020	15909	10907	8453	7774	7505
0:39:35	30.0	16800	15784	10207	8322	7934	7401	16952	15962	10963	8395	7837	7492
0:39:40	30.0	16777	15634	10268	8280	7899	7376	16920	16034	10986	8368	7794	7441
0:39:45	30.0	16761	15812	10194	8312	7845	7413	16977	15899	11028	8345	7826	7432
0:39:50	30.0	16777	15718	10220	8279	7883	7425	16831	16026	11010	8378	7764	7455
0:39:55	30.0	16832	15865	10233	8308	7975	7386	17018	16044	11081	8447	7795	7463
0:40:00	30.0	16854	15598	10254	8362	7941	7454	16947	16144	11068	8408	7866	7418
0:40:05	30.0	16650	15741	10251	8273	7889	7395	17003	16020	11000	8261	7835	7480
0:40:10	30.0	16754	15855	10201	8304	7942	7321	16842	15979	11083	8394	7785	7488
0:40:15	30.0	16817	15845	10199	8372	7887	7397	17094	15928	11086	8440	7845	7523
0:40:20	30.0	16758	15995	10275	8321	8003	7451	17003	16079	11062	8371	7812	7506
0:40:25	30.0	16616	15864	10306	8310	7893	7391	17015	16007	11025	8453	7856	7500
0:40:30	30.0	16753	15811	10343	8374	7924	7391	17152	16196	11099	8415	7842	7537
0:40:35	30.0	16786	15824	10354	8345	7905	7425	16968	16078	11089	8369	7847	7456
0:40:40	30.0	16727	15797	10379	8449	7936	7447	17025	15986	11122	8380	7804	7512
0:40:45	30.0	16857	15885	10371	8334	7990	7403	17107	16142	11081	8360	7816	7433
0:40:50	30.0	16674	15972	10321	8319	7920	7397	16939	16157	11060	8448	7914	7498
0:40:55	30.0	16918	15879	10355	8310	7919	7402	17058	16098	11105	8387	7889	7428
0:41:00	30.0	16872	15933	10363	8364	7893	7448	16977	16098	11086	8366	7876	7422
0:41:05	30.0	16859	15901	10374	8347	7910	7404	17081	16154	11146	8369	7886	7514
0:41:10	30.0	16637	15936	10429	8338	7956	7481	16913	16280	11054	8423	7907	7435
0:41:15	30.0	16694	16005	10370	8378	7881	7412	17021	16314	11215	8425	7820	7522
0:41:20	30.0	16826	15772	10477	8355	7887	7362	17027	16359	11155	8461	7838	7498
0:41:25	30.0	16698	15949	10308	8398	7914	7421	16968	16141	11240	8538	7854	7506
0:41:30	30.0	16806	15951	10435	8458	7965	7424	16871	16281	11077	8466	7759	7487
0:41:35	30.0	16679	16037	10504	8351	8006	7396	17051	16269	11202	8390	7840	7479
0:41:40	30.0	16651	15874	10431	8440	7927	7381	16903	16247	11152	8436	7875	7567
0:41:45	30.0	16856	15975	10332	8450	8011	7360	16950	16301	11246	8466	7750	7545
0:41:50	30.0	16835	15940	10505	8404	7917	7436	16825	16175	11172	8442	7798	7485
0:41:55	30.0	16811	16167	10387	8418	8006	7442	16938	16315	11189	8421	7869	7501
0:42:00	30.0	16730	15908	10486	8399	7957	7357	17086	16375	11266	8378	7910	7501
0:42:05	30.0	16742	16048	10499	8379	7930	7406	16875	16449	11283	8428	7850	7421
0:42:10	30.0	16854	15969	10564	8467	7872	7384	16958	16435	11338	8411	7899	7546
0:42:15	30.0	16761	16002	10414	8384	7961	7362	16969	16327	11363	8489	7907	7498
0:42:20	30.0	16780	16005	10528	8479	7905	7448	16849	16389	11358	8518	7867	7582
0:42:25	30.0	16796	16047	10532	8349	7935	7449	16961	16450	11357	8403	7852	7509
0:42:30	30.0	16666	15979	10466	8373	8017	7462	16955	16371	11233	8579	7832	7557
0:42:35	30.0	16970	16125	10493	8406	8017	7431	17000	16433	11271	8335	7857	7549
0:42:40	30.0	16715	16046	10448	8394	7960	7444	16959	16461	11333	8474	7855	7563
0:42:45	30.0	16777	16093	10548	8436	8037	7435	16982	16465	11296	8521	7912	7500
0:42:50	30.0	16659	16055	10527	8453	7965	7445	16919	16460	11288	8515	7917	7480
0:42:55	30.0	16805	16008	10563	8437	7979	7383	16952	16448	11321	8444	7920	7515
0:43:00	30.0	16820	16007	10415	8426	7903	7362	16877	16553	11384	8461	7875	7519
0:43:05	30.0	16741	16011	10564	8436	7953	7504	17103	16515	11291	8515	7929	7513
0:43:10	30.0	16706	16012	10567	8551	8073	7405	17012	16447	11349	8515	7860	7510
0:43:15	30.0	16728	16092	10526	8431	7985	7480	17024	16519	11368	8565	7905	7488
0:43:20	30.0	16863	16042	10572	8385	8009	7473	16895	16500	11408	8503	7855	7513
0:43:25	30.0	16902	16070	10571	8489	8018	7448	16794	16542	11375	8489	7905	7530
0:43:30	30.0	16641	16062	10614	8413	7911	7417	16901	16673	11434	8514	7910	7527
0:43:35	30.0	16756	16118	10641	8490	8029	7415	16966	16345	11467	8490	7878	7511
0:43:40	30.0	16732	16181	10492	8473	8042	7436	16831	16658	11444	8507	7923	7482
0:43:45	30.0	16843	16155	10566	8463	8032	7427	16859	16605	11478	8611	7929	7545
0:43:50	30.0	16698	16020	10576	8446	8037	7443	16929	16641	11484	8512	7914	7522
0:43:55	30.0	16784	16130	10591	8472	8011	7462	16937	16680	11488	8504	7961	7461
0:44:00	30.0	16739	16060	10645	8442	7989	7471	16965	16691	11517	8501	7950	7557
0:44:05	30.0	16801	16136	10689	8478	8013	7487	16883	16533	11497	8541	7997	7549
0:44:10	30.0	16823	16160	10715	8478	7956	7385	16962	16554	11465	8507	7898	7519
0:44:15	30.0	16695	16148	10566	8559	8037	7444	16941	16715	11574	8526	7901	7508
0:44:20	30.0	16782	16111	10621	8466	8018	7448	16950	16700	11511	8527	7949	7490
0:44:25	30.0	16825	15938	10624	8488	8114	7429	16901	16586	11543	8522	7847	7566
0:44:30	30.0	16634	16164	10667	8534	7969	7509	17101	16523	11522	8503	7902	7635
0:44:35	30.0	16773	16118	10645	8467	8001	7410	16837	16674	11563	8506	7905	7534
0:44:40	30.0	16734	16189	10693	8528	8016	7433	16971	16706	11524	8560	7942	7557
0:44:45	30.0	16776	16063	10714	8563	8113	7428	16942	16650	11567	8569	7980	7541
0:44:50	30.0	16696	16194	10730	8520	8088	7508	16953	16714	11541	8489	7916	7558
0:44:55	30.0	16874	16238	10650	8531	8052	7495	16832	16659	11515	8556	7846	7485
0:45:00	30.0	16715	16267	10681	8533	8076	7459	16928	16777	11562	8564	7950	7593
0:45:05	30.0	16878	16084	10735	8512	8067	7435	16981	16721	11571	8571	7962	7533
0:45:10	30.0	16757	16139	10701	8524	8011	7470	16910	16713	11546	8488	7892	7470
0:45:15	30.0	16737	16219	10595	8464	8013	7496	17020	16693	11558	8553	7954	7595
0:45:20	30.0	16776	16141	10708	8512	8055	7459	16862	16643	11536	8555	7978	7547
0:45:25	30.0	16750	16027	10733	8492	8046	7478	17043	16762	11579	8611	7937	7547
0:45:30	30.0	16778	16061	10737	8571	8088	7467	16949	16670	11484	8577	7998	7594
0:45:35	30.0	16635	16201	10716	8550	8101	7479	16849	16677	11545	8568	7957	7499
0:45:40	30.0	16675	16109	10786	8567	7980	7437	16933	16810	11657	8560	7951	7553
0:45:45	30.0	16741	16214	10808	8523	8026	7471	16848	16711	11594	8607	7952	7527
0:45:50	30.0	16767	16214	10809	8509	8030	7490	16818	16643	11534	8625	7944	7512
0:45:55	30.0	16805	16235	10763	8522	8053	7488	16957	16702	11594	8610	7976	7570
0:46:00	30.0	16830	16241	10787	8612	8051	7428	16928	16667	11706	8571	7987	7560
0:46:05	30.0	16765	16180	10810	8524	8052	7488	16968	16784	11679	8606	7946	7549
0:46:10	30.0	16748	16280	10865	8606	7991	7551	16969	16791	11594	8570	7976	7552
0:46:15	30.0	16730	15951	10787	8503	8064	7508	16957	16815	11658	8645	7903	7505
0:46:20	30.0	16613	16215	10862	8520	8060	7488	16950	16812	11831	8574	7987	7579
0:46:25	30.0	16846	16316	10807	8561	8100	7454	16916	16642	11600	8614	8011	7512
0:46:30	30.0	16788	16208	10855	8636	8163	7497	16929	16809	11598	8532	7957	7601
0:46:35	30.0	16644	16081	10826	8607	8062	7475	16883	16922	11801	8585	7981	7549
0:46:40	30.0	16664	16113	10809	8599	8036	7438	16915	16926	11726	8719	7943	7570
0:46:45	30.0	16713	16234	10817	8606	8070	7475	16952	16725	11682	8593	7979	7557
0:46:50	30.0	16722	16113	10885	8581	8101	7485	16948	16785	11757	8661	7918	7521
0:46:55	30.0	16699	16119	10972	8502	8088	7439	16977	16736	11808	8593	7984	7519
0:47:00	30.0	16623	16159	10847	8573	8167	7515	17021	16857	11666	8580	7965	7564
0:47:05	30.0	16812	16144	10890	8537	8026	7480	17052	16754	11737	8640	8014	7591
0:47:10	30.0	16704	16252	10945	8534	8062	7462	16899	16815	11796	8691	7976	7583
0:47:15	30.0	16705	16176	10895	8611	8085	7528	16996	16833	11795	8644	7946	7620
0:47:20	30.0	16793	16082	10862	8625	8100	7484	16826	16910	11822	8635	7958	7560
0:47:25	30.0	16745	16205	10926	8610	8083	7468	16901	16842	11846	8675	8101	7530
0:47:30	30.0	16785	16327	10886	8613	8101	7438	16831	16821	11905	8671	8031	7539
0:47:35	30.0	16717	16026	10853	8583	8076	7522	16888	16782	11742	8677	7919	7540
0:47:40	30.0	16752	16179	11000	8639	8106	7494	16841	16814	11818	8689	7994	7536
0:47:45	30.0	16863	16185	10918	8614	8140	7531	16999	16823	11818	8665	8004	7584
0:47:50	30.0	16753	16086	11023	8611	8035	7510	16908	16953	11860	8736	7943	7599
0:47:55	30.0	16719	16068	11086	8582	8132	7509	16978	16844	11811	8630	8091	7607
0:48:00	30.0	16774	16159	11028	8560	8094	7433	16809	16859	11939	8693	8009	7533
0:48:05	30.0	16813	16135	11049	8569	8114	7499	16979	16743	11834	8631	8068	7572
0:48:10	30.0	16855	16151	10987	8598	8085	7464	16837	16719	11844	8716	7992	7576
0:48:15	30.0	16726	16206	10939	8589	8112	7517	16924	16916	11902	8688	8024	7556
0:48:20	30.0	16795	16230	10936	8602	8159	7485	16864	16841	11847	8615	7973	7532
0:48:25	30.0	16767	16249	11003	8619	8170	7488	16814	16900	11908	8724	8041	7574
0:48:30	30.0	16743	16096	11003	8669	8155	7504	16875	16833	11877	8712	8020	7540
0:48:35	30.0	16714	16082	11128	8642	8086	7495	16967	16825	11919	8724	8012	7589
0:48:40	30.0	16773	16229	11029	8649	8143	7497	16858	16872	12016	8725	8021	7607
0:48:45	30.0	16637	16094	11063	8654	8074	7503	16870	16897	12051	8623	8046	7591
0:48:50	30.0	16795	16203	11015	8700	8148	7495	16834	16765	11902	8774	7970	7649
0:48:55	30.0	16777	16200	11063	8652	8139	7476	16935	16819	11940	8665	8046	7557
0:49:00	30.0	16755	16184	11095	8682	8166	7491	16887	16755	11927	8728	8003	7598
0:49:05	30.0	16867	16275	11070	8652	8144	7529	16847	16792	12018	8718	8102	7560
0:49:10	30.0	16630	16183	11024	8717	8039	7564	16864	16898	12070	8749	8033	7564
0:49:15	30.0	16693	16195	11166	8641	8112	7472	17100	16798	12092	8725	8029	7533
0:49:20	30.0	16877	16210	11110	8696	8166	7466	16839	16790	12003	8743	8031	7551
0:49:25	30.0	16670	16147	11117	8693	8168	7491	17016	16872	12010	8753	8025	7599
0:49:30	30.0	16677	16236	11210	8665	8174	7500	17012	16942	12032	8675	8124	7648
0:49:35	30.0	16631	16130	11032	8744	8204	7556	16862	16818	12054	8724	8057	7648
0:49:40	30.0	16850	16096	11159	8740	8151	7514	16908	16662	12124	8713	8092	7525
0:49:45	30.0	16824	16069	11098	8693	8127	7475	16925	16872	12054	8720	8066	7618
0:49:50	30.0	16742	16063	11131	8676	8208	7514	16854	16924	12214	8711	8041	7651
0:49:55	30.0	16627	16223	11185	8656	8120	7518	16893	16653	12046	8743	8043	7585
0:50:00	30.0	16739	16027	11197	8668	8146	7499	16886	16855	12177	8808	8032	7592
0:50:05	30.0	16609	16117	11240	8722	8170	7504	16861	16835	12081	8704	8081	7611
0:50:10	30.0	16732	16032	11129	8639	8148	7536	16937	16839	12121	8750	8026	7589
0:50:15	30.0	16788	16076	11112	8734	8158	7555	16949	16826	12053	8824	8026	7559
0:50:20	30.0	16736	16104	11266	8675	8188	7529	16881	16836	12151	8749	8059	7583
0:50:25	30.0	16685	16187	11169	8714	8138	7542	16941	17003	12113	8742	8060	7637
0:50:30	30.0	16733	16176	11145	8632	8135	7517	16821	16875	12085	8686	8060	7620
0:50:35	30.0	16693	16193	11061	8677	8147	7521	16866	16860	12093	8809	8105	7579
0:50:40	30.0	16705	16136	11059	8698	8101	7518	16801	16765	12186	8758	8085	7596
0:50:45	30.0	16814	16167	11219	8708	8205	7553	16978	16826	12151	8817	8092	7677
0:50:50	30.0	16645	16075	11278	8727	8203	7499	16952	16859	12233	8839	8058	7621
0:50:55	30.0	16819	16164	11255	8687	8159	7501	16851	16986	12160	8742	8040	7662
0:51:00	30.0	16888	16079	11190	8819	8218	7502	16945	16928	12243	8840	8113	7648
0:51:05	30.0	16720	16202	11205	8715	8223	7550	16850	16751	12196	8789	8098	7660
0:51:10	30.0	16802	16066	11267	8789	8152	7539	16964	16840	12249	8851	8058	7615
0:51:15	30.0	16564	16284	11235	8790	8171	7569	16826	16880	12155	8828	8134	7613
0:51:20	30.0	16744	16140	11268	8749	8192	7514	16787	16819	12247	8816	8109	7651
0:51:25	30.0	16662	16118	11233	8743	8173	7509	16886	16831	12180	8760	8084	7556
0:51:30	30.0	16687	16114	11181	8796	8236	7494	16985	16890	12289	8787	8140	7554
0:51:35	30.0	16637	16161	11273	8689	8181	7472	16909	16880	12160	8850	8092	7570
0:51:40	30.0	16743	16087	11297	8718	8149	7575	16862	16767	12240	8800	8085	7632
0:51:45	30.0	16690	16212	11369	8752	8194	7583	16905	16773	12307	8837	8148	7656
0:51:50	30.0	16640	16196	11301	8757	8235	7542	16949	16862	12348	8817	8077	7594
0:51:55	30.0	16725	16182	11230	8731	8251	7569	16952	16878	12336	8836	8071	7681
0:52:00	30.0	16807	16213	11281	8786	8198	7508	16765	16826	12375	8864	8113	7607
0:52:05	30.0	16720	16094	11423	8715	8165	7492	16976	16903	12366	8763	8159	7561
0:52:10	30.0	16619	16131	11313	8852	8235	7570	16834	16821	12344	8839	8132	7626
0:52:15	30.0	16788	16140	11415	8832	8205	7616	16768	16915	12282	8833	8139	7615
0:52:20	30.0	16624	16170	11275	8734	8146	7512	16953	16920	12422	8846	8084	7632
0:52:25	30.0	16816	16064	11240	8777	8191	7526	16771	16743	12403	8890	8108	7606
0:52:30	30.0	16588	16100	11432	8768	8194	7611	16832	16839	12285	8870	8187	7655
0:52:35	30.0	16629	16136	11347	8769	8203	7521	16833	16757	12365	8836	8078	7653
0:52:40	30.0	16619	16341	11261	8770	8155	7552	16775	16783	12404	8872	8074	7595
0:52:45	30.0	16673	16159	11393	8836	8221	7576	17027	16757	12331	8883	8140	7596
0:52:50	30.0	16761	16191	11384	8833	8287	7537	16900	16864	12302	8848	8129	7707
0:52:55	30.0	16754	16071	11392	8792	8218	7529	16754	16700	12377	8850	8079	7632
0:53:00	30.0	16683	16033	11330	8810	8200	7554	16886	16792	12447	8845	8115	7583
0:53:05	30.0	16622	16243	11425	8748	8274	7565	16876	16857	12452	8914	8146	7677
0:53:10	30.0	16789	16195	11359	8779	8219	7568	16701	16838	12507	8846	8164	7576
0:53:15	30.0	16758	16093	11399	8718	8218	7497	16837	16716	12466	8863	8068	7620
0:53:20	30.0	16701	16257	11409	8779	8312	7598	16801	16775	12528	8827	8117	7647
0:53:25	30.0	16703	16143	11481	8909	8275	7506	16937	16809	12395	8835	8126	7604
0:53:30	30.0	16804	16185	11508	8812	8239	7506	16946	16852	12334	8900	8200	7601
0:53:35	30.0	16750	16180	11370	8811	8322	7490	16841	16725	12572	8842	8100	7694
0:53:40	30.0	16767	15981	11433	8842	8231	7562	17027	16742	12569	8906	8121	7636
0:53:45	30.0	16653	16134	11432	8783	8206	7546	16938	16857	12537	8877	8149	7631
0:53:50	30.0	16856	16156	11446	8874	8209	7492	16791	16887	12573	8898	8146	7601
0:53:55	30.0	16612	16230	11451	8858	8212	7523	16854	16798	12518	8942	8093	7641
0:54:00	30.0	16656	16121	11437	8894	8257	7510	16914	16880	12521	8900	8121	7633
0:54:05	30.0	16627	16195	11468	8753	8199	7539	16906	16907	12551	8926	8153	7556
0:54:10	30.0	16724	16167	11452	8800	8268	7599	16865	16830	12609	8901	8123	7669
0:54:15	30.0	16651	16195	11482	8851	8268	7573	16829	16794	12596	8858	8099	7553
0:54:20	30.0	16735	16104	11631	8872	8208	7535	17001	16842	12538	8943	8187	7658
0:54:25	30.0	16682	16083	11474	8898	8254	7586	16856	16834	12527	8964	8163	7608
0:54:30	30.0	16758	16112	11511	8892	8264	7582	16931	16786	12495	8954	8139	7651
0:54:35	30.0	16552	16154	11487	8863	8310	7508	16989	16869	12588	8966	8133	7675
0:54:40	30.0	16845	16186	11561	8897	8328	7618	16891	16804	12549	8940	8192	7659
0:54:45	30.0	16840	16145	11615	8872	8228	7591	16884	16873	12608	8896	8133	7650
0:54:50	30.0	16783	16239	11547	8884	8321	7571	16864	16703	12611	9036	8116	7659
0:54:55	30.0	16727	16252	11550	8876	8257	7584	16817	16823	12615	8960	8126	7602
0:55:00	30.0	16795	16155	11537	8910	8276	7470	16806	16939	12593	8913	8188	7667
0:55:05	30.0	16767	16162	11497	8846	8312	7571	16691	16859	12635	8813	8177	7652
0:55:10	30.0	16764	16130	11586	8887	8234	7569	16889	16841	12636	8964	8194	7646
0:55:15	30.0	16561	16038	11537	8858	8218	7589	16928	16733	12610	8958	8130	7604
0:55:20	30.0	16679	16073	11640	8925	8296	7579	16736	16920	12688	8942	8194	7633
0:55:25	30.0	16677	16126	11586	8867	8280	7594	16955	16832	12655	8948	8219	7699
0:55:30	30.0	16704	16204	11638	8912	8283	7583	16878	16797	12794	9020	8233	7663
0:55:35	30.0	16755	16205	11579	8965	8219	7562	16908	16925	12693	8946	8163	7649
0:55:40	30.0	16795	16220	11633	8901	8324	7557	16872	16963	12718	8938	8189	7713
0:55:45	30.0	16669	16184	11591	8883	8288	7579	16793	16896	12760	9048	8103	7644
0:55:50	30.0	16548	16183	11653	8934	8336	7527	16787	16751	12757	8931	8226	7646
0:55:55	30.0	16718	16177	11693	8957	8173	7581	16851	16854	12588	8966	8186	7654
0:56:00	30.0	16570	16061	11555	8904	8282	7634	16756	16770	12785	8945	8193	7630
0:56:05	30.0	16662	15972	11634	8887	8320	7565	16786	16792	12685	8989	8234	7673
0:56:10	30.0	16613	16206	11699	8893	8319	7552	16816	16736	12710	9036	8164	7641
0:56:15	30.0	16658	16140	11640	8946	8344	7579	16819	16712	12664	8956	8192	7675
0:56:20	30.0	16747	16120	11723	8895	8326	7561	16903	16871	12774	9022	8148	7636
0:56:25	30.0	16581	16182	11688	8876	8285	7600	16711	16798	12746	8981	8247	7628
0:56:30	30.0	16597	16158	11712	8950	8282	7560	17022	16717	12824	8987	8252	7684
0:56:35	30.0	16726	16143	11648	8884	8324	7628	16880	16825	12722	9029	8253	7672
0:56:40	30.0	16664	16135	11745	8930	8314	7539	16740	16856	12744	9116	8224	7646
0:56:45	30.0	16615	16201	11715	9019	8319	7618	16839	16880	12882	9058	8190	7666
0:56:50	30.0	16742	16100	11725	8902	8418	7597	16716	16770	12763	8977	8199	7649
0:56:55	30.0	16676	16076	11716	9035	8285	7558	16752	16802	12887	9119	8172	7611
0:57:00	30.0	16735	16125	11718	8958	8351	7605	16969	16844	12801	8937	8191	7699
0:57:05	30.0	16778	16111	11749	9034	8333	7604	16750	16968	12757	9012	8168	7634
0:57:10	30.0	16630	16091	11654	8968	8327	7521	16790	16783	12832	9021	8214	7667
0:57:15	30.0	16609	16209	11677	8910	8363	7607	16880	16775	12802	9008	8276	7664
0:57:20	30.0	16713	16071	11725	8941	8294	7631	16863	16897	12879	9054	8268	7747
0:57:25	30.0	16585	16117	11761	8930	8368	7537	16794	16706	12890	8998	8253	7730
0:57:30	30.0	16686	16152	11835	8985	8323	7606	16807	16764	12766	9091	8215	7613
0:57:35	30.0	16737	16108	11759	8961	8275	7586	16884	16771	12952	9089	8179	7709
0:57:40	30.0	16815	16192	11838	8942	8328	7562	16881	16829	12843	9048	8194	7705
0:57:45	30.0	16771	16101	11808	8881	8308	7568	16785	16834	12990	9013	8299	7719
0:57:50	30.0	16618	16075	11738	8987	8351	7582	16823	16794	12882	8995	8253	7775
0:57:55	30.0	16750	16085	11783	8987	8373	7656	16893	16747	12957	9063	8222	7670
0:58:00	30.0	16719	15923	11795	9007	8352	7629	16820	16771	12973	9034	8210	7665
0:58:05	30.0	16647	16174	11847	8996	8333	7604	16801	16792	12922	8960	8308	7686
0:58:10	30.0	16706	16127	11876	9025	8343	7593	16778	16890	13059	9065	8221	7648
0:58:15	30.0	16665	16203	11922	8960	8387	7548	16818	16949	13040	9062	8265	7622
0:58:20	30.0	16601	16027	11811	8964	8313	7694	16819	16766	12968	9099	8189	7692
0:58:25	30.0	16658	16297	11885	8950	8340	7536	16792	16745	12969	9073	8193	7670
0:58:30	30.0	16510	16076	11888	8999	8425	7619	16753	16959	12906	9149	8254	7647
0:58:35	30.0	16617	16115	11832	8990	8334	7565	16807	16951	13039	9070	8279	7760
0:58:40	30.0	16741	16082	11903	9062	8374	7627	16863	16861	13034	9129	8242	7704
0:58:45	30.0	16664	16115	11821	9001	8378	7621	16825	16769	13067	9134	8157	7732
0:58:50	30.0	16580	16175	11900	8984	8396	7572	16760	16871	12960	9066	8255	7694
0:58:55	30.0	16681	16144	11804	9023	8481	7554	16673	16743	13033	9017	8237	7657
0:59:00	30.0	16591	16022	11962	9016	8384	7576	16749	16874	12969	9125	8291	7747
0:00:00	0.0												
0:00:00	0.0												
0:00:00	0.0												
0:00:00	0.0												
0:00:00	0.0												
0:00:00	0.0												
0:00:00	0.0												
0:00:00	0.0												
0:00:00	0.0												
0:00:00	0.0												
0:00:00	0.0												
0:00:00	0.0												
0:00:00	0.0												
0:00:00	0.0												
0:00:00	0.0												
0:00:00	0.0												
0:00:00	0.0												
0:00:00	0.0												
0:00:00	0.0												
0:00:00	0.0												
0:00:00	0.0												
0:00:00	0.0												
0:00:00	0.0												
0:00:00	0.0												
0:00:00	0.0												
0:00:00	0.0												
0:00:00	0.0												
0:00:00	0.0												
0:00:00	0.0												
0:00:00	0.0												
0:00:00	0.0												
0:00:00	0.0												
0:00:00	0.0												
0:00:00	0.0												
0:00:00	0.0												
0:00:00	0.0												
0:00:00	0.0												
0:00:00	0.0												
0:00:00	0.0												
0:00:00	0.0												
0:00:00	0.0												
0:00:00	0.0												
0:00:00	0.0												
0:00:00	0.0												
0:00:00	0.0												
0:00:00	0.0												
0:00:00	0.0												
0:00:00	0.0												
0:00:00	0.0												
0:00:00	0.0												
0:00:00	0.0												
0:00:00	0.0												
0:00:00	0.0												
0:00:00	0.0												
0:00:00	0.0												
0:00:00	0.0												
0:00:00	0.0												
0:00:00	0.0												
0:00:00	0.0												
0:00:00	0.0												
0:00:00	0.0												
0:00:00	0.0												
0:00:00	0.0												
0:00:00	0.0												
0:00:00	0.0												
0:00:00	0.0												
0:00:00	0.0												
0:00:00	0.0												
0:00:00	0.0												
0:00:00	0.0												
0:00:00	0.0												
0:00:00	0.0												
0:00:00	0.0												
0:00:00	0.0												
0:00:00	0.0												
0:00:00	0.0												
0:00:00	0.0												
0:00:00	0.0												
0:00:00	0.0												
0:00:00	0.0												
0:00:00	0.0												
0:00:00	0.0												
0:00:00	0.0												
0:00:00	0.0												
0:00:00	0.0												
0:00:00	0.0												
0:00:00	0.0												
0:00:00	0.0												
0:00:00	0.0												
0:00:00	0.0												
0:00:00	0.0												
0:00:00	0.0												
0:00:00	0.0												
0:00:00	0.0												
0:00:00	0.0												
0:00:00	0.0												
0:00:00	0.0												
0:00:00	0.0												
0:00:00	0.0												
0:00:00	0.0												
0:00:00	0.0												
0:00:00	0.0												
0:00:00	0.0												
0:00:00	0.0												
0:00:00	0.0												
0:00:00	0.0												
0:00:00	0.0												
0:00:00	0.0												
0:00:00	0.0												
0:00:00	0.0												
0:00:00	0.0												
0:00:00	0.0												
0:00:00	0.0												
0:00:00	0.0												
0:00:00	0.0												
0:00:00	0.0												
0:00:00	0.0												
0:00:00	0.0												
0:00:00	0.0												
0:00:00	0.0												
0:00:00	0.0												
0:00:00	0.0												
0:00:00	0.0												
0:00:00	0.0												
0:00:00	0.0												
0:00:00	0.0												
0:00:00	0.0												
0:00:00	0.0												
0:00:00	0.0												
0:00:00	0.0												
0:00:00	0.0												
0:00:00	0.0												
0:00:00	0.0												
0:00:00	0.0												
0:00:00	0.0												
0:00:00	0.0												
0:00:00	0.0												
0:00:00	0.0												
0:00:00	0.0												
0:00:00	0.0												
0:00:00	0.0												
0:00:00	0.0												
0:00:00	0.0												
0:00:00	0.0												
0:00:00	0.0												
0:00:00	0.0												
0:00:00	0.0												
0:00:00	0.0												
0:00:00	0.0												
0:00:00	0.0												
0:00:00	0.0												
0:00:00	0.0												
0:00:00	0.0												
0:00:00	0.0												
0:00:00	0.0												
0:00:00	0.0												
0:00:00	0.0												
0:00:00	0.0												
0:00:00	0.0												
0:00:00	0.0												
0:00:00	0.0												
0:00:00	0.0												
0:00:00	0.0												
0:00:00	0.0												
0:00:00	0.0												
0:00:00	0.0												
0:00:00	0.0												
0:00:00	0.0												
0:00:00	0.0												
0:00:00	0.0												
0:00:00	0.0												
0:00:00	0.0												
0:00:00	0.0												
0:00:00	0.0												
0:00:00	0.0												
0:00:00	0.0												
0:00:00	0.0												
0:00:00	0.0												
0:00:00	0.0												
0:00:00	0.0												
0:00:00	0.0												
0:00:00	0.0												
0:00:00	0.0												
0:00:00	0.0												
0:00:00	0.0												
0:00:00	0.0												
0:00:00	0.0												
0:00:00	0.0												
0:00:00	0.0												
0:00:00	0.0												
0:00:00	0.0												
0:00:00	0.0												
0:00:00	0.0												
0:00:00	0.0												
0:00:00	0.0												
0:00:00	0.0												
0:00:00	0.0												
0:00:00	0.0												
0:00:00	0.0												
0:00:00	0.0												
0:00:00	0.0												
0:00:00	0.0												
0:00:00	0.0												
0:00:00	0.0												
0:00:00	0.0												
0:00:00	0.0												
0:00:00	0.0												
0:00:00	0.0												
0:00:00	0.0												
0:00:00	0.0												
0:00:00	0.0												
0:00:00	0.0												
0:00:00	0.0												
0:00:00	0.0												
0:00:00	0.0												
0:00:00	0.0												
0:00:00	0.0												
0:00:00	0.0												
0:00:00	0.0												
0:00:00	0.0												
0:00:00	0.0												
0:00:00	0.0												
0:00:00	0.0												
0:00:00	0.0												
0:00:00	0.0												
0:00:00	0.0												
0:00:00	0.0												
0:00:00	0.0												
0:00:00	0.0												
0:00:00	0.0												
0:00:00	0.0												
0:00:00	0.0												
0:00:00	0.0												
0:00:00	0.0												
0:00:00	0.0												
0:00:00	0.0												
0:00:00	0.0												
0:00:00	0.0												
0:00:00	0.0												
0:00:00	0.0												
0:00:00	0.0												
0:00:00	0.0												
0:00:00	0.0												
0:00:00	0.0												
0:00:00	0.0												
0:00:00	0.0												
0:00:00	0.0												
0:00:00	0.0												
0:00:00	0.0												
0:00:00	0.0												
0:00:00	0.0												
0:00:00	0.0												

Results
	1	2	3	4	5	6	7	8	9	10	11	12
A													Max V [425,457]
													R-Squared [425,457]
													t at Max V [425,457]
													Lagtime [425,457]
B													Max V [425,457]
													R-Squared [425,457]
													t at Max V [425,457]
													Lagtime [425,457]
C	3648000.000	-3948000.000	2304000.000	-1704000.000	-1956000.000	1944000.000	4800000.000	-3936000.000	2856000.000	-2928000.000	1776000.000	-2016000.000	Max V [425,457]
	1.000	1.000	1.000	1.000	1.000	1.000	1.000	1.000	1.000	1.000	1.000	1.000	R-Squared [425,457]
	0:42:33	0:46:13	0:52:28	0:03:28	0:55:53	0:00:03	0:36:28	0:43:33	0:53:33	0:42:33	0:47:53	0:16:03	t at Max V [425,457]
	0:39:54	0:48:32	0:50:35	0:03:34	0:56:33	0:00:00	0:34:26	0:45:57	0:51:39	0:43:03	0:47:15	0:16:10	Lagtime [425,457]
D													Max V [425,457]
													R-Squared [425,457]
													t at Max V [425,457]
													Lagtime [425,457]
E													Max V [425,457]
													R-Squared [425,457]
													t at Max V [425,457]
													Lagtime [425,457]
F													Max V [425,457]
													R-Squared [425,457]
													t at Max V [425,457]
													Lagtime [425,457]
G													Max V [425,457]
													R-Squared [425,457]
													t at Max V [425,457]
													Lagtime [425,457]
H													Max V [425,457]
													R-Squared [425,457]
													t at Max V [425,457]
													Lagtime [425,457]

