

Software Version	3.03.14



Experiment File Path:	C:\Users\Public\Documents\Experiments\Tina\20190123_GAP_assay.xpt
Protocol File Path:	C:\Users\Public\Documents\Protocols\Tina\GAP_sensor_assay.prt



Plate Number	Plate 1
Date	1/23/2019
Time	3:18:42 PM
Reader Type:	Synergy H1
Reader Serial Number:	1803011C
Reading Type	Reader

Procedure Details

Plate Type	Costar 96 well half area
Set Temperature	Setpoint 30°C
Start Kinetic	Runtime 1:00:00 (HH:MM:SS), Interval 0:00:05, 721 Reads
    Read	Fluorescence Endpoint
	G1..G12
	Filter Set 1
	    Excitation: 425,  Emission: 457
	    Optics: Bottom,  Gain: 57
	Light Source: Xenon Flash,  Lamp Energy: High
	Read Speed: Normal,  Delay: 0 msec,  Measurements/Data Point: 5
	Read Height: 7 mm
End Kinetic	

Layout
	1	2	3	4	5	6	7	8	9	10	11	12
A													Well ID
B													Well ID
C													Well ID
D													Well ID
E													Well ID
F													Well ID
G	SPL1	SPL2	SPL3	SPL4	SPL5	SPL6	SPL7	SPL8	SPL9	SPL10	SPL11	SPL14	Well ID
H													Well ID

425,457

Time	T° 425,457	G1	G2	G3	G4	G5	G6	G7	G8	G9	G10	G11	G12
0:00:00	30.0	3773	3792	3754	3963	5651	5851	5931	6309	6568	6824	6920	7118
0:00:05	30.0	3635	3857	3846	4023	5731	5899	6073	6365	6684	6985	7183	7315
0:00:10	30.0	3658	3883	3868	4109	5875	6038	6212	6530	6878	7208	7353	7434
0:00:15	30.0	3709	3945	3919	4202	5968	6140	6350	6633	7036	7412	7534	7652
0:00:20	30.0	3748	3947	3992	4262	6107	6288	6465	6773	7177	7585	7659	7812
0:00:25	30.0	3799	4025	4066	4360	6199	6352	6569	6914	7321	7613	7953	7982
0:00:30	30.0	3856	4074	4110	4505	6200	6453	6647	7097	7507	7823	8055	8105
0:00:35	30.0	3874	4110	4193	4608	6392	6552	6773	7211	7684	8121	8271	8266
0:00:40	30.0	3919	4177	4226	4743	6493	6630	6894	7271	7861	8295	8414	8379
0:00:45	30.0	3919	4184	4293	4831	6521	6764	6981	7498	7989	8431	8606	8531
0:00:50	30.0	4052	4235	4361	4994	6708	6856	7112	7593	8037	8653	8719	8765
0:00:55	30.0	4107	4260	4389	5104	6702	6932	7293	7738	8261	8736	8950	8909
0:01:00	30.0	4167	4320	4458	5185	6822	7086	7453	7876	8435	8906	9120	9113
0:01:05	30.0	4152	4348	4499	5247	6939	7152	7444	8015	8562	9131	9397	9251
0:01:10	30.0	4163	4407	4590	5250	7029	7260	7614	8101	8760	9290	9490	9473
0:01:15	30.0	4119	4425	4637	5317	7163	7419	7807	8332	8988	9456	9633	9618
0:01:20	30.0	4162	4476	4733	5459	7331	7500	7819	8420	9108	9591	9821	9705
0:01:25	30.0	4168	4561	4744	5556	7414	7569	7986	8605	9281	9843	9997	9946
0:01:30	30.0	4147	4542	4843	5599	7515	7729	8137	8660	9437	10033	10193	10017
0:01:35	30.0	4183	4668	4860	5767	7591	7855	8295	8906	9602	10267	10404	10213
0:01:40	30.0	4240	4640	4966	5885	7748	7925	8293	9027	9789	10377	10577	10418
0:01:45	30.0	4219	4783	4976	5957	7936	8021	8470	9200	9824	10511	10757	10547
0:01:50	30.0	4272	4771	5041	6058	8092	8052	8633	9312	10084	10712	11003	10718
0:01:55	30.0	4304	4869	5120	6105	8207	8278	8750	9465	10221	10926	11196	10795
0:02:00	30.0	4308	4878	5136	6215	8324	8338	8918	9574	10408	11113	11389	11100
0:02:05	30.0	4344	4938	5222	6277	8445	8531	8902	9756	10540	11195	11440	11315
0:02:10	30.0	4355	4977	5288	6329	8554	8673	9093	9883	10726	11430	11625	11400
0:02:15	30.0	4394	5007	5352	6473	8648	8697	9077	10055	10927	11601	11881	11620
0:02:20	30.0	4387	5055	5307	6485	8775	8858	9309	10119	11065	11820	12039	11720
0:02:25	30.0	4423	5122	5402	6542	8903	9066	9378	10296	11311	11910	12236	12040
0:02:30	30.0	4424	5136	5503	6532	8955	9183	9581	10507	11427	12174	12478	12239
0:02:35	30.0	4369	5150	5498	6581	9111	9309	9635	10632	11447	12335	12638	12296
0:02:40	30.0	4371	5171	5497	6661	9085	9624	9735	10687	11770	12582	12832	12632
0:02:45	30.0	4420	5205	5536	6732	9246	9695	9880	10874	11883	12631	12927	12779
0:02:50	30.0	4421	5269	5550	6785	9344	9788	10100	11092	12086	12903	13172	12984
0:02:55	30.0	4450	5228	5654	6844	9410	10040	10091	11188	12164	12969	13247	13261
0:03:00	30.0	4471	5290	5661	6892	9529	10281	10305	11316	12190	13293	13406	13369
0:03:05	30.0	4476	5311	5649	6924	9501	10371	10377	11371	12557	13435	13574	13630
0:03:10	30.0	4491	5345	5726	7027	9506	10499	10610	11617	12718	13629	13769	13818
0:03:15	30.0	4505	5376	5713	7083	9642	10720	10684	11705	12800	13826	13919	13917
0:03:20	30.0	4530	5381	5795	6998	9733	10677	10845	11975	12949	13888	14111	14148
0:03:25	30.0	4576	5391	5767	7063	9762	10950	10882	11952	13160	14232	14393	14263
0:03:30	30.0	4556	5398	5731	7127	9783	11097	11038	12112	13302	14257	14495	14241
0:03:35	30.0	4612	5441	5804	7184	9953	11113	11177	12251	13398	14455	14618	14601
0:03:40	30.0	4562	5450	5855	7249	10000	11408	11160	12456	13759	14673	14740	14766
0:03:45	30.0	4602	5436	5859	7277	10033	11519	11396	12488	13735	15003	14980	15038
0:03:50	30.0	4567	5509	5917	7375	10048	11573	11509	12809	13944	15034	15009	15129
0:03:55	30.0	4619	5496	5873	7374	10143	11586	11646	12922	13992	15411	15076	15195
0:04:00	30.0	4646	5519	5897	7464	10194	11714	11792	12832	14162	15550	15489	15456
0:04:05	30.0	4668	5485	5942	7475	10241	11847	11737	13033	14435	15527	15455	15630
0:04:10	30.0	4699	5523	5969	7549	10355	11878	11944	13094	14598	15906	15749	15668
0:04:15	30.0	4716	5549	5960	7497	10360	12064	12012	13309	14567	16115	15789	15817
0:04:20	30.0	4706	5525	5992	7602	10536	11990	12241	13473	14819	16325	16129	15935
0:04:25	30.0	4697	5587	5967	7656	10581	12161	12137	13472	14888	16408	16219	16232
0:04:30	29.9	4652	5578	6013	7674	10592	12201	12337	13637	15071	16443	16416	16448
0:04:35	30.0	4725	5573	6048	7701	10771	12310	12605	13742	15268	16857	16501	16490
0:04:40	30.0	4729	5650	6032	7722	10782	12422	12582	13911	15336	16761	16752	16616
0:04:45	30.1	4764	5629	6025	7768	10851	12515	12694	14120	15526	17044	16767	16860
0:04:50	30.1	4782	5653	6072	7822	10996	12572	12690	14243	15782	17279	17013	17040
0:04:55	30.0	4762	5624	6078	7868	10837	12540	12976	14317	15928	17532	17290	17210
0:05:00	30.0	4769	5696	6091	7897	10970	12656	12975	14364	16022	17597	17345	17457
0:05:05	30.0	4849	5625	6165	7966	11062	12599	13015	14600	16135	17871	17475	17598
0:05:10	30.0	4783	5684	6145	7906	11149	12859	13207	14685	16344	17846	17745	17785
0:05:15	30.0	4817	5696	6122	7958	11169	12857	13388	14720	16471	18002	17724	18034
0:05:20	30.0	4801	5663	6108	7957	11163	12866	13353	14873	16626	18159	17889	18132
0:05:25	30.0	4863	5727	6147	8063	11364	13090	13501	15012	16579	18534	18117	18451
0:05:30	30.0	4817	5752	6196	8103	11369	13053	13559	15004	17009	18732	18259	18575
0:05:35	30.0	4849	5763	6188	8043	11398	13263	13654	15242	17063	18741	18526	18663
0:05:40	30.1	4863	5663	6197	8158	11407	13249	13645	15253	17049	18835	18592	18782
0:05:45	30.0	4850	5734	6220	8150	11498	13326	13784	15298	17287	19120	18771	18891
0:05:50	30.0	4852	5770	6280	8181	11508	13484	13974	15469	17253	19166	19014	19190
0:05:55	30.0	4887	5709	6197	8288	11489	13326	13913	15523	17643	19461	19077	19285
0:06:00	30.0	4887	5802	6303	8289	11560	13518	13930	15731	17572	19378	19197	19501
0:06:05	30.0	4828	5743	6253	8263	11691	13447	14211	15835	17823	19636	19433	19712
0:06:10	30.0	4849	5766	6325	8296	11636	13511	14309	15958	17798	19888	19761	19825
0:06:15	30.0	4896	5820	6238	8293	11779	13568	14409	15986	17940	19973	19870	19915
0:06:20	30.0	4900	5772	6319	8401	11819	13780	14336	16060	18047	20291	19709	20150
0:06:25	30.0	4963	5799	6355	8460	11761	13753	14430	16317	18205	20123	20074	20339
0:06:30	30.0	4954	5823	6327	8506	11818	13802	14524	16209	18497	20485	20103	20507
0:06:35	30.0	4925	5782	6383	8479	11881	13859	14631	16347	18513	20528	20419	20717
0:06:40	30.0	4997	5864	6381	8432	11909	13951	14833	16534	18780	20727	20474	20621
0:06:45	30.0	4990	5788	6397	8552	11983	14018	14784	16546	18753	20780	20632	21092
0:06:50	30.0	4968	5801	6345	8566	11913	14075	14935	16785	18837	20888	20800	21194
0:06:55	30.0	4990	5840	6442	8621	12007	13979	14987	16739	18945	21286	21111	21265
0:07:00	30.0	4986	5822	6405	8593	11983	14104	14888	16956	19351	21248	21336	21472
0:07:05	30.0	4988	5883	6440	8630	12003	14129	15109	17027	19165	21264	21237	21767
0:07:10	30.0	4963	5789	6404	8649	12006	14269	14953	17201	19471	21586	21482	21814
0:07:15	30.0	4950	5806	6468	8629	12083	14245	15113	17120	19574	21721	21789	21971
0:07:20	30.0	5046	5824	6381	8717	12050	14389	15237	17279	19902	21573	21992	22148
0:07:25	30.0	5057	5853	6397	8737	12177	14389	15360	17273	19785	21787	22040	22283
0:07:30	30.0	5046	5844	6333	8740	12156	14560	15362	17479	19895	21890	22347	22535
0:07:35	30.0	4991	5859	6457	8834	12270	14492	15454	17549	20079	22257	22211	22481
0:07:40	30.0	5050	5862	6381	8761	12245	14428	15591	17726	19996	22079	22314	22885
0:07:45	30.0	5020	5828	6421	8777	12192	14573	15673	17720	20169	22453	22500	22868
0:07:50	30.0	5050	5861	6438	8793	12273	14564	15512	17894	20355	22446	22762	23069
0:07:55	30.0	5030	5839	6437	8857	12331	14585	15631	17933	20513	22569	22964	22971
0:08:00	30.0	5034	5844	6348	8905	12253	14675	15827	17849	20660	22768	23023	23464
0:08:05	30.0	5035	5789	6429	8921	12371	14617	15906	17953	20596	23108	23266	23531
0:08:10	30.0	5045	5803	6436	8901	12315	14623	15842	18038	20891	22991	23454	23935
0:08:15	30.0	5068	5841	6427	9021	12402	14773	15888	18091	20852	23288	23566	23918
0:08:20	30.0	5053	5870	6464	8946	12388	14925	16018	18345	20890	23247	23581	24084
0:08:25	30.0	5064	5840	6471	8994	12346	14753	15991	18267	21047	23535	23796	24278
0:08:30	30.0	5092	5867	6549	9034	12489	14726	16193	18455	21364	23546	24048	24097
0:08:35	30.0	5056	5849	6492	8992	12400	14765	16160	18533	21354	23760	24314	24328
0:08:40	30.0	5065	5857	6428	9062	12458	14839	16405	18438	21537	23692	24123	24412
0:08:45	30.0	5090	5859	6418	9030	12478	14848	16291	18432	21548	23742	24178	24895
0:08:50	30.0	5086	5859	6480	9046	12528	15078	16313	18659	21557	24139	24633	24860
0:08:55	30.0	5055	5853	6477	8974	12643	14950	16415	18708	21657	24086	24482	24883
0:09:00	30.0	5096	5866	6499	9061	12637	15040	16442	18974	21729	24526	24917	25226
0:09:05	30.0	5097	5822	6581	9075	12563	15140	16712	18893	21934	24580	25109	25141
0:09:10	30.0	5093	5873	6510	9098	12575	15123	16609	18830	22138	24228	25025	25289
0:09:15	30.0	5060	5894	6464	9079	12549	15117	16589	19037	22116	24875	25272	25518
0:09:20	30.1	5064	5861	6477	9012	12632	15133	16600	19089	22222	24664	25424	25647
0:09:25	30.1	5123	5874	6503	9174	12660	15293	16642	19104	22206	24852	25422	25713
0:09:30	30.0	5096	5833	6513	9141	12698	15264	16689	19230	22240	25071	25776	25786
0:09:35	30.0	5050	5867	6471	9107	12734	15376	16771	19127	22510	25183	26023	25941
0:09:40	30.0	5097	5886	6464	9089	12622	15285	16761	19083	22583	25157	26035	25945
0:09:45	30.0	5148	5858	6535	9136	12668	15276	17039	19217	22355	25203	25778	26132
0:09:50	30.0	5129	5882	6464	9228	12594	15397	16939	19250	22660	25560	26162	26466
0:09:55	30.0	5043	5861	6464	9274	12594	15437	17067	19309	22679	25463	26112	26521
0:10:00	30.0	5113	5868	6498	9230	12753	15480	16967	19549	22940	25662	26101	26539
0:10:05	30.0	5128	5889	6484	9174	12721	15329	16968	19517	23006	25690	26333	26533
0:10:10	30.0	5092	5874	6540	9303	12622	15347	17159	19611	22980	25747	26534	26919
0:10:15	30.0	5137	5890	6526	9183	12754	15484	17173	19626	23158	25813	26757	26913
0:10:20	30.1	5079	5864	6508	9298	12815	15421	17325	19689	23406	26007	26660	27146
0:10:25	30.0	5122	5816	6450	9327	12695	15417	17307	19668	23293	26075	26969	27041
0:10:30	30.0	5067	5882	6502	9185	12811	15483	17225	19747	23136	26273	27155	27255
0:10:35	30.0	5122	5894	6517	9249	12865	15383	17212	19722	23410	26283	27062	27591
0:10:40	30.0	5104	5948	6510	9214	12894	15665	17376	19917	23468	26274	27120	27383
0:10:45	30.0	5143	5881	6467	9322	12731	15618	17144	19894	23536	26604	27242	27586
0:10:50	30.0	5136	5903	6421	9254	12882	15557	17344	19972	23621	26623	27360	27598
0:10:55	30.0	5120	5869	6467	9343	12851	15603	17272	19890	23650	26596	27376	27848
0:11:00	30.0	5138	5832	6559	9258	12861	15471	17369	19841	23813	26672	27478	27973
0:11:05	30.0	5064	5897	6448	9352	12819	15590	17371	19998	23898	26885	27590	27983
0:11:10	30.0	5147	5853	6514	9349	12844	15636	17247	19965	23963	27029	28013	28181
0:11:15	30.0	5064	5908	6453	9347	12857	15604	17557	20199	24109	26664	27849	28416
0:11:20	30.0	5108	5923	6538	9299	12803	15663	17476	20110	23980	27024	28052	28255
0:11:25	30.0	5146	5924	6487	9453	12809	15640	17500	20187	24037	27426	28224	28499
0:11:30	30.0	5122	5948	6531	9345	12776	15589	17482	20179	24077	27465	28060	28669
0:11:35	30.0	5152	5877	6557	9285	13009	15806	17669	20221	24164	27534	28047	28838
0:11:40	30.0	5130	5922	6473	9401	12849	15712	17616	20255	24091	27383	28082	28798
0:11:45	30.0	5151	5934	6543	9351	12853	15646	17616	20281	24507	27378	28571	29131
0:11:50	30.0	5104	5906	6516	9376	12939	15750	17820	20259	24588	27474	28221	28536
0:11:55	30.0	5116	5942	6498	9350	13038	15790	17561	20470	24318	27580	28511	29285
0:12:00	30.0	5135	5926	6507	9409	12848	15851	17743	20425	24468	27586	28435	29189
0:12:05	30.0	5175	5873	6446	9356	12996	15723	17693	20484	24634	27782	28726	29175
0:12:10	30.0	5108	5954	6583	9354	12833	15810	17553	20431	24677	27825	28778	29363
0:12:15	30.0	5138	5909	6537	9398	12800	15756	17702	20313	24775	27822	28481	29304
0:12:20	30.0	5119	5858	6515	9448	13002	15915	17672	20524	24593	27910	28952	29576
0:12:25	30.0	5128	5915	6565	9360	12975	15774	17775	20486	24833	28041	29110	29534
0:12:30	30.0	5097	5872	6533	9432	12960	15829	17872	20341	24786	27780	28969	29691
0:12:35	30.0	5109	5840	6485	9442	13044	15761	18018	20598	24789	28180	29090	29749
0:12:40	30.0	5175	5869	6512	9401	12868	15782	17805	20591	24747	28110	29102	29832
0:12:45	30.0	5173	5883	6578	9379	13049	15935	17910	20450	25078	28252	29363	29686
0:12:50	30.0	5148	5922	6468	9329	12976	15744	17733	20604	25048	28190	29144	30051
0:12:55	30.0	5133	5872	6517	9365	12933	15839	17966	20508	24998	28294	29299	29914
0:13:00	30.0	5078	5866	6552	9369	12932	15848	17998	20574	24988	28483	29562	29950
0:13:05	30.0	5143	5913	6527	9447	13016	15892	18067	20453	24973	28383	29724	30132
0:13:10	30.0	5105	5906	6509	9452	12943	15915	17902	20664	25071	28499	29470	30246
0:13:15	30.0	5160	5945	6565	9496	13018	15900	18024	20686	24954	28377	29668	30386
0:13:20	30.0	5103	5905	6549	9455	13039	15789	17968	20654	25117	28562	29689	30289
0:13:25	30.0	5165	5869	6565	9356	12934	15819	17908	20694	25218	28748	29650	30439
0:13:30	30.0	5171	5951	6553	9481	13029	16051	18008	20726	25219	28634	29855	30400
0:13:35	30.0	5105	5850	6564	9439	13046	15835	17850	20984	25338	28960	29747	30650
0:13:40	30.0	5146	5939	6517	9451	12984	15972	18048	20810	25252	28720	30217	30701
0:13:45	30.0	5131	5918	6472	9438	12936	15917	17980	21008	25334	28914	30089	30867
0:13:50	30.0	5144	5915	6500	9486	12973	15911	17935	20859	25213	29034	29983	30556
0:13:55	30.0	5107	5882	6474	9423	13093	15962	18228	20945	25398	28689	30238	30867
0:14:00	30.0	5162	5904	6491	9445	12925	15848	18096	20915	25382	29021	30112	31150
0:14:05	30.0	5138	5855	6508	9553	12820	15877	18183	20942	25475	28625	30416	31103
0:14:10	30.0	5148	5959	6516	9437	13029	15901	18301	20617	25433	29137	30091	30986
0:14:15	30.0	5157	5931	6559	9463	13107	15934	18050	20796	25515	28939	30212	31264
0:14:20	30.0	5096	5864	6507	9445	12917	15917	18320	20932	25360	29111	30383	31069
0:14:25	30.0	5115	5909	6501	9524	13017	15979	18270	20916	25551	29104	30488	31369
0:14:30	30.0	5163	5903	6497	9380	13083	15846	18122	20947	25450	28781	30313	31316
0:14:35	30.0	5136	5888	6474	9510	13031	15807	18108	21023	25436	29328	30463	31496
0:14:40	30.0	5133	5864	6501	9564	12857	15920	18200	21059	25736	29352	30319	31547
0:14:45	30.0	5118	5847	6531	9491	12992	16036	18094	20836	25573	29220	30408	31547
0:14:50	30.0	5089	5920	6507	9524	13012	15926	18029	20975	25692	29032	30623	31320
0:14:55	30.0	5140	5805	6488	9456	12981	15823	18144	20950	25678	29376	30826	31570
0:15:00	30.0	5124	5888	6529	9425	12990	15926	18243	20848	25459	29151	30755	31447
0:15:05	30.0	5177	5907	6504	9437	12927	15915	18083	21181	25750	29159	30612	31625
0:15:10	30.1	5131	5925	6557	9494	13042	15947	18075	21111	25705	29554	30782	31599
0:15:15	30.1	5139	5897	6489	9453	12937	16048	18077	20856	25710	29384	31221	31593
0:15:20	30.0	5091	5893	6536	9427	13015	16057	18257	20928	25601	29423	30934	31619
0:15:25	30.0	5187	5945	6490	9304	12969	16017	18232	20933	25739	29402	30897	31785
0:15:30	30.0	5144	5923	6536	9414	12962	15908	18287	21130	25894	29598	30816	31798
0:15:35	30.0	5161	5877	6507	9423	13039	15792	18122	20980	25638	29597	31050	31712
0:15:40	30.0	5163	5914	6482	9537	12860	16110	18227	21295	25681	29495	31107	31662
0:15:45	30.0	5158	5893	6502	9522	12826	15944	18230	21067	25736	29347	30868	31771
0:15:50	30.0	5122	5883	6521	9416	12922	15891	18099	21177	25765	29653	30944	31581
0:15:55	30.0	5176	5909	6512	9472	12994	15996	18281	21025	25935	29604	31241	32005
0:16:00	30.0	5132	5886	6517	9465	13054	16047	18260	21076	25842	29717	31110	31709
0:16:05	30.1	5203	5854	6490	9423	13015	15976	18354	21246	25901	29519	31144	31813
0:16:10	30.1	5183	5878	6510	9517	13042	15890	18292	21068	26180	29777	30965	31973
0:16:15	30.0	5143	5916	6454	9425	13032	15881	18220	20993	25730	29611	31005	31974
0:16:20	30.0	5116	5931	6497	9470	12836	16004	18212	21125	26066	29784	31313	32117
0:16:25	30.0	5104	5870	6497	9448	12913	15979	18376	21098	25825	29719	31114	32024
0:16:30	30.0	5102	5828	6558	9407	12872	15921	18307	21145	25829	29721	31029	32103
0:16:35	30.0	5158	5907	6463	9550	12931	15985	18272	21082	25696	29684	31188	32271
0:16:40	30.0	5162	5889	6444	9458	12910	15928	18352	21116	25889	29892	31178	31938
0:16:45	30.0	5152	5904	6480	9429	12986	15895	18313	20995	26092	29809	31175	32378
0:16:50	30.0	5123	5855	6455	9515	12985	15977	18321	20941	26110	29863	31361	32264
0:16:55	30.0	5162	5908	6431	9486	12960	16129	18297	21087	25911	29948	31161	32332
0:17:00	30.0	5130	5909	6482	9484	13028	15967	18338	21154	26111	29902	31506	32479
0:17:05	30.0	5132	5908	6451	9503	13075	15896	18147	21076	26011	29857	31350	32375
0:17:10	30.0	5152	5849	6526	9363	12953	16079	18382	20948	25935	29808	31268	32367
0:17:15	30.0	5119	5856	6438	9506	12951	15918	18236	21116	26004	30159	31441	32452
0:17:20	30.0	5198	5869	6472	9484	13019	16057	18171	21085	25964	29901	31372	32220
0:17:25	30.0	5206	5882	6540	9544	12893	15949	18284	20955	26000	29840	31311	32188
0:17:30	30.0	5097	5870	6453	9453	12975	15916	18272	21044	26113	30002	31480	32180
0:17:35	30.0	5089	5894	6479	9512	13031	15870	18246	20994	26131	29981	31273	32173
0:17:40	30.0	5165	5883	6482	9529	12956	15996	18228	21037	26122	29808	31645	32336
0:17:45	30.0	5044	5922	6442	9406	12983	15797	18325	20818	26069	29948	31265	32416
0:17:50	30.0	5151	5881	6510	9455	12990	16057	18299	21159	26177	29766	31530	32329
0:17:55	30.0	5109	5920	6432	9436	12943	15943	18168	21052	26094	30135	31567	32412
0:18:00	30.0	5120	5917	6518	9498	13046	15847	18259	21211	26126	30152	31623	32630
0:18:05	30.0	5173	5924	6529	9469	13040	15861	18296	21138	26185	29943	31289	32416
0:18:10	30.0	5125	5871	6496	9413	13008	15958	18120	21108	26157	29963	31307	32327
0:18:15	30.0	5099	5857	6511	9514	13028	16088	18235	20937	25953	30033	31460	32379
0:18:20	30.0	5172	5910	6510	9424	12899	15870	18258	21168	26117	30092	31170	32512
0:18:25	30.0	5144	5966	6497	9408	12939	15966	18282	21168	26158	29825	31602	32327
0:18:30	30.0	5156	5883	6473	9469	12985	15864	18281	21039	26282	30063	31885	32388
0:18:35	30.0	5094	5907	6514	9419	13105	15847	18224	21177	26065	29994	31542	32402
0:18:40	30.0	5184	5932	6517	9447	13053	15849	18158	20978	26135	29660	31241	32611
0:18:45	30.0	5164	5866	6428	9425	13029	16090	18321	21085	26127	29964	31711	32843
0:18:50	30.0	5136	5894	6408	9469	12921	15880	18229	21237	26179	29990	31745	32754
0:18:55	30.0	5117	5876	6501	9422	12918	15898	18315	20998	26340	30317	31925	32745
0:19:00	30.0	5097	5866	6472	9481	12940	15967	18407	21069	26166	30153	31487	32889
0:19:05	30.0	5113	5873	6424	9422	12979	15884	18221	21230	26142	30048	31778	32794
0:19:10	30.0	5153	5861	6476	9431	13047	15995	18195	20951	25904	30065	31667	32793
0:19:15	30.0	5142	5845	6482	9404	12807	15939	18338	21076	26278	29874	31559	32714
0:19:20	30.0	5104	5902	6460	9526	12916	15977	18209	21074	26058	30052	31501	32953
0:19:25	30.0	5115	5902	6501	9436	12837	15904	18296	21174	26112	30182	31555	32622
0:19:30	30.0	5075	5874	6449	9465	12948	15961	18523	21215	25899	29849	31950	32964
0:19:35	30.0	5108	5832	6503	9463	12966	15946	18230	21176	26002	29843	31841	32737
0:19:40	30.0	5076	5891	6470	9515	12989	15969	18421	20980	26061	30110	31737	32578
0:19:45	30.0	5160	5909	6519	9394	12951	15915	18193	21067	25937	30066	31669	32941
0:19:50	30.0	5124	5892	6492	9443	13035	15978	18176	21243	26002	30013	31544	32834
0:19:55	30.0	5113	5859	6480	9450	12911	15912	18319	21043	26096	29899	31713	32774
0:20:00	30.0	5119	5852	6436	9364	12919	15878	18241	21093	26165	30315	31534	32570
0:20:05	30.0	5107	5860	6456	9469	12870	15953	18381	21228	25943	30045	31841	32861
0:20:10	30.0	5151	5833	6492	9444	12927	15895	18368	20984	26204	30142	31507	32816
0:20:15	30.0	5117	5857	6459	9438	12942	15950	18223	21060	26191	29999	31389	32495
0:20:20	30.0	5160	5903	6507	9485	12982	15836	18257	21239	26226	30042	31921	32880
0:20:25	30.0	5122	5915	6513	9400	12882	15981	18352	21096	25968	30003	31523	32522
0:20:30	30.0	5124	5894	6452	9432	13049	15931	18469	21199	26021	29979	31810	33017
0:20:35	30.0	5150	5852	6427	9393	12882	16039	18191	20885	26005	29803	31645	32883
0:20:40	30.0	5150	5837	6448	9471	12951	15914	18269	20918	26019	30138	31828	32801
0:20:45	30.0	5094	5895	6436	9472	12765	15928	18309	20985	25926	30189	31809	32820
0:20:50	30.0	5121	5928	6459	9436	12936	15839	18190	21080	26212	30076	31600	32895
0:20:55	30.0	5161	5848	6473	9478	12814	15898	18332	21146	26063	29936	31515	32909
0:21:00	30.0	5129	5919	6533	9449	12842	15983	18385	21074	26041	29910	31592	32985
0:21:05	30.0	5068	5850	6473	9438	12990	15942	18383	21164	26146	29876	31546	32789
0:21:10	30.0	5163	5852	6496	9453	12903	15802	18193	21092	26084	30265	31796	32863
0:21:15	30.0	5083	5898	6489	9445	12936	15853	18299	21015	26047	30103	31574	32754
0:21:20	30.0	5146	5882	6446	9445	12828	15895	18456	21181	26120	29811	31840	32804
0:21:25	30.0	5126	5873	6438	9474	12843	15901	18245	21102	25949	29945	31876	32913
0:21:30	30.0	5122	5851	6460	9427	12954	15962	18412	21076	25827	30136	31898	33052
0:21:35	30.0	5112	5854	6508	9400	12917	15995	18188	21081	26212	30142	31912	33095
0:21:40	30.0	5120	5797	6504	9406	12941	15925	18331	21061	26228	29882	31602	33035
0:21:45	30.0	5108	5851	6517	9322	12945	15984	18400	21158	25915	30277	31930	33043
0:21:50	30.0	5104	5866	6468	9446	12957	15952	18321	21023	26065	30090	31651	33128
0:21:55	30.0	5084	5833	6469	9405	12846	15823	18248	21044	25910	29830	31792	32894
0:22:00	30.0	5125	5878	6490	9491	12845	15804	18177	20950	25923	30244	31738	32795
0:22:05	30.0	5153	5873	6415	9556	12930	15659	18271	21131	26134	30039	31753	32944
0:22:10	30.0	5158	5885	6482	9382	12971	15864	18409	21099	26069	29924	31483	32949
0:22:15	30.0	5088	5839	6407	9402	12843	15832	18304	21190	25872	30052	31940	32966
0:22:20	30.0	5097	5889	6388	9386	12895	15817	18336	21135	26032	30115	32030	33114
0:22:25	30.0	5141	5874	6509	9449	13051	15835	18202	21011	25952	30229	31600	33008
0:22:30	30.0	5073	5919	6475	9493	13016	15772	18425	21129	26169	29954	31681	33009
0:22:35	30.0	5135	5797	6434	9444	12956	15906	18137	21146	26120	29917	31384	32801
0:22:40	30.0	5105	5915	6447	9473	12948	15833	18312	21194	26310	29873	31606	32957
0:22:45	30.0	5087	5859	6461	9364	12951	15931	18342	20891	26202	29970	31643	33398
0:22:50	30.0	5081	5828	6415	9489	13015	15839	18198	21045	26187	29958	31570	32901
0:22:55	30.0	5135	5889	6464	9471	12853	15865	18283	21157	26043	30074	31724	33126
0:23:00	30.0	5118	5858	6452	9423	12965	15796	18285	21121	25932	30215	32071	32958
0:23:05	30.0	5145	5907	6436	9438	12993	15783	18338	21009	26202	30061	31886	33185
0:23:10	30.0	5134	5885	6401	9354	12870	15781	18268	21089	26102	30282	31635	33087
0:23:15	30.0	5091	5880	6458	9478	12986	15744	18270	21058	26067	30134	31784	33179
0:23:20	30.0	5119	5810	6415	9406	12910	15936	18190	21159	25964	29932	31780	32898
0:23:25	30.0	5116	5883	6486	9382	12856	15980	18312	20865	26162	30018	31796	33056
0:23:30	30.0	5081	5803	6416	9417	12935	15979	18248	21190	25976	29777	31686	32902
0:23:35	30.0	5110	5865	6440	9503	12926	15845	18411	20899	26060	29750	31965	33138
0:23:40	30.0	5112	5807	6469	9329	12792	15827	18194	21123	25947	29823	31563	32778
0:23:45	30.0	5101	5806	6405	9490	12900	15819	18179	20931	26186	30071	31474	32825
0:23:50	30.0	5134	5837	6429	9362	12883	15752	18100	21025	25985	29924	31816	32983
0:23:55	30.0	5107	5793	6457	9328	12839	15942	18182	20933	26037	30116	31702	32981
0:24:00	30.0	5108	5823	6400	9484	12941	15741	18305	21065	25995	30012	31867	33148
0:24:05	30.1	5131	5854	6413	9453	12851	15843	18409	20922	25949	29872	31735	32993
0:24:10	30.1	5077	5839	6480	9470	12934	15852	18098	21037	26260	30233	31616	32927
0:24:15	30.1	5090	5886	6439	9433	12984	16018	18344	21269	26202	30226	31716	33060
0:24:20	30.0	5120	5848	6449	9340	12775	15935	18246	21135	26106	30105	31711	33166
0:24:25	30.0	5079	5841	6440	9426	12971	15834	18213	21069	25979	30066	31434	32887
0:24:30	30.0	5132	5845	6455	9442	12976	15939	18184	20951	25993	29987	31753	33023
0:24:35	30.0	5101	5873	6445	9417	12920	15806	18299	21289	26124	30072	31801	32847
0:24:40	30.0	5118	5827	6433	9413	12886	15861	18068	20819	26292	29929	31614	32969
0:24:45	30.0	5115	5825	6378	9445	12951	15878	18273	20941	25976	30026	31797	33000
0:24:50	30.0	5128	5785	6426	9414	12787	15732	18292	20991	26173	30049	31639	32823
0:24:55	30.0	5128	5896	6440	9409	12901	15872	18303	21031	25769	29798	31763	32993
0:25:00	30.0	5096	5829	6473	9411	12820	15791	18333	20946	26160	29926	31903	33007
0:25:05	30.0	5081	5853	6351	9404	12979	15779	18195	21048	26123	29792	31738	32965
0:25:10	30.0	5161	5849	6456	9412	12804	15854	18371	21006	26198	30120	31778	32968
0:25:15	30.0	5136	5860	6441	9444	12928	15858	18265	21141	25888	29706	31932	32819
0:25:20	30.0	5138	5856	6417	9374	12970	15756	18228	21121	25881	29942	31841	33158
0:25:25	30.0	5115	5872	6471	9351	12855	15891	18218	21024	26255	30160	31705	32871
0:25:30	30.0	5133	5802	6441	9392	12815	15960	18133	21079	26065	29952	31610	32951
0:25:35	30.0	5094	5894	6359	9384	12852	15753	18231	20993	26053	29632	31563	33153
0:25:40	30.0	5114	5797	6437	9379	12906	15947	18115	21093	25929	30068	31601	32960
0:25:45	30.0	5137	5810	6475	9434	12828	15908	18093	21152	26204	30069	31613	32749
0:25:50	30.0	5120	5869	6412	9450	12949	15747	18406	21023	26056	30157	31665	33100
0:25:55	30.0	5082	5788	6440	9459	12981	15783	18260	21269	26022	29775	31781	33208
0:26:00	30.0	5136	5859	6421	9387	12861	15857	18149	20930	26193	29655	31626	32846
0:26:05	30.0	5097	5804	6391	9387	12940	15905	18184	21022	26181	29885	31887	33063
0:26:10	30.0	5093	5844	6431	9316	12892	15730	18290	20879	25917	30183	31721	33246
0:26:15	30.0	5132	5790	6483	9384	12847	15755	18285	20903	26144	30029	31524	33035
0:26:20	30.0	5075	5841	6390	9326	12940	15904	18255	21064	26111	30185	31924	32925
0:26:25	30.0	5138	5832	6390	9391	12839	15821	18161	20960	26068	29829	31522	33071
0:26:30	30.0	5065	5818	6373	9352	12788	15852	18350	21109	26125	29749	31727	32928
0:26:35	30.0	5074	5792	6465	9395	12936	15850	18069	20920	25888	30111	31667	32908
0:26:40	30.0	5080	5838	6418	9428	12798	15892	18281	21008	26229	29820	31763	33080
0:26:45	30.0	5112	5847	6404	9334	12705	15789	18234	20950	26055	29917	31748	32925
0:26:50	30.0	5095	5826	6451	9328	12793	15844	18177	20868	25976	30115	31793	32977
0:26:55	30.0	5089	5827	6392	9420	12803	15825	18205	20982	25972	30342	31659	32810
0:27:00	30.0	5112	5855	6440	9393	12869	15885	18232	20939	26143	29973	31412	32872
0:27:05	30.0	5136	5820	6422	9311	12896	15817	18234	20995	26145	29945	32034	32933
0:27:10	30.0	5096	5864	6435	9365	12899	15688	18344	20896	26036	30048	31376	33082
0:27:15	30.0	5113	5860	6409	9349	12771	15806	18204	20848	26203	29886	31669	33301
0:27:20	30.0	5074	5858	6380	9376	12933	15745	18215	21050	25978	29724	31465	32935
0:27:25	30.0	5092	5864	6422	9441	12961	15801	18164	20974	26136	29793	31576	33046
0:27:30	30.0	5165	5816	6443	9378	12738	15786	18214	21088	25915	29665	31895	32921
0:27:35	30.0	5060	5771	6402	9316	12724	15959	18352	21032	26175	29779	31743	33166
0:27:40	30.0	5084	5815	6350	9374	12886	15729	18311	20977	26051	30017	32003	32598
0:27:45	30.0	5045	5807	6367	9475	12934	15826	18326	20951	25933	29943	31435	33122
0:27:50	30.0	5079	5819	6361	9372	12878	15828	18394	20874	26037	29990	31447	32886
0:27:55	30.0	5062	5845	6446	9282	12876	15895	18092	20924	26032	29622	31631	33130
0:28:00	30.0	5074	5851	6364	9459	12845	15758	18231	20942	25887	29789	31597	32816
0:28:05	30.0	5103	5867	6418	9348	12804	15812	18287	20880	26050	30013	31573	33300
0:28:10	30.0	5084	5830	6414	9338	12882	15725	18289	20874	26032	29902	31537	32937
0:28:15	30.0	5098	5799	6397	9389	12976	15832	18098	21133	25951	29871	31690	33085
0:28:20	30.0	5067	5848	6458	9382	12879	15875	18323	20893	26111	29886	31636	32889
0:28:25	30.0	5096	5814	6424	9395	12735	15865	18216	21105	26150	30085	31855	33393
0:28:30	30.0	5094	5796	6373	9445	12869	15863	18257	21120	25991	30017	31584	32973
0:28:35	30.0	5083	5825	6420	9294	12927	15896	18225	21114	26155	29749	31655	32853
0:28:40	30.0	5082	5844	6440	9387	12789	15943	18070	20982	26139	29838	31877	32725
0:28:45	30.0	5092	5807	6342	9428	12796	15812	18413	20997	25896	29704	31626	33024
0:28:50	30.0	5055	5787	6410	9344	12782	15784	18011	21032	26155	29734	31676	32936
0:28:55	30.0	5132	5764	6404	9336	12928	15874	18105	20979	26055	30068	31353	32874
0:29:00	30.0	5087	5839	6427	9386	12920	15819	18337	20917	26134	29824	31573	33111
0:29:05	30.0	5140	5797	6367	9374	12899	15799	18297	21090	26031	29850	31816	33122
0:29:10	30.0	5064	5839	6433	9368	12718	15697	18288	20947	25765	30121	31573	33245
0:29:15	30.0	5062	5829	6375	9451	12948	15817	18271	21065	26053	30035	31649	32850
0:29:20	30.0	5028	5804	6384	9390	12883	15774	18241	20713	25964	29870	31691	32827
0:29:25	30.0	5088	5858	6443	9422	12815	15860	18258	21021	25972	29867	31609	33103
0:29:30	30.0	5124	5836	6467	9329	12922	15757	18130	20993	26103	29988	31530	33045
0:29:35	30.0	5100	5825	6465	9363	12915	15695	18322	20870	25869	29837	31406	33193
0:29:40	30.0	5072	5852	6390	9399	12860	15831	18027	21041	26028	30090	31491	32835
0:29:45	30.0	5087	5853	6417	9382	12820	15873	18274	21112	25971	29677	31420	33327
0:29:50	30.0	5075	5885	6330	9382	12882	15773	18044	21071	26048	29698	31614	32992
0:29:55	30.0	5071	5803	6428	9364	12830	15764	18027	21008	25701	29965	31254	33054
0:30:00	30.0	5054	5864	6372	9365	12859	15826	18240	20909	25918	29735	31773	33032
0:30:05	30.0	5110	5772	6444	9323	12887	15722	18344	20908	26213	29666	31531	33054
0:30:10	30.0	5065	5854	6461	9429	12694	15904	18253	20950	25863	30244	31646	33036
0:30:15	30.0	5074	5840	6437	9339	12968	15756	18224	20926	25832	29885	31553	33097
0:30:20	30.0	5117	5824	6432	9417	12765	15706	18027	21064	25917	29938	31638	32852
0:30:25	30.0	5087	5827	6403	9392	12808	15888	18287	20824	25935	29998	31684	33040
0:30:30	30.0	5084	5753	6398	9370	12926	15703	18216	20944	25912	29764	31400	32965
0:30:35	30.0	5075	5831	6323	9372	12898	15801	18162	20747	25885	29742	31587	33163
0:30:40	30.0	5061	5851	6368	9440	12859	15614	18154	21037	25953	29848	31542	32718
0:30:45	30.0	5071	5831	6376	9390	12937	15731	18233	20765	26131	29868	31560	33095
0:30:50	30.0	5087	5851	6490	9326	12735	15714	18179	21050	26129	29922	31551	32886
0:30:55	30.0	5066	5885	6422	9451	12800	15772	18363	20975	26038	29793	31390	33047
0:31:00	30.0	5114	5823	6363	9315	12877	15777	18337	21120	25988	29961	31690	33039
0:31:05	30.0	5090	5793	6451	9318	12858	15828	18293	20836	25818	29779	31408	33008
0:31:10	30.0	5112	5812	6441	9419	12848	15712	18203	20930	25784	29694	31290	33018
0:31:15	30.0	5085	5843	6415	9341	12940	15776	18248	21011	26060	29748	31759	32719
0:31:20	30.0	5110	5786	6407	9370	12826	15788	18299	20818	26007	29992	31552	33303
0:31:25	30.0	5059	5821	6448	9356	12840	15753	18234	21077	25800	29770	31460	32823
0:31:30	30.0	5089	5823	6368	9450	12843	15692	18197	21118	25928	29901	31732	33220
0:31:35	30.0	5087	5805	6423	9362	12802	15923	18022	20951	25902	29943	31682	32948
0:31:40	30.0	5039	5830	6345	9370	12837	15790	18245	21085	25930	29792	31771	32951
0:31:45	30.0	5064	5845	6440	9344	12768	15758	18128	20928	25973	29994	31780	32903
0:31:50	30.0	5125	5817	6480	9403	12840	15677	18119	20918	26115	29957	31688	33018
0:31:55	30.0	5088	5849	6339	9372	12784	15789	18187	20982	26031	29799	31653	32797
0:32:00	30.0	5111	5858	6397	9440	12847	15730	18007	21011	26109	29915	31650	32943
0:32:05	30.0	5136	5853	6435	9364	12843	15755	18045	20864	25945	29763	31818	32777
0:32:10	30.0	5124	5838	6407	9351	12779	15632	18200	20943	25987	30043	31474	32986
0:32:15	30.0	5112	5768	6439	9478	12772	15924	18192	20901	25967	29941	31388	33058
0:32:20	30.0	5168	5809	6336	9329	12884	15888	18140	20841	25868	30092	31865	32850
0:32:25	30.0	5087	5750	6341	9329	12797	15821	18198	20958	25886	29861	31666	33190
0:32:30	30.0	5077	5832	6383	9398	12817	15810	18374	21083	25973	29785	31616	32949
0:32:35	30.0	5080	5792	6441	9339	12739	15822	18350	21078	25956	29890	31614	32734
0:32:40	30.0	5072	5862	6427	9247	12797	15811	18267	20954	25942	29709	31553	33118
0:32:45	30.0	5096	5795	6364	9393	12764	15813	18119	21074	26030	29788	31094	32724
0:32:50	30.0	5074	5763	6419	9350	12798	15859	18119	21061	25698	29850	31717	33049
0:32:55	30.0	5083	5866	6271	9356	12785	15875	18286	20937	26066	29704	31492	32464
0:33:00	30.0	5120	5828	6410	9470	12801	15834	18161	21052	26034	29646	31636	32946
0:33:05	30.0	5071	5804	6332	9469	12882	15798	18062	21057	25883	29972	31542	33096
0:33:10	30.0	5098	5830	6416	9338	12737	15921	18132	21051	25912	29687	31718	32936
0:33:15	30.0	5026	5834	6385	9338	12827	15741	18160	20989	26005	29744	31630	32796
0:33:20	30.0	5139	5849	6369	9377	12773	15852	18183	21049	25787	29883	31294	32916
0:33:25	30.0	5110	5858	6429	9339	12809	15824	18199	21029	25681	29730	31526	32776
0:33:30	30.0	5094	5829	6483	9340	12840	15928	18074	20975	26059	30015	31279	32765
0:33:35	30.0	5038	5833	6394	9366	12671	15822	18135	20922	25896	29837	31519	33040
0:33:40	30.0	5074	5796	6356	9382	12879	15881	18114	20898	25851	29960	31620	32861
0:33:45	30.0	5063	5810	6421	9351	12832	15777	18137	20875	25886	30016	31753	32726
0:33:50	30.0	5132	5865	6410	9398	12827	15646	18182	20859	25882	29765	31556	32672
0:33:55	30.0	5056	5823	6397	9373	12761	15678	18212	20819	25972	29747	31407	32753
0:34:00	30.0	5065	5757	6390	9359	12762	15768	18029	20775	25928	29807	31576	33103
0:34:05	30.0	5081	5791	6403	9284	12776	15772	17959	20786	25894	29643	31782	32957
0:34:10	30.0	5091	5861	6348	9274	12832	15710	17943	20802	26101	29720	31708	32952
0:34:15	30.0	5104	5746	6381	9393	12853	15769	18169	20962	25887	29779	31501	32917
0:34:20	30.0	5092	5798	6413	9344	12779	15615	18140	20903	26091	29778	31441	32856
0:34:25	30.0	5098	5817	6402	9381	12790	15705	18150	20787	25937	29677	31857	32757
0:34:30	30.0	5086	5731	6388	9322	12787	15666	18092	20899	25835	29670	31502	32414
0:34:35	30.0	5102	5819	6360	9347	12878	15809	18290	20925	25979	29775	31381	32769
0:34:40	29.9	5084	5823	6402	9365	12705	15698	18045	21041	25843	29956	31441	32811
0:34:45	30.0	5070	5826	6317	9366	12820	15648	18165	20812	25998	29468	31705	33114
0:34:50	30.0	5068	5848	6363	9380	12912	15623	18275	20883	26022	29833	31513	32929
0:34:55	30.0	5071	5806	6365	9343	12911	15769	18195	21151	25745	29763	31603	32796
0:35:00	30.0	5102	5798	6380	9326	12865	15853	18097	20921	26115	29914	31757	33134
0:35:05	30.0	5042	5760	6378	9351	12755	15796	18232	20922	25867	29821	31719	32808
0:35:10	30.0	5077	5806	6365	9301	12799	15826	18317	20778	25780	29658	31711	32981
0:35:15	30.0	5064	5822	6401	9347	12828	15789	18078	20955	25899	30088	31376	32991
0:35:20	30.0	5076	5767	6421	9370	12715	15791	17967	20813	26156	29903	31593	32676
0:35:25	30.0	5044	5812	6407	9388	12907	15747	18219	20918	25921	29757	31768	32637
0:35:30	30.0	5075	5827	6340	9308	12683	15788	18312	20998	25675	29650	31663	32841
0:35:35	30.0	5043	5795	6447	9397	12764	15675	18172	20956	25944	29812	31442	32900
0:35:40	30.0	5087	5800	6340	9431	12913	15777	17985	20815	26030	29745	31729	32909
0:35:45	30.0	5107	5795	6360	9328	12739	15671	18202	20896	25831	29789	31687	32890
0:35:50	30.0	5125	5752	6409	9354	12807	15617	18068	20617	25945	29565	31750	32501
0:35:55	30.0	5044	5865	6432	9370	12835	15695	18132	20749	25843	29639	31701	32833
0:36:00	30.0	5066	5864	6342	9374	12860	15772	18089	20917	26055	29634	31565	33018
0:36:05	30.0	5042	5809	6378	9318	12855	15730	18150	20778	25785	29927	31624	32910
0:36:10	30.0	5060	5819	6410	9344	12697	15769	18197	20872	26025	29987	31311	33084
0:36:15	30.0	5095	5801	6381	9453	12868	15780	18117	20788	26086	29849	31580	32904
0:36:20	30.0	5107	5813	6352	9375	12723	15838	18126	21015	26037	30081	31662	32814
0:36:25	30.0	5100	5791	6354	9353	12843	15544	18088	20769	25860	30155	31438	32687
0:36:30	30.0	5110	5798	6384	9373	12817	15642	18322	21095	26085	29874	31683	32854
0:36:35	30.0	5060	5830	6447	9282	12726	15839	18243	20881	25987	29645	31739	32561
0:36:40	30.0	5080	5799	6380	9315	12828	15891	17996	20918	25975	29941	31442	32744
0:36:45	30.0	5061	5811	6316	9321	12834	15787	18061	20882	25823	30001	31285	32792
0:36:50	30.0	5062	5772	6422	9252	12699	15751	18143	20775	25998	29792	31488	32659
0:36:55	30.0	5075	5804	6391	9350	12837	15697	18161	20863	25668	29987	31500	32736
0:37:00	30.0	5067	5803	6379	9278	12814	15803	18274	20876	25951	29940	31687	32905
0:37:05	30.0	5101	5812	6395	9377	12937	15697	18070	20997	25933	29970	31406	32971
0:37:10	30.0	5024	5806	6408	9326	12920	15665	18271	20834	26002	29875	31418	32847
0:37:15	30.0	5092	5796	6438	9393	12724	15820	18114	21078	26083	29837	31591	32797
0:37:20	30.0	5049	5850	6387	9326	12766	15627	18138	20844	25877	29802	31792	32743
0:37:25	30.0	5073	5780	6344	9291	12796	15751	18069	20823	26017	29636	31558	33052
0:37:30	30.0	5064	5812	6416	9322	12778	15767	18152	21054	25785	29397	31467	32829
0:37:35	30.0	5085	5839	6389	9325	12834	15747	18257	20971	26113	29796	31477	32745
0:37:40	30.0	5079	5763	6346	9298	12888	15795	18389	20957	25984	29822	31404	32949
0:37:45	30.0	5070	5832	6378	9353	12895	15733	18258	20935	26110	29824	31331	32717
0:37:50	30.0	5057	5777	6378	9391	12848	15796	18134	20825	25823	29803	31461	32778
0:37:55	30.0	5089	5829	6359	9376	12794	15651	18235	20810	25690	29791	31650	32958
0:38:00	30.0	5060	5803	6350	9416	12830	15713	17983	20939	25941	29805	31286	33010
0:38:05	30.0	5088	5806	6319	9301	12835	15665	18088	20957	25732	30092	31667	32674
0:38:10	30.0	5034	5790	6326	9363	12801	15606	17988	20827	25926	29918	31382	33071
0:38:15	30.0	5102	5758	6317	9432	12828	15662	18079	20967	25873	29859	31571	32805
0:38:20	30.0	5060	5774	6370	9340	12886	15704	18226	20847	26065	29773	31748	33037
0:38:25	30.0	5101	5793	6333	9318	12822	15633	18265	20953	26276	29958	31588	32858
0:38:30	30.0	5093	5876	6334	9340	12910	15792	18206	20811	25941	29832	31618	33101
0:38:35	30.0	5054	5810	6420	9334	12827	15630	18064	20846	25870	29572	31770	32986
0:38:40	30.0	5033	5847	6469	9262	12857	15838	17984	20924	26075	29863	31569	32882
0:38:45	30.0	5085	5796	6367	9376	12764	15540	18093	20882	25991	29828	31425	32696
0:38:50	30.0	5064	5830	6357	9323	12893	15883	18327	20847	25868	29808	31586	33008
0:38:55	30.0	5045	5813	6387	9329	12832	15771	18135	20894	25977	29717	31528	32702
0:39:00	30.0	5029	5768	6402	9372	12782	15812	18158	20812	25848	29623	31637	32819
0:39:05	30.0	5023	5727	6357	9326	12817	15712	18065	20862	25958	29951	31585	32990
0:39:10	30.0	5072	5822	6414	9375	12799	15582	18140	20908	26108	29937	31373	32951
0:39:15	30.0	5067	5811	6337	9309	12756	15685	18153	20976	26054	29826	31745	33116
0:39:20	30.0	5035	5756	6412	9350	12787	15769	18087	20960	26067	29836	31379	32749
0:39:25	30.0	5115	5820	6435	9255	12888	15616	18149	20981	25998	29628	31707	32973
0:39:30	30.0	5067	5804	6329	9362	12770	15796	18105	21036	25841	29796	31464	32881
0:39:35	30.0	5015	5805	6314	9380	12906	15708	18143	20826	25888	29590	31379	32687
0:39:40	30.0	5099	5805	6382	9339	12754	15724	17984	20613	25783	29499	31606	32925
0:39:45	30.0	5002	5765	6401	9291	12784	15783	18018	20985	26145	29863	31469	33019
0:39:50	30.0	5084	5748	6337	9399	12783	15615	18172	20984	25845	29492	31461	33021
0:39:55	30.0	5050	5736	6369	9234	12859	15777	17989	20899	25741	29562	31682	32501
0:40:00	30.0	5048	5803	6358	9345	12884	15586	18022	21004	25941	29685	31576	32741
0:40:05	30.0	5063	5820	6389	9329	12921	15678	17973	20908	25797	29729	31428	32708
0:40:10	30.0	5027	5777	6342	9368	12713	15707	18033	20753	25853	29917	31225	32939
0:40:15	30.0	5049	5784	6356	9331	12755	15725	18056	20578	25890	29898	31700	32887
0:40:20	30.0	5058	5780	6375	9302	12813	15747	17996	20999	25948	29913	31530	32772
0:40:25	30.0	4972	5753	6368	9343	12740	15655	18010	20737	25912	29881	31463	32974
0:40:30	30.0	5072	5788	6363	9385	12838	15701	17897	20830	26000	29394	31382	32963
0:40:35	30.0	5050	5721	6373	9344	12797	15789	18030	20712	25697	29736	31394	33071
0:40:40	30.0	5073	5827	6412	9294	12853	15619	18185	21075	25767	30005	31408	32929
0:40:45	30.0	5027	5774	6336	9335	12699	15570	18080	20773	25940	29669	31576	32642
0:40:50	30.0	5076	5733	6364	9330	12735	15509	18004	20913	25883	29918	31539	32785
0:40:55	30.0	5048	5766	6396	9291	12774	15663	18234	21024	25711	29924	31650	32861
0:41:00	30.0	5049	5748	6390	9364	12908	15642	18077	20933	26070	29826	31529	32797
0:41:05	30.0	5025	5801	6340	9297	12862	15825	18179	20881	25822	29814	31610	33219
0:41:10	30.0	5066	5773	6383	9293	12806	15642	18183	20783	25952	29555	31545	32712
0:41:15	30.0	5037	5802	6332	9350	12881	15694	18188	20870	25815	29779	31584	32828
0:41:20	30.0	5070	5808	6366	9325	12871	15721	18123	20730	25761	29882	31681	32884
0:41:25	30.0	5009	5789	6371	9312	12790	15775	18182	20958	25888	29749	31694	32685
0:41:30	30.0	5046	5730	6387	9305	12810	15803	18151	20806	25868	29715	31633	32745
0:41:35	30.0	5038	5763	6410	9338	12731	15679	18004	20914	25645	29623	31776	32760
0:41:40	30.0	5074	5795	6360	9281	12767	15691	17929	20791	25809	30046	31346	32815
0:41:45	30.0	5083	5733	6383	9331	12852	15647	18051	20890	26053	29574	31663	32811
0:41:50	30.0	5069	5805	6321	9296	12783	15721	18156	20849	25794	29777	31315	32631
0:41:55	30.0	5038	5728	6362	9399	12879	15617	18106	20922	25865	29558	31432	33049
0:42:00	30.0	5038	5733	6355	9298	12843	15621	18100	20943	26005	29575	31375	32886
0:42:05	30.0	5061	5736	6306	9362	12771	15770	17855	20868	25812	29795	31657	32970
0:42:10	30.0	5052	5793	6343	9409	12792	15788	18297	20895	25899	29546	31426	32885
0:42:15	30.0	5077	5825	6356	9313	12790	15569	18114	20787	26030	29667	31162	32794
0:42:20	30.0	5026	5772	6380	9340	12761	15574	18182	20920	25931	29662	31429	33036
0:42:25	30.0	5071	5806	6356	9354	12903	15606	18073	20772	25646	29745	31604	32593
0:42:30	30.0	5010	5766	6395	9400	12801	15667	18019	21009	25906	29844	31765	32805
0:42:35	30.0	5039	5743	6391	9313	12721	15682	18002	20933	26005	30086	31497	32947
0:42:40	30.0	5085	5753	6393	9275	12786	15647	18132	20893	25876	29513	31391	33188
0:42:45	30.0	5050	5826	6327	9253	12648	15569	18209	20855	25738	29871	31549	32721
0:42:50	30.0	5094	5817	6366	9237	12842	15758	18144	20782	26096	30068	31673	32933
0:42:55	30.0	5076	5824	6393	9412	12863	15672	18130	20901	26112	29838	31613	32675
0:43:00	30.0	5088	5809	6377	9318	12692	15791	18253	20931	26082	29725	31246	32768
0:43:05	30.0	5092	5757	6353	9400	12789	15751	18255	20791	25753	29946	31718	32574
0:43:10	30.0	5059	5773	6365	9192	12793	15589	18178	20836	25888	29818	31593	32902
0:43:15	30.0	5025	5730	6371	9274	12863	15696	18191	21014	26008	29791	31683	32953
0:43:20	30.0	5089	5774	6350	9363	12806	15721	18217	20987	25738	29843	31440	33024
0:43:25	30.0	5050	5787	6379	9376	12684	15855	18153	20783	25882	29682	31364	33194
0:43:30	30.0	4997	5789	6379	9411	12701	15572	17949	20759	26155	29838	31831	32891
0:43:35	30.0	5036	5777	6366	9421	12782	15767	18133	20722	25967	29764	31624	32742
0:43:40	30.0	5062	5730	6369	9376	12740	15600	17995	20977	25926	29673	31471	32765
0:43:45	30.0	5087	5779	6347	9310	12817	15596	18105	20842	25874	29802	31512	32977
0:43:50	30.0	5071	5816	6317	9312	12787	15651	18045	20821	25810	29573	31764	32396
0:43:55	30.0	5031	5727	6347	9316	12744	15696	18005	20932	25848	29818	31579	32699
0:44:00	30.0	5051	5763	6374	9313	12802	15692	18151	20735	25857	29783	31414	33162
0:44:05	30.0	5052	5837	6341	9331	12804	15742	18040	20766	25978	29331	31587	33249
0:44:10	30.0	5061	5800	6363	9262	12798	15761	18218	20910	25764	29890	31487	32795
0:44:15	30.0	5041	5781	6362	9265	12821	15657	18053	20677	25755	29717	31524	32920
0:44:20	30.0	5075	5768	6341	9328	12831	15838	18261	20836	26058	29534	31533	32964
0:44:25	30.0	5031	5800	6369	9436	12705	15647	18220	20792	25876	29885	31510	33146
0:44:30	30.0	5064	5748	6285	9298	12784	15600	18006	20771	25847	29832	31468	32749
0:44:35	30.0	5013	5769	6366	9327	12849	15625	18197	20876	25826	29760	31362	32532
0:44:40	30.0	5061	5777	6322	9333	12723	15721	18094	20943	26006	29635	31362	32932
0:44:45	30.0	5092	5760	6393	9257	12742	15652	18149	20806	25995	29783	31612	32809
0:44:50	30.0	5080	5762	6362	9355	12701	15690	18035	20913	25905	29691	31526	32901
0:44:55	30.0	5041	5806	6325	9254	12675	15556	18124	20782	25797	30042	31562	32692
0:45:00	30.0	5076	5767	6333	9372	12818	15618	18134	20940	26011	29886	31608	32642
0:45:05	30.0	5035	5830	6323	9376	12728	15596	18079	20749	25563	29955	31641	33002
0:45:10	30.0	5047	5769	6397	9279	12866	15626	18167	20798	25957	29717	31470	32845
0:45:15	30.0	5093	5729	6373	9254	12807	15647	18139	20769	26077	29748	31285	32524
0:45:20	30.0	5101	5791	6375	9291	12708	15751	18279	20763	25776	29886	31570	32867
0:45:25	30.0	5052	5789	6369	9341	12780	15629	18136	20935	25906	29957	31373	32923
0:45:30	30.0	5082	5798	6320	9304	12795	15711	18178	20795	25870	29583	31603	32734
0:45:35	30.0	5015	5784	6317	9330	12745	15523	18047	20768	25977	29645	31390	32838
0:45:40	30.0	5012	5800	6354	9268	12711	15642	18149	21008	25895	29713	31517	33092
0:45:45	30.0	5065	5795	6348	9318	12613	15657	17929	20675	26050	29715	31522	32700
0:45:50	30.0	5033	5805	6373	9374	12708	15693	18042	21062	25934	29772	31489	32936
0:45:55	30.0	5035	5791	6364	9203	12693	15709	17982	20874	25867	29713	31426	32810
0:46:00	30.0	5064	5813	6326	9268	12726	15615	18126	21016	25835	29766	31458	32763
0:46:05	30.0	5033	5771	6389	9300	12770	15640	18200	20787	25921	29683	31351	32908
0:46:10	30.0	5059	5786	6375	9321	12784	15635	18186	20906	25699	30022	31273	32849
0:46:15	30.0	5050	5761	6354	9341	12718	15663	18124	20863	25870	29489	31363	32833
0:46:20	30.0	5017	5738	6302	9352	12767	15611	17995	20701	25740	29768	31374	32629
0:46:25	30.0	5029	5742	6332	9359	12789	15633	18001	20834	25808	29613	31459	32893
0:46:30	30.0	4993	5797	6286	9269	12675	15680	18169	20857	26142	29759	31368	32620
0:46:35	30.0	5005	5818	6285	9422	12723	15599	18183	20950	26115	29721	31464	32910
0:46:40	30.0	5074	5738	6328	9303	12801	15658	17968	20936	25875	29667	31732	32929
0:46:45	30.0	5023	5775	6269	9373	12826	15747	18049	20862	26054	29637	31465	32896
0:46:50	30.0	5029	5767	6393	9261	12700	15655	18147	20770	25762	29716	31476	32978
0:46:55	30.0	5080	5803	6354	9337	12755	15684	18076	20792	25626	29921	31479	33107
0:47:00	30.0	5035	5753	6336	9279	12895	15613	18090	20912	25895	29567	31762	32924
0:47:05	30.0	5049	5764	6338	9327	12713	15709	18204	20795	25773	29675	31598	33025
0:47:10	30.0	5032	5776	6391	9239	12852	15633	18122	20601	25981	29788	31492	32796
0:47:15	30.0	5073	5771	6355	9233	12630	15667	18087	20928	25737	29797	31624	32646
0:47:20	30.0	5038	5745	6396	9353	12814	15628	18074	20741	25952	29626	31466	33024
0:47:25	30.0	5021	5762	6398	9266	12869	15598	18135	20994	25847	29929	31588	32747
0:47:30	30.0	5010	5786	6351	9242	12772	15610	17972	20906	25870	30020	31465	32799
0:47:35	30.0	5052	5707	6337	9265	12756	15643	18118	20876	26026	29568	31276	32690
0:47:40	30.0	5045	5806	6377	9264	12817	15637	18068	20977	25794	29823	31651	32633
0:47:45	30.0	5005	5722	6398	9266	12831	15516	18199	20884	25869	29412	31617	32771
0:47:50	30.0	5051	5785	6345	9317	12690	15578	18203	20709	25834	29826	31295	32860
0:47:55	30.0	5037	5724	6379	9305	12701	15568	18146	20774	25749	29587	31673	32762
0:48:00	30.0	5035	5781	6331	9312	12670	15704	17986	20919	25746	29684	31422	32859
0:48:05	30.0	5077	5754	6309	9239	12673	15608	18103	20753	25836	29736	31542	32820
0:48:10	30.0	5032	5744	6341	9270	12689	15635	18140	20824	25891	29579	31468	32667
0:48:15	30.0	5035	5761	6306	9331	12823	15752	17932	20712	25967	29898	31624	32699
0:48:20	30.0	5025	5741	6351	9303	12839	15693	17949	20835	25788	29756	31343	32560
0:48:25	30.0	5037	5836	6285	9253	12775	15730	18153	20681	25802	29724	31455	32919
0:48:30	30.0	5013	5703	6352	9310	12728	15718	18170	20916	25781	29930	31564	32844
0:48:35	30.0	5030	5757	6338	9269	12842	15740	18181	20778	25875	29820	31592	32810
0:48:40	30.0	5041	5748	6299	9275	12802	15610	18108	20792	26078	29877	31480	32722
0:48:45	30.0	5002	5745	6302	9240	12731	15738	18230	20853	26088	29901	31580	32872
0:48:50	30.0	5071	5779	6306	9343	12757	15621	18074	20868	25601	29817	31529	32937
0:48:55	30.0	5039	5783	6331	9405	12782	15755	17859	20765	25813	29765	31463	32729
0:49:00	30.0	5060	5776	6369	9289	12778	15678	18007	20860	25912	29877	31425	32571
0:49:05	30.0	5067	5775	6406	9253	12694	15569	18209	20821	25703	29819	31438	32677
0:49:10	30.0	5035	5740	6339	9202	12708	15624	18080	20770	25584	29848	31372	32905
0:49:15	30.0	5053	5727	6301	9330	12778	15849	18137	20857	25682	29817	31295	33093
0:49:20	30.0	5066	5789	6358	9313	12744	15735	18217	20812	25594	29694	31687	33101
0:49:25	30.0	5033	5745	6339	9350	12758	15608	18171	20943	25732	29964	31418	32781
0:49:30	30.0	5017	5788	6352	9276	12728	15598	18004	20914	26041	29782	31260	32724
0:49:35	30.0	5060	5759	6345	9241	12724	15598	18123	20701	25861	29610	31594	32584
0:49:40	30.0	5026	5740	6353	9203	12720	15534	18130	20979	25768	29833	31568	32720
0:49:45	30.0	5031	5739	6317	9244	12799	15807	17959	20959	25739	29877	31191	32913
0:49:50	30.0	5053	5746	6388	9237	12760	15620	17962	20775	25751	29767	31523	32797
0:49:55	30.0	5026	5735	6353	9204	12672	15739	18132	20822	25588	29889	31453	32829
0:50:00	30.0	5019	5742	6380	9294	12805	15663	18174	20757	25856	29714	31409	32998
0:50:05	30.0	4988	5789	6354	9345	12692	15558	17983	20799	25647	29737	31569	32848
0:50:10	30.0	5078	5754	6297	9228	12747	15685	18019	21004	25731	29484	31279	32726
0:50:15	30.0	5063	5756	6311	9229	12788	15841	18035	21013	25888	29691	31559	32868
0:50:20	30.0	5059	5763	6352	9337	12643	15674	18070	21114	25915	29675	31505	32941
0:50:25	30.0	5053	5752	6353	9257	12651	15726	18037	20781	25766	29484	31459	32629
0:50:30	30.0	5041	5808	6324	9208	12662	15722	17993	20831	26058	29596	31369	32727
0:50:35	30.0	5028	5716	6308	9358	12621	15615	18064	20839	25782	29821	31542	32596
0:50:40	30.0	5050	5744	6291	9243	12627	15679	18042	20936	25860	29641	31691	32895
0:50:45	30.0	5059	5801	6298	9317	12766	15650	18112	20910	25698	29688	31564	32490
0:50:50	30.0	5044	5726	6263	9318	12797	15618	18186	21041	25709	29713	31616	32895
0:50:55	30.0	5011	5790	6309	9278	12656	15732	18063	20858	25757	29733	31336	32885
0:51:00	30.0	4989	5718	6280	9370	12667	15646	17967	20881	25916	29691	31334	32896
0:51:05	30.0	5039	5733	6361	9400	12794	15657	18211	20845	25798	29809	31825	32696
0:51:10	30.0	5051	5790	6284	9336	12735	15666	18046	20909	26069	29826	31518	32705
0:51:15	30.0	5010	5796	6327	9262	12710	15695	17911	20811	25583	29634	31715	33007
0:51:20	30.0	5028	5736	6305	9309	12830	15748	17875	20597	25884	29705	31759	32904
0:51:25	30.0	4998	5762	6300	9245	12648	15615	17951	20805	25930	29733	31726	32863
0:51:30	30.0	5035	5768	6320	9374	12699	15709	18109	20795	26001	29843	31313	32941
0:51:35	30.0	5032	5754	6359	9343	12682	15653	18049	20984	26053	29601	31780	33064
0:51:40	30.0	5008	5777	6325	9283	12818	15841	18073	20888	25877	29727	31458	32849
0:51:45	30.0	5031	5682	6325	9238	12827	15575	17962	20828	25830	29585	31687	32719
0:51:50	30.0	5062	5753	6402	9258	12902	15715	18126	20941	25665	29766	31693	33236
0:51:55	30.0	5033	5776	6387	9364	12689	15639	18024	20771	25836	29861	31283	32636
0:52:00	30.0	5031	5751	6298	9276	12833	15663	17985	21031	25817	29739	31278	33217
0:52:05	30.0	5035	5793	6359	9344	12734	15654	18136	20904	25806	29703	31200	32842
0:52:10	30.0	5055	5682	6339	9278	12755	15670	18068	20828	25803	29782	31415	32957
0:52:15	30.0	5031	5800	6356	9292	12677	15622	18069	20920	26075	29599	31544	32815
0:52:20	30.0	4980	5742	6320	9259	12768	15656	17974	20883	25893	29924	31542	32616
0:52:25	30.0	5010	5773	6348	9281	12705	15691	18106	20781	25778	29838	31255	32893
0:52:30	30.0	5013	5775	6318	9302	12808	15590	18134	20921	25896	29706	31291	33077
0:52:35	30.0	5010	5779	6365	9271	12729	15706	17972	20814	25791	29643	31570	32644
0:52:40	30.0	5062	5750	6334	9288	12812	15738	17940	20887	26057	29912	31406	32832
0:52:45	30.0	5033	5815	6333	9318	12702	15558	18118	20787	25866	29587	31289	32751
0:52:50	30.0	5051	5827	6274	9284	12826	15736	18110	20741	25868	30038	31420	32747
0:52:55	30.0	5050	5788	6308	9201	12797	15660	18139	20689	25811	29781	31551	33029
0:53:00	30.0	5023	5768	6318	9289	12677	15502	18042	20711	25800	29647	31370	32622
0:53:05	30.0	5067	5782	6258	9258	12674	15501	18125	20936	25692	29826	31238	33054
0:53:10	30.0	5011	5745	6302	9259	12679	15625	18088	20870	25756	29596	31581	32705
0:53:15	30.0	5031	5764	6375	9251	12754	15614	17998	20784	25740	29802	31408	32868
0:53:20	30.0	5063	5703	6312	9289	12844	15553	18065	20905	25508	29619	31364	32600
0:53:25	30.0	5015	5723	6316	9270	12667	15515	18228	20925	25632	29677	31446	32980
0:53:30	30.0	5038	5747	6298	9313	12643	15483	17977	20805	25748	29616	31442	32788
0:53:35	30.0	5029	5753	6259	9235	12661	15706	17940	20808	25887	29929	31144	32860
0:53:40	30.0	5048	5777	6295	9246	12730	15594	18176	20851	25771	29925	31240	32962
0:53:45	30.0	5052	5714	6340	9271	12811	15666	18204	20850	26002	29761	31619	32660
0:53:50	30.0	5019	5759	6317	9266	12576	15728	18090	20880	25772	29603	31233	32812
0:53:55	30.0	5017	5787	6311	9321	12797	15645	18032	20790	25932	29648	31383	32971
0:54:00	30.0	5011	5728	6331	9267	12717	15658	18080	20920	25944	29982	31447	32768
0:54:05	30.0	5023	5776	6368	9285	12727	15554	18215	20856	25869	29998	31578	32737
0:54:10	30.0	5036	5699	6325	9288	12699	15642	17882	20671	25718	29875	31734	32674
0:54:15	30.0	4980	5796	6267	9326	12802	15629	18257	20722	25760	29815	31414	32867
0:54:20	30.0	4997	5729	6356	9271	12799	15729	17844	20644	26013	29672	31202	32768
0:54:25	30.0	5009	5713	6298	9238	12864	15650	18097	20952	25764	29561	31165	32812
0:54:30	30.0	5051	5747	6333	9339	12773	15604	18106	20970	25981	29708	31286	32929
0:54:35	30.0	4994	5768	6327	9344	12766	15661	18121	20908	25904	29594	31450	32781
0:54:40	30.0	5062	5791	6367	9326	12804	15551	18152	20844	26001	29729	31399	33020
0:54:45	30.0	5028	5698	6324	9222	12779	15702	18040	20684	25671	29592	31488	32991
0:54:50	30.0	5003	5738	6307	9229	12835	15665	18221	20738	25755	29774	31419	32758
0:54:55	30.0	5054	5804	6338	9354	12635	15531	18122	20634	25791	29864	31256	32832
0:55:00	30.0	5037	5743	6338	9195	12725	15659	18106	20736	25643	29559	31601	32628
0:55:05	30.0	5049	5781	6331	9255	12729	15757	18123	20984	25731	29712	31563	32934
0:55:10	30.0	5006	5759	6302	9306	12654	15500	18066	20779	25770	29778	31258	32724
0:55:15	30.0	5011	5735	6316	9218	12662	15520	17907	20879	25844	29597	31386	32852
0:55:20	30.0	4997	5742	6305	9240	12643	15709	18029	20825	25861	29694	31357	32763
0:55:25	30.0	4979	5803	6297	9345	12699	15617	18229	20915	25718	29825	31588	32897
0:55:30	30.0	5072	5740	6330	9269	12717	15517	18144	20920	25727	29642	31614	33020
0:55:35	30.0	5034	5771	6310	9248	12772	15642	17962	20862	25710	29678	31662	32730
0:55:40	30.0	5049	5781	6360	9209	12752	15553	18206	20752	25792	29507	31413	32597
0:55:45	30.0	5071	5779	6348	9277	12661	15603	18114	20913	26065	29363	31401	32799
0:55:50	30.0	5021	5739	6283	9231	12738	15482	18091	20693	25688	29491	31218	32820
0:55:55	30.0	5009	5773	6356	9205	12678	15563	18053	20910	25700	29763	31164	32980
0:56:00	30.0	5025	5758	6336	9294	12787	15564	17968	20801	25630	29658	31505	32445
0:56:05	30.0	5027	5678	6256	9281	12758	15567	18119	20741	25838	29417	31407	32591
0:56:10	30.0	4995	5784	6327	9259	12650	15698	17929	20864	25788	29671	31160	32858
0:56:15	30.0	5030	5808	6348	9295	12792	15591	17989	20762	25592	30061	31459	32980
0:56:20	30.0	5010	5717	6333	9276	12689	15589	18198	20699	25819	29708	31471	32761
0:56:25	30.0	5022	5685	6319	9182	12784	15607	18051	20845	25828	29845	31356	32695
0:56:30	30.0	5058	5706	6332	9306	12619	15695	18018	20730	25793	29640	31242	32639
0:56:35	30.0	5008	5747	6300	9340	12616	15613	17967	20757	25637	29624	31518	32861
0:56:40	30.0	4977	5750	6303	9256	12756	15692	17973	20778	25450	29685	31502	32485
0:56:45	30.0	4947	5756	6319	9184	12633	15581	18026	20919	25591	29819	31252	32791
0:56:50	30.0	4980	5745	6306	9293	12678	15615	17968	20942	25873	29635	31494	32661
0:56:55	30.0	5031	5730	6328	9279	12614	15756	17991	20760	25634	29539	31400	32779
0:57:00	30.0	4972	5828	6320	9250	12765	15668	17865	20822	25926	29605	31198	32728
0:57:05	30.0	5004	5763	6300	9247	12721	15667	17911	21016	25816	29629	31291	32569
0:57:10	30.0	5016	5720	6310	9290	12747	15494	17842	20624	26117	29817	31185	32981
0:57:15	30.0	5011	5751	6300	9274	12719	15633	18009	20814	25877	29513	31306	32912
0:57:20	30.0	5023	5732	6348	9307	12809	15526	17986	20726	25707	29815	31675	32921
0:57:25	30.0	5024	5752	6369	9330	12737	15585	17964	20874	25723	29730	31540	32784
0:57:30	30.0	5013	5763	6320	9256	12756	15540	17956	20798	25719	29877	31529	32530
0:57:35	30.0	4983	5691	6361	9218	12696	15558	17901	20910	26007	29640	31405	32798
0:57:40	30.0	5022	5748	6317	9216	12751	15653	18024	20788	26081	29437	31375	32774
0:57:45	30.0	5035	5697	6275	9296	12747	15497	17849	20907	26061	29781	31763	32946
0:57:50	30.0	5003	5702	6364	9225	12803	15720	17856	20752	25767	29531	31461	32507
0:57:55	30.0	5057	5739	6310	9258	12665	15513	18087	20879	25691	29767	31882	32771
0:58:00	30.0	5017	5772	6430	9247	12665	15651	17884	20776	25822	29826	31508	32708
0:58:05	30.0	5018	5702	6338	9276	12679	15502	18134	20732	25633	29576	31412	32581
0:58:10	30.0	5018	5732	6323	9259	12658	15593	17978	20901	25468	29664	31717	32691
0:58:15	30.0	5036	5754	6325	9248	12727	15558	18014	20684	25706	29685	31432	33033
0:58:20	30.0	4994	5718	6297	9267	12703	15615	18026	20890	25710	29570	31461	32965
0:58:25	30.0	5028	5727	6235	9278	12653	15697	18065	20881	25681	29628	31691	33032
0:58:30	30.0	5023	5722	6295	9272	12689	15613	17920	20799	25829	29562	31308	33042
0:58:35	30.0	4999	5693	6342	9238	12755	15613	18021	20654	26030	29639	31496	32950
0:58:40	30.0	5017	5700	6296	9312	12714	15625	18096	20674	25696	29262	31478	32715
0:58:45	30.0	4996	5688	6313	9284	12809	15645	17850	20785	25785	29811	31456	32629
0:58:50	30.0	4993	5731	6326	9286	12734	15588	18126	20719	25821	29559	31312	32705
0:58:55	30.0	5029	5801	6246	9171	12714	15638	18090	20857	25646	29551	31400	32912
0:59:00	30.0	5021	5743	6328	9238	12691	15681	18015	20808	25804	29636	31320	33057
0:59:05	30.0	5035	5727	6264	9361	12680	15701	18040	20827	25695	29652	31681	32954
0:59:10	30.0	5045	5685	6283	9310	12745	15474	18056	20809	25808	29508	31490	32988
0:59:15	30.0	4965	5737	6357	9298	12664	15722	18081	20725	25921	29497	31563	32879
0:59:20	30.0	5038	5690	6294	9231	12691	15698	18065	20762	25770	29369	31293	32548
0:59:25	30.0	5051	5723	6280	9302	12715	15696	18181	20698	25668	29872	31434	32761
0:59:30	30.0	5012	5727	6279	9268	12640	15491	17892	20550	25665	29487	31434	32723
0:59:35	30.0	4980	5746	6368	9165	12643	15583	17960	20764	25668	29709	31475	32792
0:59:40	30.0	5016	5765	6299	9273	12741	15581	18033	20738	25592	29715	31294	32788
0:59:45	30.0	4981	5742	6294	9296	12748	15563	18093	20571	25887	29934	31473	32856
0:59:50	30.0	5016	5784	6342	9260	12847	15689	18002	21023	25854	29768	31319	32686
0:59:55	30.0	4991	5737	6368	9198	12755	15517	17907	20916	25550	29713	31252	32663
1:00:00	30.0	5044	5735	6320	9314	12739	15713	17972	20773	25927	29555	31264	32731

Results
	1	2	3	4	5	6	7	8	9	10	11	12
A													Max V [425,457]
													R-Squared [425,457]
													t at Max V [425,457]
													Lagtime [425,457]
B													Max V [425,457]
													R-Squared [425,457]
													t at Max V [425,457]
													Lagtime [425,457]
C													Max V [425,457]
													R-Squared [425,457]
													t at Max V [425,457]
													Lagtime [425,457]
D													Max V [425,457]
													R-Squared [425,457]
													t at Max V [425,457]
													Lagtime [425,457]
E													Max V [425,457]
													R-Squared [425,457]
													t at Max V [425,457]
													Lagtime [425,457]
F													Max V [425,457]
													R-Squared [425,457]
													t at Max V [425,457]
													Lagtime [425,457]
G	-1656000.000	1716000.000	-1776000.000	-2496000.000	3288000.000	4116000.000	5304000.000	-5640000.000	-5844000.000	7764000.000	-7896000.000	8988000.000	Max V [425,457]
	1.000	1.000	1.000	1.000	1.000	1.000	1.000	1.000	1.000	1.000	1.000	1.000	R-Squared [425,457]
	0:00:03	0:01:43	0:32:53	0:43:08	0:30:13	0:38:48	0:42:08	0:24:38	0:48:48	0:09:13	0:27:08	0:11:53	t at Max V [425,457]
	0:00:00	0:01:10	0:34:20	0:45:16	0:28:01	0:36:24	0:39:50	0:27:14	0:52:05	0:06:56	0:30:16	0:09:27	Lagtime [425,457]
H													Max V [425,457]
													R-Squared [425,457]
													t at Max V [425,457]
													Lagtime [425,457]
