

Software Version	3.03.14



Experiment File Path:	C:\Users\Public\Documents\Experiments\Tina\20190201_GAP_assay2.xpt
Protocol File Path:	C:\Users\Public\Documents\Protocols\Tina\GAP_sensor_assay.prt



Plate Number	Plate 1
Date	2/1/2019
Time	3:39:32 PM
Reader Type:	Synergy H1
Reader Serial Number:	1803011C
Reading Type	Reader

Procedure Details

Plate Type	Costar 96 well half area
Set Temperature	Setpoint 30°C
Start Kinetic	Runtime 1:00:00 (HH:MM:SS), Interval 0:00:05, 721 Reads
    Read	Fluorescence Endpoint
	E1..E12
	Filter Set 1
	    Excitation: 425,  Emission: 457
	    Optics: Bottom,  Gain: 57
	Light Source: Xenon Flash,  Lamp Energy: High
	Read Speed: Normal,  Delay: 0 msec,  Measurements/Data Point: 5
	Read Height: 7 mm
End Kinetic	

Layout
	1	2	3	4	5	6	7	8	9	10	11	12
A													Well ID
B													Well ID
C													Well ID
D													Well ID
E	SPL1	SPL2	SPL3	SPL4	SPL5	SPL6	SPL7	SPL8	SPL9	SPL10	SPL11	SPL12	Well ID
F													Well ID
G													Well ID
H													Well ID

425,457

Time	T° 425,457	E1	E2	E3	E4	E5	E6	E7	E8	E9	E10	E11	E12
0:00:00	30.1	3367	3356	3621	3670	3401	5219	5509	5924	6220	6998	7701	4740
0:00:05	30.1	3408	3368	3607	3713	3404	5297	5495	5879	6212	7024	7828	4776
0:00:10	30.0	3439	3370	3610	3698	3412	5278	5512	5933	6225	7036	7760	4777
0:00:15	30.1	3457	3371	3651	3728	3422	5259	5542	5931	6233	7109	7800	4800
0:00:20	30.0	3497	3387	3636	3733	3440	5298	5555	5886	6328	7081	7780	4806
0:00:25	30.0	3479	3424	3681	3763	3450	5293	5589	5911	6328	7107	7850	4848
0:00:30	30.0	3540	3408	3684	3778	3430	5350	5550	5912	6326	7060	7829	4773
0:00:35	30.1	3521	3423	3693	3768	3416	5261	5566	5909	6350	7134	7869	4848
0:00:40	30.0	3504	3414	3684	3786	3428	5348	5645	6002	6311	7085	7891	4808
0:00:45	30.0	3539	3438	3754	3790	3426	5311	5672	5961	6335	7095	7869	4842
0:00:50	30.0	3564	3403	3712	3846	3474	5351	5592	5967	6330	7138	7814	4780
0:00:55	30.0	3555	3431	3692	3872	3478	5365	5616	6008	6335	7131	7885	4811
0:01:00	30.0	3585	3476	3754	3873	3469	5364	5635	6016	6348	7137	7895	4803
0:01:05	30.0	3555	3459	3738	3859	3502	5367	5609	5986	6340	7188	7900	4776
0:01:10	30.0	3614	3472	3780	3829	3490	5414	5687	5956	6343	7159	7845	4766
0:01:15	30.0	3627	3496	3770	3889	3523	5383	5654	5984	6371	7122	7820	4812
0:01:20	30.0	3596	3497	3758	3915	3520	5427	5653	5978	6377	7181	7965	4856
0:01:25	30.0	3610	3462	3800	3947	3550	5360	5624	5981	6408	7154	7909	4803
0:01:30	30.0	3587	3525	3842	3929	3514	5411	5639	5997	6367	7162	7917	4778
0:01:35	30.0	3612	3526	3852	3956	3542	5443	5693	6015	6446	7204	7900	4787
0:01:40	30.0	3628	3511	3873	3980	3552	5415	5707	6075	6394	7210	7916	4841
0:01:45	30.0	3618	3575	3892	4004	3546	5434	5696	6036	6400	7126	7939	4797
0:01:50	30.0	3621	3519	3900	4001	3604	5457	5677	5957	6427	7222	7931	4787
0:01:55	30.0	3679	3552	3884	4005	3573	5492	5687	6053	6409	7209	7956	4825
0:02:00	30.0	3629	3582	3954	4056	3561	5506	5719	6064	6429	7205	7903	4813
0:02:05	30.0	3623	3571	3935	4062	3612	5498	5732	6059	6440	7232	7967	4826
0:02:10	30.0	3646	3645	3975	4077	3586	5441	5801	6080	6483	7269	7983	4825
0:02:15	30.0	3606	3606	3954	4094	3647	5549	5734	6053	6375	7224	8076	4817
0:02:20	30.0	3644	3663	3979	4139	3595	5576	5772	6093	6463	7167	7954	4834
0:02:25	30.0	3632	3648	3993	4124	3614	5524	5751	6086	6427	7267	8037	4826
0:02:30	30.0	3657	3627	4022	4150	3659	5572	5782	6072	6471	7283	7989	4857
0:02:35	30.0	3646	3646	3976	4185	3623	5632	5806	6112	6519	7248	7976	4872
0:02:40	30.0	3671	3623	4044	4174	3673	5613	5775	6145	6534	7223	8037	4871
0:02:45	30.0	3615	3660	4032	4157	3689	5581	5798	6146	6518	7269	7943	4882
0:02:50	30.0	3657	3673	4045	4172	3691	5616	5825	6143	6513	7262	8014	4843
0:02:55	30.0	3649	3607	4060	4243	3672	5661	5849	6163	6554	7328	8055	4872
0:03:00	30.0	3675	3639	4075	4181	3679	5642	5833	6150	6539	7349	8052	4849
0:03:05	30.0	3676	3640	4062	4188	3681	5642	5849	6117	6572	7231	8083	4861
0:03:10	30.0	3672	3680	4071	4217	3703	5596	5844	6171	6490	7273	8089	4911
0:03:15	30.0	3657	3639	4097	4248	3739	5650	5829	6171	6535	7327	8040	4857
0:03:20	30.1	3688	3638	4082	4229	3679	5673	5859	6150	6581	7342	8107	4858
0:03:25	30.0	3664	3651	4078	4263	3709	5628	5829	6116	6564	7383	8108	4888
0:03:30	30.0	3668	3642	4087	4253	3665	5650	5841	6125	6579	7346	8077	4874
0:03:35	30.0	3733	3674	4080	4259	3668	5666	5933	6187	6574	7333	8108	4854
0:03:40	30.0	3698	3625	4056	4288	3688	5726	5868	6260	6650	7318	8132	4876
0:03:45	30.0	3699	3630	4108	4218	3688	5661	5871	6203	6570	7328	8157	4909
0:03:50	30.0	3707	3628	4031	4252	3697	5710	5888	6227	6625	7338	8189	4858
0:03:55	30.0	3663	3644	4055	4277	3694	5669	5847	6264	6633	7382	8131	4882
0:04:00	30.0	3677	3617	4052	4253	3648	5686	5900	6179	6610	7375	8216	4874
0:04:05	30.0	3716	3679	4083	4271	3646	5690	5925	6250	6611	7401	8264	4810
0:04:10	30.0	3698	3626	4038	4259	3671	5709	5928	6241	6637	7433	8169	4880
0:04:15	30.0	3701	3606	4047	4264	3645	5678	5938	6213	6659	7395	8196	4889
0:04:20	30.0	3702	3666	4081	4291	3669	5659	5924	6218	6663	7449	8183	4882
0:04:25	30.0	3703	3626	4023	4245	3642	5714	5913	6265	6664	7394	8125	4901
0:04:30	30.0	3725	3647	4054	4277	3668	5663	5897	6279	6619	7450	8183	4897
0:04:35	30.0	3700	3652	4102	4300	3645	5684	5916	6266	6663	7421	8226	4879
0:04:40	30.0	3759	3612	4087	4244	3665	5715	5862	6299	6572	7435	8228	4886
0:04:45	30.0	3750	3630	4048	4264	3646	5719	5947	6294	6620	7454	8282	4915
0:04:50	30.0	3722	3669	4043	4272	3620	5747	5919	6294	6646	7449	8219	4866
0:04:55	30.0	3731	3673	4071	4249	3652	5692	5978	6276	6681	7402	8200	4906
0:05:00	30.0	3699	3686	4032	4264	3635	5677	5954	6313	6695	7410	8261	4886
0:05:05	30.0	3747	3703	4073	4240	3617	5660	5889	6259	6654	7516	8208	4866
0:05:10	30.0	3807	3670	4069	4267	3643	5724	5904	6357	6737	7537	8255	4913
0:05:15	30.0	3787	3676	4078	4308	3595	5637	5961	6283	6644	7425	8216	4892
0:05:20	30.0	3785	3698	4082	4315	3618	5695	5958	6301	6651	7482	8325	4874
0:05:25	30.0	3810	3709	4060	4291	3619	5735	5876	6235	6704	7509	8356	4904
0:05:30	30.0	3833	3714	4045	4289	3585	5689	5927	6285	6729	7519	8247	4906
0:05:35	30.0	3823	3677	4068	4324	3623	5741	5921	6358	6784	7536	8294	4916
0:05:40	30.0	3818	3721	4073	4277	3619	5728	5938	6323	6712	7506	8355	4841
0:05:45	30.0	3820	3726	4061	4294	3599	5741	5948	6302	6741	7461	8292	4856
0:05:50	30.0	3814	3710	4126	4295	3598	5727	5935	6362	6711	7547	8347	4868
0:05:55	30.0	3836	3725	4084	4279	3613	5710	5955	6346	6760	7480	8315	4871
0:06:00	30.0	3829	3712	4091	4290	3597	5807	5887	6309	6725	7580	8365	4820
0:06:05	30.0	3847	3686	4105	4268	3594	5727	5992	6313	6751	7532	8339	4883
0:06:10	30.0	3811	3761	4102	4310	3594	5742	5962	6386	6728	7560	8411	4845
0:06:15	30.0	3846	3726	4083	4316	3632	5775	5978	6383	6712	7561	8415	4891
0:06:20	30.0	3840	3718	4128	4317	3594	5746	5953	6282	6722	7494	8366	4884
0:06:25	30.0	3857	3710	4130	4346	3574	5679	5985	6354	6800	7562	8395	4890
0:06:30	30.0	3856	3712	4112	4339	3570	5771	5943	6351	6743	7535	8345	4835
0:06:35	30.0	3847	3711	4143	4326	3617	5742	5980	6334	6738	7595	8404	4911
0:06:40	30.0	3890	3713	4134	4333	3592	5683	5970	6319	6784	7602	8417	4894
0:06:45	30.0	3839	3739	4135	4363	3597	5716	5976	6357	6844	7558	8416	4873
0:06:50	30.0	3878	3725	4150	4354	3586	5707	5968	6350	6784	7570	8458	4839
0:06:55	30.0	3841	3710	4137	4368	3572	5715	5941	6373	6791	7622	8390	4861
0:07:00	30.0	3866	3716	4135	4327	3582	5721	5995	6365	6812	7607	8532	4836
0:07:05	30.0	3895	3748	4128	4344	3578	5777	5959	6413	6808	7613	8465	4905
0:07:10	30.0	3873	3716	4147	4332	3594	5757	5962	6414	6838	7563	8418	4881
0:07:15	30.0	3889	3750	4167	4349	3615	5794	6022	6377	6794	7555	8445	4856
0:07:20	30.0	3834	3791	4163	4394	3600	5775	5974	6378	6786	7690	8432	4917
0:07:25	30.0	3902	3776	4171	4393	3617	5794	5931	6375	6840	7627	8386	4859
0:07:30	30.0	3929	3759	4191	4346	3620	5784	5946	6367	6802	7610	8468	4843
0:07:35	30.0	3882	3796	4194	4365	3624	5837	5987	6417	6819	7616	8536	4830
0:07:40	30.0	3870	3797	4185	4369	3596	5777	6022	6428	6877	7634	8479	4854
0:07:45	30.0	3919	3778	4243	4391	3577	5838	6003	6317	6844	7686	8400	4856
0:07:50	30.0	3922	3802	4244	4418	3537	5815	6028	6390	6900	7694	8442	4876
0:07:55	30.0	3903	3762	4210	4410	3563	5815	6067	6363	6852	7653	8507	4920
0:08:00	30.0	3888	3803	4182	4378	3595	5796	5978	6429	6902	7677	8513	4929
0:08:05	30.0	3897	3812	4175	4391	3566	5767	6017	6428	6872	7686	8597	4827
0:08:10	30.0	3917	3784	4238	4400	3609	5798	6039	6369	6931	7696	8553	4924
0:08:15	30.0	3886	3832	4175	4386	3562	5809	6026	6451	6891	7658	8575	4906
0:08:20	30.0	3922	3819	4233	4396	3606	5779	6054	6474	6898	7704	8546	4852
0:08:25	30.0	3888	3794	4237	4424	3554	5812	6039	6461	6864	7684	8520	4862
0:08:30	30.0	3920	3796	4241	4409	3574	5821	6070	6452	6848	7784	8474	4891
0:08:35	30.0	3957	3807	4234	4462	3575	5826	6058	6483	6928	7707	8572	4882
0:08:40	30.0	3988	3823	4230	4424	3567	5819	6049	6490	6933	7707	8649	4872
0:08:45	30.0	3932	3822	4235	4412	3585	5839	6058	6464	6913	7774	8660	4898
0:08:50	30.0	3907	3797	4241	4469	3559	5869	6087	6457	6920	7758	8599	4870
0:08:55	30.0	3922	3866	4288	4481	3537	5791	6057	6494	6995	7688	8618	4915
0:09:00	30.0	3938	3833	4300	4468	3565	5848	6046	6475	6856	7745	8613	4938
0:09:05	30.0	3975	3839	4263	4488	3593	5826	6091	6481	6914	7747	8588	4888
0:09:10	30.0	3928	3860	4258	4467	3567	5862	6076	6436	6955	7747	8608	4851
0:09:15	30.0	3962	3873	4267	4497	3564	5876	6091	6480	6987	7757	8602	4857
0:09:20	30.0	3957	3853	4281	4484	3580	5873	6182	6489	6945	7742	8615	4830
0:09:25	30.0	3955	3827	4279	4462	3573	5922	6112	6501	6964	7777	8620	4888
0:09:30	30.0	3933	3850	4294	4510	3542	5900	6158	6529	6907	7742	8646	4863
0:09:35	30.0	3945	3862	4330	4527	3577	5841	6086	6551	6921	7780	8520	4819
0:09:40	30.0	3985	3836	4287	4486	3610	5948	6138	6520	6938	7781	8664	4853
0:09:45	30.0	3966	3856	4272	4532	3599	5869	6177	6482	6907	7770	8651	4898
0:09:50	30.0	3972	3871	4307	4527	3599	5946	6092	6514	6984	7742	8659	4862
0:09:55	30.0	3979	3884	4339	4503	3570	5898	6099	6514	7046	7798	8666	4907
0:10:00	30.0	3975	3859	4354	4519	3618	5892	6174	6528	6956	7776	8608	4884
0:10:05	30.0	3964	3916	4323	4504	3564	5941	6139	6566	6973	7844	8657	4803
0:10:10	30.0	3946	3851	4336	4551	3584	5921	6189	6588	7016	7884	8764	4856
0:10:15	30.0	3979	3884	4359	4570	3582	5939	6152	6546	7022	7799	8779	4853
0:10:20	30.0	3975	3866	4343	4550	3584	5938	6101	6560	6980	7892	8666	4851
0:10:25	30.0	4025	3870	4336	4535	3608	5904	6136	6564	7025	7905	8689	4875
0:10:30	30.0	3972	3895	4376	4564	3554	5949	6179	6610	7066	7881	8821	4883
0:10:35	30.0	4009	3916	4370	4551	3567	5968	6119	6553	7034	7904	8697	4874
0:10:40	30.0	3978	3889	4325	4577	3569	5960	6189	6625	7026	7848	8692	4898
0:10:45	30.0	4016	3907	4348	4582	3569	5913	6177	6579	7018	7858	8720	4828
0:10:50	30.0	3998	3851	4392	4584	3563	5961	6155	6604	7030	7795	8785	4864
0:10:55	30.0	4005	3888	4358	4612	3566	5947	6141	6568	7054	7890	8758	4859
0:11:00	30.0	3978	3879	4364	4572	3549	5994	6143	6564	7064	7846	8783	4821
0:11:05	30.0	3990	3937	4322	4617	3586	5932	6194	6602	7081	7878	8776	4866
0:11:10	30.0	3974	3897	4345	4550	3584	5995	6216	6594	7085	7903	8782	4888
0:11:15	30.0	4005	3946	4373	4580	3569	5951	6233	6682	7089	7936	8817	4892
0:11:20	30.0	3993	3937	4427	4624	3587	5967	6174	6614	7082	7945	8886	4879
0:11:25	30.0	4020	3962	4396	4639	3573	6018	6216	6609	7026	7890	8798	4875
0:11:30	30.0	4053	3987	4385	4664	3548	5945	6161	6656	7114	7932	8748	4878
0:11:35	30.0	4023	3940	4426	4646	3551	5973	6219	6634	7160	7918	8940	4881
0:11:40	30.0	4041	3935	4388	4645	3571	5996	6181	6668	7139	7940	8885	4869
0:11:45	30.0	3974	3903	4371	4684	3569	6000	6177	6655	7161	7902	8852	4892
0:11:50	30.0	4042	3942	4432	4657	3546	6007	6165	6672	7078	7960	8901	4878
0:11:55	30.0	4032	3943	4414	4644	3577	6035	6209	6575	7151	7936	8890	4851
0:12:00	30.0	4018	3914	4383	4625	3529	5991	6201	6650	7058	7984	8939	4904
0:12:05	30.0	4023	3971	4438	4641	3560	6017	6231	6623	7135	8060	8869	4904
0:12:10	30.0	4053	3943	4385	4650	3579	6081	6230	6652	7143	7995	8864	4869
0:12:15	30.0	4029	3941	4426	4672	3561	6004	6240	6672	7077	7991	8927	4826
0:12:20	30.0	4029	3962	4403	4672	3568	6050	6259	6626	7175	8039	8888	4877
0:12:25	30.0	4036	3963	4413	4698	3579	5955	6245	6649	7195	7950	8880	4860
0:12:30	30.0	4019	3987	4423	4662	3561	6060	6228	6685	7203	7993	8902	4906
0:12:35	30.0	4041	3987	4467	4695	3535	6025	6201	6698	7157	8024	8867	4856
0:12:40	30.0	4021	3985	4412	4699	3609	6038	6207	6667	7107	8036	9007	4829
0:12:45	30.0	4043	3998	4433	4763	3591	6033	6275	6680	7194	8046	9014	4839
0:12:50	30.0	4012	3993	4498	4685	3582	6042	6273	6650	7177	8046	8990	4847
0:12:55	30.0	4003	3992	4443	4697	3576	6065	6276	6725	7199	8012	8994	4864
0:13:00	30.0	4042	3999	4438	4705	3595	6040	6274	6749	7227	7989	9012	4864
0:13:05	30.0	4071	4006	4472	4745	3564	6113	6314	6684	7151	8053	8975	4873
0:13:10	30.0	4067	4022	4452	4671	3527	5996	6233	6675	7179	8061	8979	4862
0:13:15	30.0	4083	3980	4478	4749	3550	6031	6307	6755	7236	8022	8966	4891
0:13:20	30.0	4039	3984	4480	4747	3498	6058	6255	6702	7243	8134	8976	4855
0:13:25	30.0	4092	3974	4437	4757	3595	6112	6332	6759	7180	8078	9033	4857
0:13:30	30.0	4074	3978	4467	4738	3551	6017	6273	6723	7273	8025	9045	4871
0:13:35	30.0	4070	4054	4486	4729	3529	6088	6325	6793	7254	8154	9017	4852
0:13:40	30.0	4088	4007	4436	4757	3529	6106	6307	6738	7213	8086	8987	4854
0:13:45	30.0	4084	3985	4510	4772	3563	6095	6291	6695	7207	8065	9033	4873
0:13:50	30.0	4070	4002	4477	4743	3547	6119	6258	6758	7206	8097	9022	4880
0:13:55	30.1	4078	4020	4545	4766	3551	6125	6293	6724	7250	8053	9076	4831
0:14:00	30.1	4081	4058	4491	4739	3533	6049	6311	6728	7252	8116	9076	4853
0:14:05	30.1	4080	4029	4526	4792	3551	6131	6300	6779	7269	8055	9132	4840
0:14:10	30.1	4122	4028	4557	4766	3574	6105	6336	6805	7279	8128	9079	4815
0:14:15	30.1	4080	4010	4516	4776	3563	6091	6299	6778	7312	8183	9093	4862
0:14:20	30.0	4114	4061	4535	4784	3539	6132	6337	6770	7302	8081	9178	4808
0:14:25	30.1	4086	4036	4521	4735	3542	6142	6391	6715	7299	8189	9158	4864
0:14:30	30.1	4101	4012	4544	4813	3576	6091	6314	6741	7213	8131	9056	4832
0:14:35	30.1	4126	4014	4513	4827	3562	6107	6322	6796	7305	8195	9040	4901
0:14:40	30.1	4113	4053	4594	4802	3541	6137	6309	6774	7314	8163	9087	4874
0:14:45	30.0	4108	4081	4520	4781	3529	6196	6305	6802	7312	8138	9094	4867
0:14:50	30.1	4104	4039	4567	4784	3534	6133	6284	6776	7291	8226	9216	4820
0:14:55	30.1	4135	4066	4518	4836	3555	6180	6344	6803	7320	8244	9063	4814
0:15:00	30.1	4123	4058	4558	4823	3538	6151	6347	6773	7360	8238	9179	4864
0:15:05	30.0	4125	4099	4549	4840	3556	6208	6367	6827	7374	8219	9108	4836
0:15:10	30.1	4133	4078	4561	4898	3539	6161	6351	6825	7365	8237	9178	4880
0:15:15	30.1	4109	4082	4605	4870	3519	6160	6396	6897	7351	8203	9206	4838
0:15:20	30.1	4174	4066	4571	4803	3570	6172	6364	6815	7357	8196	9239	4858
0:15:25	30.1	4168	4100	4609	4844	3537	6152	6398	6814	7378	8140	9174	4854
0:15:30	30.0	4161	4081	4577	4863	3540	6176	6385	6860	7414	8154	9188	4855
0:15:35	30.1	4152	4079	4598	4865	3535	6189	6414	6841	7363	8182	9227	4867
0:15:40	30.1	4131	4082	4612	4858	3547	6177	6397	6896	7375	8270	9254	4819
0:15:45	30.0	4128	4037	4613	4883	3577	6171	6417	6921	7413	8313	9198	4862
0:15:50	30.1	4165	4052	4581	4837	3531	6156	6421	6835	7352	8228	9246	4831
0:15:55	30.1	4149	4110	4591	4854	3542	6216	6417	6859	7390	8255	9215	4829
0:16:00	30.1	4177	4080	4607	4880	3525	6205	6447	6922	7418	8266	9211	4908
0:16:05	30.1	4135	4090	4601	4910	3539	6151	6371	6879	7428	8253	9310	4866
0:16:10	30.1	4180	4093	4580	4893	3546	6226	6383	6845	7368	8378	9328	4887
0:16:15	30.0	4125	4100	4652	4878	3568	6213	6471	6927	7413	8295	9291	4834
0:16:20	30.1	4140	4124	4588	4899	3546	6135	6479	6966	7441	8343	9256	4859
0:16:25	30.1	4170	4123	4626	4915	3534	6240	6374	6915	7434	8248	9291	4853
0:16:30	30.0	4202	4103	4662	4935	3512	6290	6441	6885	7400	8353	9213	4872
0:16:35	30.1	4156	4092	4649	4919	3560	6228	6455	6933	7394	8345	9265	4896
0:16:40	30.1	4157	4079	4641	4921	3553	6252	6461	6884	7421	8370	9300	4870
0:16:45	30.1	4163	4140	4643	4949	3571	6178	6468	6943	7412	8341	9410	4905
0:16:50	30.1	4152	4129	4703	4930	3564	6250	6472	6920	7492	8397	9312	4868
0:16:55	30.1	4167	4099	4656	4969	3560	6265	6442	6918	7454	8373	9384	4839
0:17:00	30.1	4190	4144	4663	4948	3548	6255	6437	6967	7488	8349	9333	4821
0:17:05	30.0	4181	4112	4683	4970	3566	6248	6451	6958	7459	8389	9410	4851
0:17:10	30.0	4189	4128	4685	4991	3507	6294	6486	6988	7456	8387	9358	4876
0:17:15	30.1	4202	4115	4652	4978	3553	6215	6501	6902	7488	8357	9355	4896
0:17:20	30.1	4169	4097	4689	4995	3542	6278	6482	6984	7477	8459	9384	4896
0:17:25	30.1	4180	4156	4670	5005	3521	6307	6444	6973	7456	8392	9374	4853
0:17:30	30.1	4153	4166	4707	4992	3530	6342	6442	6963	7502	8399	9462	4848
0:17:35	30.1	4202	4136	4714	4994	3534	6285	6506	7045	7473	8438	9383	4870
0:17:40	30.1	4208	4164	4670	5003	3543	6274	6504	6945	7548	8390	9420	4828
0:17:45	30.1	4184	4118	4730	4981	3552	6254	6505	6939	7510	8475	9351	4813
0:17:50	30.1	4193	4127	4734	4992	3525	6281	6482	7015	7563	8432	9395	4845
0:17:55	30.0	4216	4147	4709	5001	3542	6331	6472	7018	7552	8411	9442	4854
0:18:00	30.1	4183	4147	4742	5018	3518	6320	6528	7035	7529	8441	9510	4871
0:18:05	30.1	4192	4189	4739	5023	3522	6311	6498	7065	7559	8444	9456	4871
0:18:10	30.1	4236	4166	4698	4976	3508	6330	6553	6932	7493	8451	9450	4837
0:18:15	30.1	4256	4194	4765	5055	3490	6342	6518	7041	7553	8495	9490	4882
0:18:20	30.1	4204	4199	4750	5025	3502	6303	6510	7016	7582	8427	9566	4865
0:18:25	30.1	4233	4166	4751	5106	3535	6323	6560	7039	7551	8498	9482	4817
0:18:30	30.0	4226	4174	4735	5075	3529	6331	6499	6962	7597	8514	9608	4865
0:18:35	30.1	4193	4146	4764	5038	3533	6331	6520	6995	7648	8465	9523	4858
0:18:40	30.0	4219	4212	4786	5095	3549	6320	6541	7043	7606	8508	9478	4846
0:18:45	30.1	4176	4206	4757	5061	3527	6413	6561	7096	7620	8510	9539	4817
0:18:50	30.1	4202	4172	4810	5087	3528	6376	6579	7073	7619	8541	9518	4934
0:18:55	30.1	4223	4188	4754	5082	3515	6357	6565	7016	7576	8548	9559	4828
0:19:00	30.1	4206	4177	4780	5095	3537	6418	6571	7165	7535	8583	9673	4848
0:19:05	30.1	4234	4261	4741	5111	3519	6344	6556	7104	7643	8533	9562	4861
0:19:10	30.1	4210	4174	4769	5069	3524	6377	6559	7011	7654	8509	9561	4860
0:19:15	30.1	4249	4198	4809	5070	3544	6421	6570	7091	7667	8491	9665	4848
0:19:20	30.1	4234	4204	4814	5051	3516	6383	6580	7074	7657	8610	9548	4829
0:19:25	30.1	4245	4187	4747	5090	3536	6381	6582	7135	7645	8612	9635	4836
0:19:30	30.1	4261	4223	4823	5140	3524	6416	6533	7056	7648	8607	9594	4820
0:19:35	30.1	4227	4193	4810	5096	3512	6399	6605	7067	7691	8587	9524	4859
0:19:40	30.1	4245	4205	4810	5078	3557	6380	6606	7035	7618	8581	9737	4844
0:19:45	30.1	4215	4201	4799	5159	3518	6408	6614	7164	7645	8559	9697	4802
0:19:50	30.1	4258	4225	4788	5125	3546	6418	6588	7118	7719	8585	9605	4830
0:19:55	30.1	4273	4209	4766	5140	3582	6385	6665	7148	7724	8555	9650	4809
0:20:00	30.1	4261	4261	4840	5144	3537	6475	6657	7079	7687	8600	9609	4819
0:20:05	30.1	4246	4264	4891	5176	3522	6393	6604	7111	7774	8618	9655	4854
0:20:10	30.1	4245	4253	4826	5152	3518	6395	6683	7153	7733	8596	9679	4822
0:20:15	30.1	4248	4269	4895	5120	3529	6408	6604	7173	7674	8651	9588	4851
0:20:20	30.1	4267	4223	4815	5191	3494	6432	6629	7096	7669	8654	9712	4839
0:20:25	30.1	4256	4268	4822	5168	3512	6414	6637	7155	7668	8658	9700	4886
0:20:30	30.1	4255	4269	4899	5100	3488	6365	6629	7234	7744	8701	9766	4769
0:20:35	30.1	4245	4287	4828	5190	3543	6475	6703	7161	7682	8643	9725	4869
0:20:40	30.1	4283	4193	4889	5120	3519	6438	6619	7149	7746	8702	9732	4853
0:20:45	30.1	4259	4248	4847	5165	3520	6460	6640	7167	7666	8677	9848	4867
0:20:50	30.1	4260	4222	4838	5221	3532	6494	6651	7151	7738	8697	9744	4845
0:20:55	30.1	4292	4235	4894	5183	3519	6461	6653	7161	7733	8630	9805	4820
0:21:00	30.1	4304	4261	4891	5169	3513	6455	6631	7169	7683	8703	9761	4822
0:21:05	30.1	4322	4267	4952	5240	3535	6451	6599	7210	7736	8666	9815	4821
0:21:10	30.1	4312	4297	4885	5235	3544	6491	6696	7166	7758	8654	9772	4832
0:21:15	30.1	4234	4253	4922	5237	3549	6541	6625	7261	7690	8721	9806	4803
0:21:20	30.1	4268	4249	4908	5213	3506	6458	6704	7187	7767	8810	9816	4877
0:21:25	30.1	4279	4304	4868	5260	3545	6450	6677	7202	7758	8715	9806	4875
0:21:30	30.1	4298	4279	4899	5225	3513	6449	6650	7199	7761	8769	9753	4781
0:21:35	30.1	4307	4298	4902	5259	3548	6503	6669	7156	7734	8707	9876	4786
0:21:40	30.1	4304	4308	4950	5267	3529	6476	6720	7162	7812	8785	9831	4824
0:21:45	30.1	4273	4293	4883	5212	3510	6587	6697	7229	7814	8776	9889	4826
0:21:50	30.1	4309	4302	4890	5239	3531	6482	6708	7274	7824	8679	9824	4826
0:21:55	30.1	4273	4236	4944	5274	3523	6540	6698	7332	7823	8736	9882	4810
0:22:00	30.1	4293	4274	4945	5280	3539	6519	6724	7290	7858	8835	9871	4845
0:22:05	30.1	4288	4289	4946	5263	3518	6561	6689	7293	7860	8767	9842	4884
0:22:10	30.1	4295	4308	4921	5264	3518	6567	6751	7287	7859	8781	9919	4866
0:22:15	30.1	4269	4349	4921	5291	3534	6519	6735	7333	7813	8789	9852	4807
0:22:20	30.1	4281	4333	4967	5302	3535	6536	6767	7288	7930	8835	9854	4823
0:22:25	30.1	4306	4295	4952	5294	3528	6572	6719	7268	7878	8765	9884	4839
0:22:30	30.1	4330	4354	4992	5277	3542	6588	6735	7273	7849	8844	9881	4831
0:22:35	30.1	4289	4306	4971	5296	3507	6518	6715	7235	7934	8835	9921	4834
0:22:40	30.1	4337	4334	4982	5293	3512	6608	6734	7325	7942	8870	9956	4833
0:22:45	30.1	4302	4301	4973	5337	3490	6583	6749	7257	7860	8877	9920	4844
0:22:50	30.1	4344	4296	4967	5340	3509	6549	6748	7306	7887	8895	9987	4849
0:22:55	30.1	4302	4328	4957	5313	3546	6558	6763	7306	7904	8796	9927	4856
0:23:00	30.1	4317	4371	4974	5307	3526	6537	6776	7314	7900	8889	9932	4862
0:23:05	30.1	4305	4388	4960	5302	3544	6617	6809	7350	7952	8848	9943	4813
0:23:10	30.1	4314	4308	5001	5356	3530	6580	6749	7356	7932	8853	9991	4853
0:23:15	30.1	4341	4337	4979	5365	3506	6612	6813	7314	7877	8888	9939	4842
0:23:20	30.1	4338	4334	4941	5304	3534	6615	6766	7273	7995	8883	9964	4819
0:23:25	30.1	4353	4333	4998	5384	3522	6609	6742	7379	7938	8889	10037	4856
0:23:30	30.1	4374	4315	5012	5306	3517	6602	6791	7356	7977	8900	10098	4869
0:23:35	30.1	4314	4339	5048	5371	3513	6594	6725	7261	8005	8918	10071	4858
0:23:40	30.1	4334	4338	5005	5371	3498	6627	6761	7367	7951	8976	10054	4823
0:23:45	30.1	4329	4349	5011	5370	3521	6557	6783	7379	7978	8946	10079	4838
0:23:50	30.1	4358	4340	4972	5354	3502	6575	6819	7372	7925	8998	10057	4866
0:23:55	30.1	4364	4319	5032	5345	3514	6615	6834	7384	7994	8900	10056	4859
0:24:00	30.1	4369	4339	5085	5361	3503	6663	6808	7331	7992	8917	10044	4830
0:24:05	30.1	4327	4334	5027	5362	3526	6635	6863	7400	8085	8910	9986	4819
0:24:10	30.1	4327	4326	5024	5406	3505	6614	6822	7401	8042	8972	10024	4835
0:24:15	30.1	4358	4348	5052	5426	3517	6643	6834	7409	8013	9001	10102	4858
0:24:20	30.1	4351	4376	5017	5437	3508	6688	6853	7378	8008	9021	10063	4793
0:24:25	30.1	4347	4360	5021	5367	3514	6661	6823	7403	8023	9000	10016	4823
0:24:30	30.1	4352	4405	5070	5398	3531	6643	6834	7382	7975	8989	10101	4797
0:24:35	30.1	4347	4364	5061	5399	3524	6607	6843	7352	7924	8962	10062	4827
0:24:40	30.1	4332	4382	5056	5414	3505	6711	6868	7404	7995	8921	10111	4873
0:24:45	30.1	4347	4395	5064	5452	3520	6626	6808	7393	8007	8934	10139	4827
0:24:50	30.1	4392	4395	5070	5426	3490	6642	6863	7389	8017	9041	10153	4815
0:24:55	30.1	4339	4342	5101	5439	3545	6667	6846	7461	8131	8942	10182	4833
0:25:00	30.1	4377	4339	5083	5487	3507	6654	6847	7384	8032	8900	10174	4815
0:25:05	30.1	4358	4424	5036	5466	3507	6626	6893	7373	8070	8981	10145	4853
0:25:10	30.1	4382	4359	5099	5428	3491	6687	6877	7467	8000	9052	10118	4825
0:25:15	30.1	4339	4426	5069	5447	3509	6663	6826	7473	8010	9004	10170	4896
0:25:20	30.1	4356	4402	5093	5475	3489	6689	6926	7444	7970	9064	10135	4840
0:25:25	30.1	4392	4406	5080	5459	3536	6725	6883	7457	8101	9013	10237	4805
0:25:30	30.1	4382	4412	5058	5443	3514	6679	6868	7479	8045	9136	10186	4834
0:25:35	30.1	4366	4384	5095	5470	3508	6728	6855	7445	8075	8931	10246	4828
0:25:40	30.1	4364	4384	5051	5513	3513	6661	6866	7473	8100	8978	10217	4826
0:25:45	30.1	4353	4380	5095	5470	3499	6724	6856	7477	8069	9081	10219	4810
0:25:50	30.1	4413	4398	5147	5467	3508	6667	6866	7503	8134	9019	10225	4806
0:25:55	30.1	4393	4442	5085	5507	3523	6678	6908	7494	8088	9122	10288	4801
0:26:00	30.1	4378	4404	5132	5528	3528	6777	6947	7495	8118	9088	10325	4802
0:26:05	30.1	4350	4377	5133	5477	3514	6706	6905	7449	8172	9097	10227	4810
0:26:10	30.1	4377	4400	5124	5531	3513	6637	6890	7452	8161	9105	10308	4850
0:26:15	30.1	4382	4422	5174	5508	3480	6747	6967	7526	8099	9151	10207	4822
0:26:20	30.1	4377	4446	5119	5554	3464	6665	6960	7482	8155	9134	10234	4740
0:26:25	30.1	4416	4448	5117	5501	3519	6773	6981	7540	8141	9100	10259	4845
0:26:30	30.1	4344	4433	5143	5556	3503	6795	6911	7557	8186	9176	10282	4790
0:26:35	30.1	4398	4410	5138	5600	3497	6715	6946	7491	8100	9101	10233	4854
0:26:40	30.1	4405	4420	5172	5541	3496	6761	6939	7492	8088	9163	10343	4767
0:26:45	30.1	4388	4411	5207	5573	3494	6741	6971	7507	8189	9187	10279	4820
0:26:50	30.1	4421	4382	5183	5533	3471	6816	6916	7531	8156	9128	10397	4817
0:26:55	30.1	4372	4417	5117	5594	3491	6778	6981	7535	8177	9132	10378	4830
0:27:00	30.1	4401	4442	5140	5536	3501	6791	6949	7528	8119	9143	10328	4786
0:27:05	30.1	4405	4413	5197	5589	3517	6770	6976	7523	8114	9252	10345	4830
0:27:10	30.1	4432	4407	5174	5505	3474	6765	6922	7523	8122	9209	10355	4830
0:27:15	30.1	4405	4455	5199	5573	3489	6803	6956	7587	8265	9071	10360	4860
0:27:20	30.1	4394	4408	5167	5584	3476	6796	6979	7581	8187	9164	10314	4787
0:27:25	30.1	4391	4448	5182	5582	3489	6798	6974	7562	8156	9170	10470	4851
0:27:30	30.1	4397	4426	5179	5622	3499	6786	6979	7562	8202	9187	10348	4849
0:27:35	30.1	4408	4448	5194	5587	3482	6809	7010	7532	8181	9217	10381	4803
0:27:40	30.1	4456	4457	5191	5588	3480	6861	7020	7570	8251	9205	10418	4795
0:27:45	30.1	4437	4455	5155	5584	3494	6822	6992	7652	8186	9292	10427	4842
0:27:50	30.1	4402	4440	5214	5590	3467	6849	6983	7611	8254	9315	10437	4801
0:27:55	30.1	4409	4489	5216	5648	3541	6874	7002	7674	8245	9213	10499	4784
0:28:00	30.1	4371	4431	5235	5644	3489	6829	6960	7583	8207	9221	10414	4807
0:28:05	30.1	4450	4459	5248	5595	3481	6822	6988	7678	8217	9276	10552	4811
0:28:10	30.1	4415	4479	5231	5647	3486	6821	7013	7661	8231	9281	10484	4783
0:28:15	30.1	4434	4468	5206	5647	3498	6864	6945	7624	8172	9270	10480	4822
0:28:20	30.1	4437	4490	5213	5613	3491	6852	7034	7647	8271	9271	10445	4795
0:28:25	30.1	4456	4530	5195	5695	3506	6868	6980	7649	8260	9280	10464	4798
0:28:30	30.1	4452	4438	5255	5622	3502	6872	7038	7614	8222	9311	10556	4763
0:28:35	30.1	4426	4464	5230	5602	3497	6882	7074	7605	8262	9289	10520	4832
0:28:40	30.1	4458	4463	5233	5639	3491	6887	7017	7619	8267	9276	10531	4803
0:28:45	30.1	4416	4468	5247	5645	3495	6863	7045	7632	8276	9299	10498	4752
0:28:50	30.1	4415	4455	5287	5649	3477	6846	7019	7605	8326	9317	10591	4813
0:28:55	30.1	4425	4502	5305	5671	3500	6857	7032	7658	8250	9350	10520	4796
0:29:00	30.1	4439	4501	5215	5614	3488	6898	7099	7664	8253	9341	10569	4814
0:29:05	30.1	4448	4517	5241	5724	3520	6887	6995	7665	8350	9303	10577	4754
0:29:10	30.1	4467	4463	5292	5624	3471	6852	7013	7638	8368	9229	10515	4815
0:29:15	30.1	4433	4488	5285	5737	3463	6944	7093	7709	8358	9392	10594	4825
0:29:20	30.1	4420	4525	5251	5684	3511	6873	7090	7693	8381	9431	10638	4841
0:29:25	30.1	4452	4481	5265	5713	3499	6942	7098	7754	8332	9379	10623	4775
0:29:30	30.1	4478	4547	5280	5705	3491	6948	7084	7695	8360	9417	10639	4775
0:29:35	30.1	4458	4474	5291	5737	3474	6916	7099	7754	8361	9374	10622	4796
0:29:40	30.1	4416	4524	5283	5723	3461	6936	7102	7650	8345	9467	10625	4775
0:29:45	30.1	4470	4523	5287	5810	3474	6933	7131	7750	8384	9346	10552	4813
0:29:50	30.1	4447	4518	5342	5732	3464	6908	7093	7751	8351	9437	10542	4751
0:29:55	30.1	4431	4502	5304	5702	3466	6935	7109	7762	8392	9485	10673	4761
0:30:00	30.1	4469	4518	5342	5718	3502	6962	7124	7836	8312	9444	10733	4738
0:30:05	30.1	4430	4505	5285	5737	3499	6936	7080	7756	8396	9515	10592	4851
0:30:10	30.1	4463	4531	5354	5743	3493	6897	7140	7772	8450	9378	10537	4796
0:30:15	30.1	4431	4521	5292	5774	3485	6985	7125	7673	8380	9458	10667	4833
0:30:20	30.1	4501	4538	5388	5750	3473	6901	7154	7775	8470	9477	10722	4767
0:30:25	30.1	4457	4509	5301	5747	3505	7004	7078	7779	8367	9515	10648	4823
0:30:30	30.1	4469	4564	5359	5762	3477	7010	7117	7714	8386	9480	10771	4825
0:30:35	30.1	4428	4513	5351	5782	3471	7000	7169	7783	8391	9503	10785	4822
0:30:40	30.1	4440	4586	5386	5771	3504	6950	7186	7841	8510	9428	10710	4735
0:30:45	30.1	4447	4602	5313	5791	3479	6965	7182	7744	8369	9478	10708	4812
0:30:50	30.1	4475	4521	5308	5790	3477	7042	7159	7807	8489	9541	10722	4817
0:30:55	30.1	4445	4538	5360	5791	3504	7020	7126	7805	8390	9492	10680	4824
0:31:00	30.1	4441	4558	5345	5840	3467	6963	7177	7814	8432	9536	10692	4788
0:31:05	30.1	4463	4608	5386	5787	3470	6989	7174	7736	8558	9534	10846	4793
0:31:10	30.1	4502	4543	5320	5833	3509	7012	7144	7825	8493	9553	10764	4842
0:31:15	30.1	4465	4587	5347	5835	3471	7033	7206	7850	8500	9584	10794	4784
0:31:20	30.1	4508	4565	5361	5874	3466	7002	7238	7803	8411	9510	10824	4835
0:31:25	30.1	4437	4562	5358	5843	3504	7026	7196	7892	8488	9479	10781	4775
0:31:30	30.1	4465	4565	5319	5834	3451	7023	7209	7820	8524	9530	10801	4784
0:31:35	30.1	4507	4554	5416	5822	3497	7090	7210	7768	8572	9572	10770	4817
0:31:40	30.1	4511	4558	5364	5847	3507	6998	7191	7819	8499	9475	10829	4832
0:31:45	30.1	4466	4617	5393	5899	3482	7022	7205	7809	8546	9596	10859	4810
0:31:50	30.1	4508	4573	5387	5905	3516	7049	7289	7860	8536	9558	10857	4826
0:31:55	30.1	4453	4590	5416	5878	3478	7060	7212	7816	8508	9598	10810	4785
0:32:00	30.1	4466	4581	5410	5922	3477	7070	7207	7829	8559	9550	10923	4776
0:32:05	30.1	4500	4551	5385	5863	3493	7106	7239	7898	8610	9582	10813	4817
0:32:10	30.1	4507	4538	5418	5893	3481	7052	7257	7857	8499	9683	10865	4815
0:32:15	30.1	4507	4597	5429	5876	3486	7064	7260	7819	8582	9645	10814	4854
0:32:20	30.1	4467	4577	5478	5897	3471	6996	7211	7937	8608	9710	10867	4757
0:32:25	30.1	4487	4589	5450	5906	3477	7059	7323	7828	8569	9547	10911	4802
0:32:30	30.1	4503	4583	5407	5929	3472	7058	7206	7877	8538	9642	10892	4851
0:32:35	30.1	4481	4552	5423	5874	3519	7119	7331	7951	8667	9676	10894	4814
0:32:40	30.1	4516	4609	5424	5928	3472	7114	7229	7929	8595	9778	10929	4737
0:32:45	30.1	4493	4576	5455	5936	3492	7144	7220	7916	8616	9670	11024	4872
0:32:50	30.1	4502	4589	5409	5954	3484	7086	7306	7924	8598	9701	10870	4766
0:32:55	30.1	4523	4594	5445	5925	3486	7128	7264	7976	8579	9683	10977	4825
0:33:00	30.1	4504	4617	5431	5893	3493	7172	7319	7971	8637	9695	10967	4818
0:33:05	30.1	4470	4614	5472	5944	3507	7140	7325	7939	8651	9743	11055	4799
0:33:10	30.1	4498	4586	5518	5925	3472	7132	7245	7967	8584	9819	11001	4787
0:33:15	30.1	4531	4559	5446	5959	3480	7183	7224	7953	8700	9734	10937	4808
0:33:20	30.1	4526	4599	5440	5951	3499	7120	7305	7917	8677	9804	10954	4794
0:33:25	30.1	4525	4620	5448	6012	3481	7127	7271	7902	8638	9745	11017	4799
0:33:30	30.1	4487	4640	5481	5946	3484	7132	7278	8020	8602	9817	11036	4798
0:33:35	30.1	4511	4621	5551	5924	3499	7163	7329	7952	8686	9779	10960	4808
0:33:40	30.1	4512	4650	5471	5991	3485	7167	7286	7877	8692	9834	11168	4832
0:33:45	30.1	4491	4618	5480	5937	3480	7166	7326	7941	8670	9779	11011	4827
0:33:50	30.1	4495	4605	5521	5986	3496	7162	7352	8016	8755	9749	11183	4822
0:33:55	30.1	4533	4618	5472	5972	3479	7198	7317	8007	8718	9784	11164	4821
0:34:00	30.1	4514	4625	5476	6012	3485	7184	7283	7982	8723	9802	11098	4791
0:34:05	30.1	4513	4599	5518	6028	3491	7130	7280	8033	8666	9866	11029	4837
0:34:10	30.1	4478	4652	5530	5969	3471	7184	7357	8025	8792	9861	11042	4801
0:34:15	30.1	4508	4658	5489	6043	3468	7284	7351	8034	8655	9806	11205	4773
0:34:20	30.1	4544	4621	5550	6023	3467	7206	7342	8030	8784	9778	11098	4790
0:34:25	30.1	4487	4606	5487	5998	3478	7208	7340	7968	8741	9806	11176	4774
0:34:30	30.1	4531	4657	5538	5994	3497	7170	7394	8104	8744	9829	11202	4785
0:34:35	30.1	4542	4670	5545	5985	3493	7168	7427	8029	8755	9832	11190	4804
0:34:40	30.1	4542	4655	5559	6028	3494	7222	7382	7975	8786	9866	11161	4820
0:34:45	30.1	4500	4652	5513	6056	3472	7242	7448	8049	8745	9856	11165	4791
0:34:50	30.1	4533	4653	5566	5992	3474	7198	7379	8082	8819	9928	11263	4797
0:34:55	30.1	4543	4670	5524	6056	3484	7144	7407	8107	8821	9889	11158	4805
0:35:00	30.1	4538	4624	5550	6048	3476	7221	7372	8023	8815	9874	11224	4834
0:35:05	30.1	4537	4709	5609	6034	3485	7295	7424	8082	8840	9841	11187	4820
0:35:10	30.1	4512	4693	5564	6159	3491	7309	7369	8097	8731	9897	11213	4814
0:35:15	30.1	4540	4665	5578	6057	3509	7319	7396	8208	8823	9860	11126	4807
0:35:20	30.1	4548	4644	5519	6083	3482	7322	7439	8068	8727	9946	11265	4790
0:35:25	30.1	4547	4699	5522	6127	3528	7273	7434	8110	8805	9913	11291	4809
0:35:30	30.1	4561	4664	5541	6114	3482	7262	7428	8082	8847	9900	11243	4793
0:35:35	30.1	4482	4633	5622	6100	3503	7247	7466	8192	8849	9979	11236	4821
0:35:40	30.1	4537	4658	5588	6001	3492	7273	7356	8127	8804	9946	11281	4793
0:35:45	30.1	4559	4737	5618	6132	3494	7339	7428	8119	8846	9965	11180	4794
0:35:50	30.1	4520	4663	5625	6072	3497	7224	7403	8073	8762	9996	11308	4841
0:35:55	30.1	4489	4706	5620	6108	3494	7261	7480	8125	8877	10003	11344	4836
0:36:00	30.1	4541	4651	5611	6124	3492	7320	7422	8161	8816	9952	11236	4839
0:36:05	30.1	4498	4700	5647	6040	3518	7346	7491	8120	8865	9978	11258	4825
0:36:10	30.1	4531	4726	5635	6118	3466	7290	7443	8122	8901	9887	11344	4788
0:36:15	30.1	4581	4714	5589	6148	3463	7317	7465	8117	8856	9815	11286	4775
0:36:20	30.1	4536	4696	5646	6128	3478	7345	7448	8224	8909	9990	11285	4813
0:36:25	30.1	4511	4715	5587	6132	3494	7373	7508	8138	8963	10013	11301	4821
0:36:30	30.1	4550	4721	5623	6163	3486	7353	7541	8185	8886	9954	11427	4804
0:36:35	30.1	4599	4716	5642	6161	3491	7372	7485	8157	8842	9990	11329	4813
0:36:40	30.1	4510	4699	5639	6128	3486	7306	7532	8189	8887	10041	11317	4785
0:36:45	30.1	4561	4730	5599	6174	3517	7385	7527	8231	8958	9992	11363	4806
0:36:50	30.1	4587	4703	5647	6173	3490	7397	7508	8245	8908	10066	11215	4780
0:36:55	30.1	4595	4685	5644	6182	3478	7410	7501	8162	8960	10003	11341	4792
0:37:00	30.1	4546	4715	5643	6168	3461	7326	7497	8189	8924	10025	11519	4828
0:37:05	30.1	4566	4728	5633	6217	3473	7349	7558	8232	8980	10106	11411	4805
0:37:10	30.1	4522	4737	5647	6141	3532	7319	7549	8163	8946	10076	11489	4788
0:37:15	30.1	4584	4693	5684	6169	3494	7323	7497	8222	8927	10124	11407	4803
0:37:20	30.1	4592	4704	5667	6238	3506	7310	7512	8289	8997	10129	11527	4803
0:37:25	30.1	4544	4725	5692	6232	3474	7391	7496	8239	8939	10102	11458	4793
0:37:30	30.1	4560	4730	5674	6182	3486	7366	7510	8235	8965	10096	11561	4781
0:37:35	30.1	4532	4758	5665	6232	3482	7384	7471	8234	8992	10068	11585	4794
0:37:40	30.1	4549	4740	5684	6196	3490	7404	7517	8313	9033	10006	11522	4797
0:37:45	30.1	4560	4710	5675	6124	3441	7387	7506	8193	8952	10180	11560	4825
0:37:50	30.1	4554	4747	5656	6188	3466	7400	7561	8309	8973	10061	11523	4819
0:37:55	30.0	4576	4732	5646	6230	3476	7374	7544	8257	9029	10095	11515	4803
0:38:00	30.1	4538	4731	5713	6203	3460	7443	7613	8253	9027	10205	11493	4821
0:38:05	30.1	4563	4756	5671	6185	3488	7418	7580	8326	9090	10248	11573	4827
0:38:10	30.0	4576	4763	5662	6167	3469	7454	7610	8317	9049	10207	11462	4799
0:38:15	30.1	4566	4781	5736	6271	3510	7430	7661	8290	9014	10127	11513	4753
0:38:20	30.1	4571	4745	5753	6230	3444	7468	7623	8273	8964	10247	11573	4819
0:38:25	30.1	4561	4789	5730	6280	3473	7417	7611	8271	9147	10164	11613	4848
0:38:30	30.1	4608	4791	5748	6260	3520	7509	7642	8395	9018	10172	11556	4820
0:38:35	30.1	4587	4778	5691	6261	3516	7486	7559	8293	9142	10185	11594	4782
0:38:40	30.0	4613	4755	5742	6257	3502	7465	7579	8351	9136	10124	11612	4773
0:38:45	30.1	4576	4735	5740	6286	3468	7458	7625	8319	9102	10228	11589	4819
0:38:50	30.1	4592	4779	5713	6289	3494	7450	7617	8356	9139	10239	11614	4771
0:38:55	30.0	4618	4765	5694	6280	3503	7445	7665	8266	9051	10249	11687	4830
0:39:00	30.1	4577	4783	5778	6326	3507	7440	7614	8304	9089	10239	11629	4805
0:39:05	30.1	4585	4743	5789	6247	3474	7468	7708	8301	9110	10308	11602	4766
0:39:10	30.1	4596	4782	5714	6345	3465	7494	7623	8322	9081	10251	11728	4845
0:39:15	30.1	4605	4791	5764	6344	3478	7491	7638	8344	9234	10258	11721	4798
0:39:20	30.0	4599	4783	5732	6308	3498	7547	7652	8396	9201	10171	11655	4819
0:39:25	30.1	4634	4805	5732	6286	3520	7546	7639	8381	9129	10295	11677	4809
0:39:30	30.1	4588	4755	5801	6264	3504	7516	7641	8371	9166	10309	11787	4800
0:39:35	30.0	4575	4751	5788	6326	3480	7588	7661	8369	9089	10300	11672	4837
0:39:40	30.1	4624	4790	5793	6365	3461	7575	7687	8430	9167	10341	11694	4795
0:39:45	30.1	4615	4792	5808	6308	3516	7594	7597	8342	9138	10195	11739	4814
0:39:50	30.1	4629	4779	5739	6323	3468	7499	7623	8412	9184	10255	11731	4849
0:39:55	30.1	4601	4799	5846	6348	3495	7560	7643	8404	9174	10295	11792	4767
0:40:00	30.0	4615	4771	5847	6409	3515	7555	7647	8340	9172	10345	11730	4863
0:40:05	30.1	4560	4813	5797	6384	3488	7571	7671	8467	9142	10377	11774	4830
0:40:10	30.1	4634	4805	5804	6395	3490	7565	7687	8432	9241	10294	11791	4822
0:40:15	30.1	4558	4778	5804	6411	3500	7497	7726	8453	9146	10405	11783	4814
0:40:20	30.0	4585	4816	5853	6379	3481	7573	7697	8500	9201	10469	11882	4802
0:40:25	30.1	4601	4836	5819	6386	3485	7566	7755	8475	9173	10426	11751	4790
0:40:30	30.1	4604	4791	5731	6378	3472	7577	7704	8420	9280	10444	11815	4793
0:40:35	30.1	4651	4819	5846	6431	3484	7560	7722	8452	9208	10398	11808	4835
0:40:40	30.1	4597	4819	5896	6426	3503	7627	7797	8521	9290	10356	11821	4848
0:40:45	30.1	4614	4802	5827	6399	3498	7630	7700	8495	9258	10448	11755	4824
0:40:50	30.1	4595	4811	5851	6381	3483	7629	7725	8491	9218	10383	11905	4836
0:40:55	30.1	4636	4815	5840	6407	3507	7635	7775	8483	9222	10441	11922	4818
0:41:00	30.0	4613	4798	5829	6410	3471	7576	7720	8445	9236	10452	11904	4849
0:41:05	30.1	4615	4786	5866	6463	3499	7616	7751	8486	9346	10478	11821	4784
0:41:10	30.1	4600	4824	5860	6460	3496	7615	7727	8522	9247	10438	11921	4821
0:41:15	30.1	4641	4807	5850	6454	3481	7610	7743	8518	9294	10525	11869	4832
0:41:20	30.1	4612	4843	5844	6455	3498	7535	7735	8505	9265	10483	11995	4826
0:41:25	30.1	4643	4793	5871	6429	3496	7657	7888	8428	9335	10479	11789	4768
0:41:30	30.1	4612	4861	5840	6415	3488	7675	7819	8520	9321	10469	12020	4776
0:41:35	30.1	4607	4834	5910	6480	3486	7599	7788	8580	9326	10425	11934	4866
0:41:40	30.1	4659	4845	5850	6480	3491	7662	7892	8564	9329	10456	11955	4841
0:41:45	30.1	4562	4831	5883	6504	3482	7654	7772	8525	9375	10446	11868	4791
0:41:50	30.0	4603	4782	5861	6491	3491	7631	7818	8506	9323	10553	11911	4840
0:41:55	30.1	4631	4852	5845	6407	3482	7625	7868	8554	9347	10497	12012	4777
0:42:00	30.1	4641	4802	5863	6498	3489	7669	7771	8548	9451	10598	12036	4851
0:42:05	30.1	4605	4859	5861	6505	3446	7641	7784	8577	9379	10567	12017	4789
0:42:10	30.0	4624	4872	5853	6546	3493	7624	7788	8576	9366	10418	11968	4833
0:42:15	30.1	4599	4845	5892	6534	3482	7685	7774	8598	9302	10607	12000	4821
0:42:20	30.1	4610	4823	5854	6504	3532	7684	7875	8601	9399	10547	11956	4770
0:42:25	30.1	4603	4879	5939	6525	3533	7724	7805	8584	9378	10521	12075	4819
0:42:30	30.1	4628	4860	5894	6517	3515	7742	7818	8591	9325	10636	12078	4822
0:42:35	30.0	4643	4834	5850	6547	3527	7689	7771	8637	9307	10551	12001	4837
0:42:40	30.1	4630	4884	5943	6559	3455	7688	7893	8659	9408	10513	12116	4794
0:42:45	30.1	4574	4826	5920	6516	3504	7722	7797	8587	9452	10522	12039	4827
0:42:50	30.0	4617	4859	5930	6505	3511	7693	7900	8605	9411	10549	12033	4829
0:42:55	30.1	4621	4902	5938	6517	3489	7748	7845	8667	9534	10602	12040	4807
0:43:00	30.1	4598	4848	5888	6484	3525	7761	7876	8635	9435	10573	12140	4842
0:43:05	30.1	4633	4866	5886	6545	3509	7720	7902	8642	9500	10642	12107	4833
0:43:10	30.1	4629	4879	5960	6546	3485	7714	7886	8639	9532	10623	12071	4835
0:43:15	30.1	4662	4831	5894	6592	3460	7732	7848	8645	9473	10625	12135	4793
0:43:20	30.1	4645	4892	5966	6566	3551	7748	7873	8667	9472	10623	12065	4782
0:43:25	30.1	4648	4902	5916	6604	3506	7744	7902	8682	9477	10628	12113	4814
0:43:30	30.1	4627	4867	5995	6567	3527	7717	7901	8664	9430	10525	12151	4851
0:43:35	30.0	4636	4879	5955	6576	3514	7820	7906	8645	9425	10692	12185	4843
0:43:40	30.1	4620	4842	5961	6536	3521	7680	7931	8721	9507	10635	12164	4829
0:43:45	30.1	4611	4896	5931	6579	3510	7770	7870	8701	9546	10680	12106	4828
0:43:50	30.1	4623	4854	5987	6574	3529	7785	7938	8707	9486	10701	12123	4769
0:43:55	30.1	4662	4878	5966	6577	3545	7766	7970	8689	9451	10656	12190	4834
0:44:00	30.0	4643	4866	5978	6657	3491	7812	7851	8753	9531	10708	12171	4787
0:44:05	30.1	4654	4894	5966	6565	3501	7771	7945	8693	9493	10713	12075	4839
0:44:10	30.1	4675	4912	5943	6603	3478	7825	7941	8607	9488	10712	12239	4837
0:44:15	30.0	4629	4954	5938	6598	3496	7829	7932	8718	9591	10688	12173	4835
0:44:20	30.1	4640	4883	5961	6629	3512	7822	7959	8707	9550	10745	12218	4838
0:44:25	30.1	4632	4860	5999	6584	3499	7753	7970	8703	9515	10669	12252	4812
0:44:30	30.1	4624	4925	6014	6673	3473	7806	7929	8740	9539	10815	12275	4809
0:44:35	30.1	4628	4870	6003	6570	3507	7753	8016	8751	9594	10722	12386	4853
0:44:40	30.1	4610	4898	6036	6630	3498	7802	7916	8787	9607	10796	12218	4835
0:44:45	30.0	4673	4912	5993	6626	3479	7807	7974	8773	9558	10750	12258	4864
0:44:50	30.1	4683	4873	5998	6682	3528	7904	7974	8706	9612	10670	12245	4837
0:44:55	30.0	4658	4854	6000	6697	3460	7849	7992	8754	9561	10861	12308	4835
0:45:00	30.1	4631	4881	6003	6703	3505	7861	7994	8841	9547	10694	12283	4811
0:45:05	30.1	4676	4896	6012	6691	3477	7832	7979	8798	9704	10820	12382	4840
0:45:10	30.1	4676	4884	6014	6686	3534	7857	8038	8854	9596	10819	12302	4833
0:45:15	30.1	4668	4889	6080	6612	3477	7905	7993	8780	9634	10796	12350	4876
0:45:20	30.1	4670	4903	6053	6681	3517	7840	8035	8827	9643	10751	12454	4812
0:45:25	30.1	4673	4899	6019	6668	3489	7863	8031	8825	9590	10798	12381	4821
0:45:30	30.0	4672	4930	5968	6692	3473	7907	8042	8854	9628	10874	12266	4781
0:45:35	30.1	4670	4956	6003	6667	3518	7933	8028	8795	9667	10897	12401	4814
0:45:40	30.0	4669	4945	6024	6768	3496	7939	8105	8870	9612	10900	12437	4838
0:45:45	30.1	4643	4906	5992	6677	3505	7862	8037	8902	9606	10870	12459	4886
0:45:50	30.1	4690	4916	6062	6774	3476	7929	8107	8885	9623	10966	12260	4820
0:45:55	30.1	4701	4949	6063	6733	3481	7892	8076	8870	9661	10844	12389	4847
0:46:00	30.1	4659	4913	6032	6752	3496	7940	8077	8803	9701	10869	12450	4805
0:46:05	30.1	4697	4915	6054	6752	3491	7914	8030	8830	9691	10927	12309	4890
0:46:10	30.0	4662	4877	6075	6735	3505	7936	8028	8847	9772	10863	12537	4777
0:46:15	30.1	4627	4915	6061	6789	3501	7918	7954	8884	9746	10872	12453	4793
0:46:20	30.1	4627	4907	6039	6691	3475	7905	8100	8826	9748	10989	12412	4839
0:46:25	30.0	4654	4947	6060	6773	3488	7923	8142	8892	9723	10924	12387	4850
0:46:30	30.1	4684	4948	6046	6739	3510	7956	8019	8928	9741	10906	12450	4828
0:46:35	30.1	4676	4946	6085	6710	3502	7930	8037	8912	9783	10889	12478	4820
0:46:40	30.1	4653	4926	6083	6726	3441	8035	8125	8914	9694	11000	12514	4821
0:46:45	30.1	4678	4931	6067	6735	3529	8010	8119	8853	9824	10929	12544	4844
0:46:50	30.0	4673	4952	6017	6744	3533	7987	8102	8942	9803	10914	12452	4805
0:46:55	30.1	4636	4912	6079	6778	3499	7949	8138	8941	9651	10955	12387	4828
0:47:00	30.1	4659	4985	6103	6742	3505	7976	8144	8830	9762	10965	12523	4858
0:47:05	30.0	4690	4910	6085	6776	3522	7959	8141	8942	9685	10993	12727	4857
0:47:10	30.1	4671	4954	6091	6784	3500	8051	8142	9016	9785	10971	12560	4835
0:47:15	30.1	4636	4994	6102	6741	3483	8007	8134	8920	9770	11049	12654	4836
0:47:20	30.1	4674	4927	6053	6775	3491	8061	8157	8902	9853	11035	12567	4864
0:47:25	30.1	4639	4992	6076	6833	3530	8037	8178	8920	9704	11034	12547	4838
0:47:30	30.0	4655	4951	6079	6786	3499	8033	8174	8872	9900	11005	12666	4760
0:47:35	30.1	4696	4943	6125	6814	3517	7993	8176	9004	9841	11065	12598	4857
0:47:40	30.0	4667	4945	6083	6844	3464	8055	8076	8939	9774	11042	12598	4866
0:47:45	30.1	4668	4954	6101	6755	3496	8051	8131	8904	9865	10998	12654	4807
0:47:50	30.1	4703	4969	6109	6785	3501	8062	8147	9016	9851	10997	12717	4813
0:47:55	30.1	4717	4985	6120	6851	3505	8059	8235	8967	9846	11110	12761	4860
0:48:00	30.1	4649	4988	6071	6889	3508	7989	8122	8971	9893	11093	12586	4815
0:48:05	30.0	4656	4965	6105	6796	3513	8057	8193	8962	9947	11083	12611	4769
0:48:10	30.0	4657	4952	6105	6851	3507	8078	8145	8985	9805	11091	12705	4845
0:48:15	30.0	4691	4941	6159	6869	3480	8064	8172	8980	9897	11052	12574	4840
0:48:20	30.1	4649	4969	6092	6776	3504	8075	8190	8996	9897	11077	12622	4804
0:48:25	30.0	4632	4912	6144	6905	3551	8070	8122	9049	9846	11167	12646	4843
0:48:30	30.1	4708	4940	6160	6894	3520	8126	8173	9066	9874	11126	12674	4784
0:48:35	30.1	4656	4977	6168	6889	3488	8069	8187	9086	9904	11183	12724	4802
0:48:40	30.1	4670	4998	6123	6898	3500	8047	8216	9027	9919	11057	12657	4830
0:48:45	30.1	4691	4980	6184	6864	3461	8093	8208	9051	9906	11107	12787	4810
0:48:50	30.1	4679	4960	6149	6898	3492	8112	8233	8927	9898	11165	12707	4841
0:48:55	30.0	4701	4998	6171	6902	3523	8181	8246	9133	9935	11171	12705	4842
0:49:00	30.1	4702	4980	6129	6913	3485	8156	8163	9068	9991	11177	12768	4813
0:49:05	30.0	4680	4964	6176	6908	3507	8088	8293	9084	9960	11227	12846	4838
0:49:10	30.0	4711	4966	6210	6944	3511	8125	8268	9114	9945	11163	12775	4864
0:49:15	30.1	4691	4987	6132	6903	3476	8088	8233	9139	9984	11181	12798	4849
0:49:20	30.1	4667	4980	6160	6925	3535	8144	8262	9098	10009	11184	12871	4825
0:49:25	30.1	4684	4948	6170	6966	3489	8171	8223	9099	10009	11201	12816	4856
0:49:30	30.1	4685	4948	6164	6902	3503	8127	8300	9065	9952	11096	12761	4813
0:49:35	30.0	4715	4984	6165	6935	3536	8204	8266	9034	9988	11248	12895	4797
0:49:40	30.1	4705	4957	6162	6881	3520	8088	8322	9133	10005	11331	12832	4832
0:49:45	30.1	4633	4990	6193	6992	3512	8132	8332	9099	9998	11260	12802	4783
0:49:50	30.0	4652	5017	6191	6969	3516	8182	8241	9073	10072	11270	12757	4789
0:49:55	30.1	4684	4993	6186	6926	3518	8189	8319	9147	10008	11311	12959	4857
0:50:00	30.1	4688	4990	6172	6930	3498	8160	8372	9073	9951	11186	12815	4851
0:50:05	30.0	4727	5006	6214	6981	3488	8163	8304	9188	10067	11233	12906	4812
0:50:10	30.1	4716	5021	6223	6935	3499	8191	8298	9156	9962	11190	12982	4824
0:50:15	30.1	4694	4993	6271	6937	3531	8186	8279	9179	10090	11154	13011	4827
0:50:20	30.0	4662	4966	6232	6968	3481	8203	8273	9239	10034	11388	12961	4806
0:50:25	30.1	4736	5013	6235	6978	3503	8256	8274	9153	10034	11333	12888	4853
0:50:30	30.1	4689	4989	6175	7043	3534	8244	8326	9193	10046	11245	12963	4819
0:50:35	30.1	4688	4994	6229	7012	3503	8267	8281	9224	10077	11323	12925	4818
0:50:40	30.1	4688	5022	6228	7006	3540	8241	8304	9180	10053	11406	12858	4809
0:50:45	30.1	4708	5014	6238	6952	3523	8284	8332	9194	10142	11514	12970	4854
0:50:50	30.1	4728	5032	6262	7004	3568	8174	8312	9168	10135	11342	12998	4821
0:50:55	30.1	4718	5012	6209	6989	3480	8186	8312	9197	10179	11450	12880	4823
0:51:00	30.1	4719	5000	6242	6991	3529	8287	8409	9205	10132	11440	13110	4832
0:51:05	30.0	4719	5035	6285	7013	3499	8290	8375	9214	10238	11388	13031	4814
0:51:10	30.0	4721	5017	6272	6970	3516	8253	8331	9168	10154	11391	12984	4852
0:51:15	30.1	4687	5058	6277	7009	3501	8242	8366	9259	10149	11376	13173	4857
0:51:20	30.1	4740	5015	6275	7039	3514	8256	8476	9268	10192	11409	12978	4828
0:51:25	30.1	4710	4968	6244	7029	3508	8193	8401	9214	10144	11410	13032	4838
0:51:30	30.1	4691	5015	6262	7098	3526	8276	8366	9217	10099	11422	13084	4860
0:51:35	30.1	4695	4986	6258	7070	3491	8261	8431	9208	10131	11521	13038	4837
0:51:40	30.1	4682	5004	6294	7004	3501	8277	8389	9316	10261	11501	13018	4847
0:51:45	30.0	4705	5013	6241	7061	3483	8305	8449	9275	10136	11447	13143	4857
0:51:50	30.0	4769	5040	6284	6984	3539	8306	8384	9268	10218	11580	13142	4821
0:51:55	30.1	4683	5045	6276	7089	3500	8397	8451	9258	10165	11460	13077	4862
0:52:00	30.1	4688	5026	6226	7093	3498	8348	8473	9230	10207	11424	13126	4868
0:52:05	30.1	4707	5075	6250	7054	3555	8299	8422	9345	10257	11550	13128	4868
0:52:10	30.1	4699	5035	6319	7035	3531	8327	8518	9268	10313	11609	13136	4830
0:52:15	30.1	4746	5068	6288	7072	3518	8342	8454	9300	10286	11482	13107	4872
0:52:20	30.1	4735	5028	6298	7098	3526	8312	8569	9311	10245	11510	13131	4814
0:52:25	30.1	4731	5043	6269	7110	3557	8341	8498	9354	10141	11513	13111	4837
0:52:30	30.0	4753	5033	6307	7047	3515	8379	8469	9456	10285	11510	13134	4878
0:52:35	30.1	4753	5084	6308	7108	3550	8280	8417	9415	10240	11499	13195	4823
0:52:40	30.1	4750	5058	6278	7118	3514	8292	8458	9368	10262	11502	13168	4840
0:52:45	30.1	4693	4993	6327	7195	3520	8366	8471	9375	10313	11577	13305	4839
0:52:50	30.1	4716	5037	6289	7133	3496	8233	8512	9329	10209	11579	13334	4856
0:52:55	30.1	4727	5060	6272	7081	3496	8339	8478	9329	10339	11548	13357	4798
0:53:00	30.1	4728	5083	6312	7207	3538	8358	8465	9390	10305	11686	13307	4833
0:53:05	30.1	4739	5052	6293	7175	3520	8415	8501	9398	10273	11597	13279	4823
0:53:10	30.0	4723	5015	6320	7148	3518	8370	8491	9409	10284	11470	13251	4864
0:53:15	30.0	4746	5073	6275	7124	3519	8430	8555	9326	10243	11730	13186	4883
0:53:20	30.1	4683	5025	6318	7131	3499	8396	8471	9316	10353	11517	13358	4830
0:53:25	30.1	4781	5054	6287	7118	3528	8381	8523	9447	10334	11710	13322	4868
0:53:30	30.1	4712	5002	6373	7120	3498	8411	8563	9506	10346	11614	13253	4863
0:53:35	30.0	4723	5060	6407	7132	3541	8392	8495	9369	10380	11675	13396	4848
0:53:40	30.1	4753	5050	6363	7147	3491	8417	8513	9437	10269	11592	13256	4798
0:53:45	30.1	4691	5029	6326	7180	3485	8455	8578	9493	10344	11644	13320	4799
0:53:50	30.1	4722	5053	6349	7135	3524	8379	8583	9402	10446	11743	13254	4846
0:53:55	30.0	4766	5067	6345	7158	3521	8386	8596	9427	10407	11716	13268	4856
0:54:00	30.0	4719	5078	6344	7190	3531	8489	8519	9405	10373	11740	13312	4855
0:54:05	30.1	4748	5095	6348	7232	3505	8446	8473	9483	10318	11642	13445	4859
0:54:10	30.1	4718	5054	6357	7220	3518	8541	8635	9496	10378	11768	13482	4908
0:54:15	30.1	4735	5060	6320	7171	3484	8482	8529	9383	10352	11750	13351	4848
0:54:20	30.1	4738	5092	6332	7224	3539	8456	8575	9489	10434	11656	13471	4895
0:54:25	30.1	4760	5109	6391	7162	3527	8513	8581	9452	10363	11650	13276	4811
0:54:30	30.0	4746	5041	6380	7200	3514	8535	8637	9407	10343	11603	13397	4838
0:54:35	30.1	4705	5051	6333	7152	3492	8394	8599	9389	10408	11678	13419	4870
0:54:40	30.0	4680	5089	6433	7113	3485	8473	8688	9455	10381	11777	13480	4893
0:54:45	30.1	4731	5090	6386	7240	3487	8486	8606	9432	10411	11829	13526	4845
0:54:50	30.1	4724	5087	6396	7272	3530	8441	8688	9510	10395	11702	13495	4867
0:54:55	30.1	4746	5033	6393	7216	3501	8531	8577	9563	10532	11734	13568	4882
0:55:00	30.1	4797	5115	6393	7208	3518	8515	8621	9496	10445	11784	13459	4851
0:55:05	30.1	4713	5067	6372	7214	3508	8512	8590	9385	10476	11786	13563	4874
0:55:10	30.1	4758	5090	6419	7228	3506	8499	8640	9473	10510	11760	13444	4828
0:55:15	30.1	4771	5132	6412	7213	3516	8490	8616	9398	10437	11702	13502	4871
0:55:20	30.0	4778	5074	6364	7254	3490	8549	8619	9490	10480	11850	13585	4898
0:55:25	30.0	4695	5063	6317	7239	3514	8513	8659	9510	10448	11650	13510	4914
0:55:30	30.1	4740	5066	6456	7254	3539	8503	8647	9450	10456	11818	13606	4806
0:55:35	30.1	4737	5096	6413	7177	3529	8498	8692	9586	10549	11789	13572	4869
0:55:40	30.1	4722	5083	6431	7268	3538	8518	8714	9551	10455	11690	13393	4876
0:55:45	30.1	4747	5081	6402	7250	3534	8552	8696	9548	10497	11832	13482	4855
0:55:50	30.1	4733	5095	6417	7209	3548	8537	8686	9596	10493	11844	13488	4894
0:55:55	30.1	4703	5030	6375	7294	3530	8560	8624	9597	10552	11800	13605	4833
0:56:00	30.0	4749	5046	6447	7266	3521	8548	8737	9544	10446	11920	13578	4882
0:56:05	30.0	4755	5104	6426	7235	3495	8554	8702	9593	10560	11839	13710	4890
0:56:10	30.1	4755	5112	6419	7251	3500	8556	8722	9612	10511	11943	13576	4809
0:56:15	30.1	4725	5066	6366	7279	3496	8609	8720	9561	10610	11884	13657	4833
0:56:20	30.1	4689	5084	6410	7339	3538	8643	8803	9659	10602	11879	13628	4908
0:56:25	30.1	4679	5110	6464	7338	3504	8621	8694	9598	10458	11940	13616	4928
0:56:30	30.1	4717	5126	6400	7253	3532	8563	8677	9610	10570	12027	13657	4885
0:56:35	30.1	4743	5073	6475	7261	3541	8539	8713	9586	10622	11821	13580	4884
0:56:40	30.1	4722	5123	6394	7372	3515	8512	8708	9647	10565	11852	13715	4870
0:56:45	30.0	4703	5124	6401	7390	3522	8577	8799	9720	10577	11915	13640	4907
0:56:50	30.1	4752	5084	6466	7272	3523	8615	8752	9697	10518	11912	13762	4884
0:56:55	30.1	4720	5145	6413	7386	3503	8594	8758	9696	10629	11894	13730	4877
0:57:00	30.1	4733	5093	6458	7315	3497	8605	8731	9626	10623	11920	13788	4867
0:57:05	30.1	4740	5056	6438	7361	3552	8670	8744	9698	10630	11898	13585	4875
0:57:10	30.1	4717	5067	6439	7363	3550	8649	8770	9631	10583	11873	13613	4921
0:57:15	30.1	4704	5093	6466	7378	3522	8602	8786	9651	10667	12028	13798	4849
0:57:20	30.1	4776	5094	6449	7350	3519	8521	8726	9666	10711	11967	13652	4821
0:57:25	30.0	4755	5098	6538	7396	3510	8641	8739	9640	10619	12025	13731	4834
0:57:30	30.0	4750	5101	6451	7355	3533	8569	8820	9709	10665	12038	13685	4849
0:57:35	30.1	4781	5117	6453	7349	3520	8673	8760	9651	10611	12008	13795	4875
0:57:40	30.1	4724	5111	6452	7298	3507	8598	8818	9673	10708	11960	13700	4832
0:57:45	30.1	4769	5107	6425	7429	3518	8649	8747	9734	10725	12067	13751	4869
0:57:50	30.1	4756	5108	6452	7351	3535	8705	8821	9740	10633	11959	13806	4799
0:57:55	30.1	4792	5126	6495	7329	3521	8719	8773	9604	10790	11991	13708	4871
0:58:00	30.1	4714	5092	6400	7320	3552	8614	8695	9724	10740	11979	13682	4857
0:58:05	30.1	4739	5167	6485	7355	3503	8675	8830	9748	10761	12042	13856	4845
0:58:10	30.0	4777	5081	6495	7343	3541	8621	8863	9682	10701	11956	13723	4906
0:58:15	30.0	4733	5055	6487	7418	3497	8674	8802	9730	10782	12108	13860	4868
0:58:20	30.1	4780	5087	6470	7393	3522	8675	8873	9781	10680	12046	13805	4846
0:58:25	30.1	4780	5109	6457	7416	3538	8739	8876	9727	10735	12093	13844	4840
0:58:30	30.1	4731	5145	6443	7362	3539	8801	8827	9728	10757	12048	14023	4849
0:58:35	30.1	4781	5106	6418	7426	3523	8726	8808	9764	10688	12051	13932	4869
0:58:40	30.1	4744	5120	6537	7400	3526	8744	8733	9694	10731	11971	13864	4849
0:58:45	30.1	4728	5146	6470	7424	3516	8743	8897	9789	10840	12148	13874	4916
0:58:50	30.1	4752	5094	6488	7423	3498	8701	8830	9701	10742	12147	13856	4889
0:58:55	30.0	4718	5125	6493	7417	3552	8730	8867	9808	10685	12134	13892	4838
0:59:00	30.0	4697	5095	6437	7380	3514	8696	8866	9777	10834	12054	13965	4885
0:59:05	30.1	4723	5133	6517	7449	3541	8736	8871	9810	10778	12089	13853	4855
0:59:10	30.1	4727	5074	6539	7435	3481	8739	8831	9719	10769	12102	14035	4868
0:59:15	30.1	4788	5107	6462	7425	3525	8716	8931	9794	10850	12098	14026	4854
0:59:20	30.1	4760	5113	6484	7396	3525	8739	8901	9832	10819	12149	14053	4876
0:59:25	30.1	4721	5114	6515	7443	3538	8667	8877	9802	10771	12175	13919	4899
0:59:30	30.1	4780	5142	6500	7439	3533	8748	8833	9858	10828	12266	14018	4840
0:59:35	30.1	4750	5075	6508	7399	3520	8728	8901	9867	10768	12146	13973	4859
0:59:40	30.0	4715	5144	6504	7449	3523	8801	8943	9870	10865	12228	13975	4873
0:59:45	30.1	4743	5078	6479	7419	3526	8770	8899	9853	10788	12212	13962	4874
0:59:50	30.1	4737	5127	6502	7429	3546	8801	8872	9793	10900	12311	14034	4904
0:59:55	30.1	4792	5130	6492	7429	3550	8742	8873	9846	10810	12232	14004	4867
1:00:00	30.1	4721	5147	6522	7469	3499	8847	8913	9852	10795	12227	13886	4841

Results
	1	2	3	4	5	6	7	8	9	10	11	12
A													Max V [425,457]
													R-Squared [425,457]
													t at Max V [425,457]
													Lagtime [425,457]
B													Max V [425,457]
													R-Squared [425,457]
													t at Max V [425,457]
													Lagtime [425,457]
C													Max V [425,457]
													R-Squared [425,457]
													t at Max V [425,457]
													Lagtime [425,457]
D													Max V [425,457]
													R-Squared [425,457]
													t at Max V [425,457]
													Lagtime [425,457]
E	1176000.000	-1128000.000	1668000.000	1572000.000	1164000.000	-1692000.000	1968000.000	2472000.000	2352000.000	3120000.000	2772000.000	1620000.000	Max V [425,457]
	1.000	1.000	1.000	1.000	1.000	1.000	1.000	1.000	1.000	1.000	1.000	1.000	R-Squared [425,457]
	0:53:23	0:20:38	0:55:28	0:35:43	0:13:23	0:54:33	0:58:43	0:48:53	0:47:28	0:53:13	0:41:28	0:32:43	t at Max V [425,457]
	0:52:13	0:21:25	0:53:48	0:34:11	0:13:15	0:56:28	0:57:02	0:47:37	0:45:56	0:51:44	0:39:57	0:32:40	Lagtime [425,457]
F													Max V [425,457]
													R-Squared [425,457]
													t at Max V [425,457]
													Lagtime [425,457]
G													Max V [425,457]
													R-Squared [425,457]
													t at Max V [425,457]
													Lagtime [425,457]
H													Max V [425,457]
													R-Squared [425,457]
													t at Max V [425,457]
													Lagtime [425,457]

