

Software Version	3.03.14



Experiment File Path:	C:\Users\Public\Documents\Experiments\Tina\20190117_GAP_assay9.xpt
Protocol File Path:	C:\Users\Public\Documents\Protocols\Tina\GAP_sensor_assay.prt



Plate Number	Plate 1
Date	1/17/2019
Time	3:15:08 PM
Reader Type:	Synergy H1
Reader Serial Number:	1803011C
Reading Type	Reader

Procedure Details

Plate Type	Costar 96 well half area
Set Temperature	Setpoint 30°C
Start Kinetic	Runtime 0:45:00 (HH:MM:SS), Interval 0:00:04, 676 Reads
    Read	Fluorescence Endpoint
	A1..A8
	Filter Set 1
	    Excitation: 425,  Emission: 457
	    Optics: Bottom,  Gain: 57
	Light Source: Xenon Flash,  Lamp Energy: High
	Read Speed: Normal,  Delay: 0 msec,  Measurements/Data Point: 5
	Read Height: 7 mm
End Kinetic	

Layout
	1	2	3	4	5	6	7	8	9	10	11	12
A	SPL1	SPL2	SPL3	SPL4	SPL5	SPL6	SPL7	SPL8					Well ID
B													Well ID
C													Well ID
D													Well ID
E													Well ID
F													Well ID
G													Well ID
H													Well ID

425,457

Time	T° 425,457	A1	A2	A3	A4	A5	A6	A7	A8
0:00:00	30.0	6209	6104	6774	7985	6720	6623	6761	7266
0:00:04	30.0	6512	6266	6937	8075	6972	6801	7051	7513
0:00:08	30.0	6706	6521	7157	8256	7224	6886	7265	7740
0:00:12	30.0	6854	6784	7405	8383	7413	7113	7497	8023
0:00:16	30.0	6940	6982	7571	8509	7705	7280	7774	8298
0:00:20	30.0	7187	7227	7730	8702	7947	7360	8004	8428
0:00:24	30.0	7379	7437	7948	8739	8159	7526	8232	8727
0:00:28	30.0	7571	7618	8214	8903	8251	7661	8523	8987
0:00:32	30.0	7693	7827	8372	8994	8538	7792	8752	9199
0:00:36	30.0	7822	8174	8540	9078	8742	7982	9035	9407
0:00:40	30.0	7997	8253	8674	9332	8959	8122	9252	9707
0:00:44	30.0	8188	8524	8872	9318	9218	8253	9459	9847
0:00:48	30.0	8384	8772	9078	9468	9446	8319	9689	10145
0:00:52	30.0	8476	9001	9277	9644	9662	8539	9899	10402
0:00:56	30.0	8675	9117	9388	9750	9892	8629	10298	10580
0:01:00	30.0	8897	9375	9714	9809	10196	8804	10456	10886
0:01:04	30.0	8994	9628	9940	9972	10270	8989	10699	10937
0:01:08	30.0	9202	9901	10000	10104	10502	9120	10938	11239
0:01:12	30.0	9300	10072	10202	10273	10810	9169	11143	11560
0:01:16	30.0	9478	10229	10401	10346	10912	9372	11315	11747
0:01:20	30.0	9711	10505	10637	10528	11217	9534	11501	11976
0:01:24	30.0	9895	10694	10805	10671	11335	9684	11867	12215
0:01:28	30.0	10060	10820	10940	10838	11950	9768	11999	12540
0:01:32	30.0	10181	11011	11118	10841	12155	9923	12161	12622
0:01:36	30.0	10407	11282	11375	11000	12403	10071	12338	12820
0:01:40	30.0	10646	11470	11527	11145	12700	10145	12617	13102
0:01:44	30.0	10782	11580	11767	11236	12851	10324	12898	13319
0:01:48	30.0	10912	11829	11936	11426	13086	10555	13017	13532
0:01:52	30.0	11044	11986	12153	11531	13206	10576	13243	13858
0:01:56	30.0	11235	12178	12258	11649	13481	10766	13466	13983
0:02:00	30.0	11451	12327	12370	11801	13782	10932	13622	14203
0:02:04	30.0	11482	12589	12662	11942	14052	11125	13834	14342
0:02:08	30.0	11662	12757	12828	12129	14176	11221	14047	14600
0:02:12	30.0	11896	12942	13106	12218	14261	11352	14158	14754
0:02:16	30.0	11985	13140	13254	12364	14642	11478	14417	15108
0:02:20	30.0	12272	13353	13431	12376	14883	11557	14658	15353
0:02:24	30.0	12356	13512	13545	12511	15032	11750	14764	15349
0:02:28	30.0	12606	13656	13801	12609	15359	11785	15093	15626
0:02:32	30.0	12747	13873	13905	12823	15482	11918	15212	15999
0:02:36	30.0	12856	14027	14059	12836	15881	12086	15236	16101
0:02:40	30.0	13052	14191	14278	12977	15934	12183	15427	16408
0:02:44	30.0	13203	14308	14380	13194	16222	12341	15724	16652
0:02:48	30.0	13391	14571	14555	13225	16446	12546	15780	16788
0:02:52	30.0	13467	14730	14702	13414	16506	12581	16003	17055
0:02:56	30.0	13707	14920	14951	13481	16775	12735	16172	17111
0:03:00	30.0	13808	14998	15136	13691	16842	12866	16244	17296
0:03:04	30.0	13931	15248	15202	13828	16998	12890	16413	17505
0:03:08	30.0	14111	15325	15518	13989	17125	13133	16488	17918
0:03:12	30.0	14270	15488	15619	14016	17408	13150	16712	17929
0:03:16	30.0	14524	15678	15712	14181	17414	13319	16948	18203
0:03:20	30.0	14611	15936	16054	14315	17626	13505	16990	18293
0:03:24	30.0	14707	15998	16076	14458	17895	13568	17162	18447
0:03:28	30.0	14891	16195	16162	14618	18030	13648	17271	18784
0:03:32	30.0	14916	16323	16574	14782	18177	13859	17358	18825
0:03:36	30.0	15055	16463	16598	14881	18266	13871	17393	19061
0:03:40	30.0	15234	16634	16693	15020	18513	14247	17595	19204
0:03:44	30.0	15519	16681	16840	15110	18693	14279	17715	19422
0:03:48	30.0	15608	16779	17040	15182	18702	14420	17730	19674
0:03:52	30.0	15664	16989	17405	15300	18840	14446	17857	19727
0:03:56	30.0	15885	17075	17432	15481	19023	14597	17933	19902
0:04:00	30.0	15959	17195	17405	15523	19026	14726	18037	20090
0:04:04	30.0	16206	17393	17625	15715	19263	14900	18160	20177
0:04:08	30.0	16296	17356	17898	15989	19449	14830	18248	20508
0:04:12	30.0	16456	17674	18032	15956	19553	15133	18342	20472
0:04:16	30.0	16482	17783	18132	16117	19696	15130	18363	20600
0:04:20	30.0	16560	17889	18291	16161	19862	15337	18513	20789
0:04:24	30.0	16821	18035	18504	16412	19855	15446	18472	21130
0:04:28	30.0	16958	18125	18649	16502	20095	15620	18651	21111
0:04:32	30.0	17122	18268	18748	16585	20049	15738	18557	21404
0:04:36	30.0	17121	18288	19056	16651	20420	15661	18725	21577
0:04:40	30.0	17236	18417	19103	16872	20321	15916	18783	21718
0:04:44	30.0	17488	18368	19112	16951	20441	16022	18924	21718
0:04:48	30.0	17493	18490	19360	17116	20518	16009	18951	21807
0:04:52	30.0	17560	18853	19522	17301	20710	16252	18969	21971
0:04:56	30.0	17767	18818	19530	17424	20800	16287	18974	22139
0:05:00	30.0	17948	18905	19719	17493	20896	16290	19098	22334
0:05:04	30.0	17904	18881	20071	17428	20997	16427	19141	22352
0:05:08	30.0	17939	18931	20105	17517	20960	16643	19206	22472
0:05:12	30.0	18072	19047	20181	17851	21011	16709	19194	22575
0:05:16	30.0	18160	19082	20441	17947	21267	16818	19251	22895
0:05:20	30.0	18176	19114	20396	18253	21123	17105	19410	22932
0:05:24	30.0	18458	19216	20635	18231	21397	17140	19368	23023
0:05:28	30.0	18398	19341	20587	18331	21501	17116	19391	23248
0:05:32	30.0	18333	19398	20784	18440	21525	17298	19463	23293
0:05:36	30.0	18567	19500	20899	18488	21509	17375	19471	23517
0:05:40	30.0	18440	19441	21043	18808	21634	17506	19513	23362
0:05:44	30.0	18535	19477	21027	18913	21814	17484	19551	23519
0:05:48	30.0	18674	19523	21278	18944	21769	17688	19456	23522
0:05:52	30.0	18764	19735	21288	19134	22015	17722	19445	23496
0:05:56	30.0	18565	19652	21371	18999	22071	17928	19741	23769
0:06:00	30.0	18549	19686	21622	19226	22158	17963	19737	23885
0:06:04	30.0	18726	19800	21492	19242	22218	18163	19744	24130
0:06:08	30.0	18810	19717	21697	19452	22270	18197	19710	24200
0:06:12	30.0	18702	19678	21705	19597	22216	18301	19674	24299
0:06:16	30.0	18631	19644	21906	19635	22123	18310	19852	24328
0:06:20	30.0	18861	19863	21822	19704	22303	18662	19585	24042
0:06:24	30.0	18699	19671	21848	19999	22567	18591	19805	24203
0:06:28	30.0	18758	19825	21866	19869	22536	18778	19742	24549
0:06:32	30.0	18719	19942	21940	20046	22566	18676	19847	24508
0:06:36	30.0	18752	19827	22147	20164	22431	18833	19879	24740
0:06:40	30.0	18826	19790	21978	20230	22600	18840	19796	24767
0:06:44	30.0	18745	19858	22296	20353	22367	19003	19746	24871
0:06:48	30.0	18868	19926	22345	20591	22612	19170	19992	24862
0:06:52	30.0	18713	19968	22110	20603	22431	19174	19873	24840
0:06:56	30.0	18836	19706	22155	20645	22778	19210	19916	25060
0:07:00	30.0	18824	19860	22162	20798	22737	19363	19923	24881
0:07:04	30.0	18704	19701	22364	20877	22621	19392	19849	25106
0:07:08	30.0	18739	19846	22190	20888	22905	19559	19825	25108
0:07:12	30.0	18707	19659	22132	21010	22869	19571	19862	25045
0:07:16	30.0	18890	19633	22268	21101	22588	19780	19921	25172
0:07:20	30.0	18981	19839	22324	21066	22888	19758	19975	25284
0:07:24	30.0	18757	19697	22370	20948	22819	20112	20005	25291
0:07:28	30.0	18788	19922	22323	21153	22972	19877	19962	25301
0:07:32	30.0	18775	19944	22192	21214	22738	20054	20006	25240
0:07:36	30.0	18902	19768	22372	21263	22705	20111	19945	25281
0:07:40	30.0	18706	19844	22181	21492	22835	20279	20046	25356
0:07:44	30.0	18682	19733	22426	21435	22954	20311	19973	25405
0:07:48	30.0	18710	19597	22203	21481	22874	20353	19904	25411
0:07:52	30.0	18724	19731	22158	21363	22891	20548	20004	25498
0:07:56	30.0	18840	19539	22269	21653	22842	20582	20016	25588
0:08:00	30.0	18748	19533	22183	21504	22797	20580	19952	25408
0:08:04	30.0	18769	19680	22205	21593	22970	20607	19979	25534
0:08:08	30.0	18632	19717	22319	21611	23056	20657	20051	25626
0:08:12	30.0	18698	19671	22154	21671	22960	20652	19893	25714
0:08:16	30.0	18707	19590	22091	21626	22957	20806	19962	25733
0:08:20	30.0	18685	19754	22286	21725	22974	20869	19878	25621
0:08:24	30.0	18550	19655	22237	21653	22961	20999	19994	25655
0:08:28	30.0	18641	19674	22274	21717	22987	21270	20141	25746
0:08:32	30.0	18711	19667	22172	21621	22800	21089	19987	25586
0:08:36	30.0	18681	19621	22166	21675	22827	21274	19997	25659
0:08:40	30.0	18742	19590	22181	21672	23095	21309	19878	25742
0:08:44	30.0	18738	19796	22115	21514	22949	21234	19927	25836
0:08:48	30.0	18585	19565	22245	21641	22808	21161	19939	25696
0:08:52	30.0	18544	19684	22309	21704	22989	21167	20025	25683
0:08:56	30.0	18534	19657	22276	21511	22817	21494	19989	25780
0:09:00	30.0	18576	19675	22032	21585	22854	21563	19804	25657
0:09:04	30.0	18731	19607	22235	21647	22936	21573	19899	25723
0:09:08	30.0	18739	19605	22199	21630	22778	21602	19890	25646
0:09:12	30.0	18653	19560	22286	21540	22883	21614	19877	25621
0:09:16	30.0	18533	19547	22060	21409	22924	21857	20019	25692
0:09:20	30.0	18818	19566	22100	21779	22732	21831	19777	25829
0:09:24	30.0	18684	19697	22268	21591	22968	21679	19947	25617
0:09:28	30.0	18721	19628	22163	21374	22913	21846	19977	25627
0:09:32	30.0	18559	19497	22166	21621	22636	21694	19965	25564
0:09:36	30.0	18612	19532	22176	21389	22754	21921	19953	25620
0:09:40	30.0	18573	19702	22181	21588	22832	21963	19753	25451
0:09:44	30.0	18567	19558	22062	21411	22662	22162	19894	25648
0:09:48	30.0	18612	19490	21945	21605	22684	22316	19775	25484
0:09:52	30.0	18626	19585	21991	21491	22992	22126	19770	25848
0:09:56	30.0	18456	19710	22074	21363	22756	22223	20013	25627
0:10:00	30.0	18767	19513	22179	21531	22723	22193	19813	25597
0:10:04	30.0	18560	19634	22029	21566	22783	22240	19746	25745
0:10:08	30.0	18343	19460	22128	21570	22927	22147	19722	25587
0:10:12	30.0	18584	19407	22059	21443	22792	22365	19739	25677
0:10:16	30.0	18723	19368	22028	21564	22809	22303	19666	25702
0:10:20	30.0	18568	19366	22092	21663	22569	22473	19756	25208
0:10:24	30.0	18728	19496	22044	21651	22712	22430	19803	25633
0:10:28	30.0	18626	19359	22069	21524	22822	22478	19694	25455
0:10:32	30.0	18616	19390	22175	21596	22770	22434	19817	25352
0:10:36	30.0	18557	19575	21955	21447	22804	22664	19840	25690
0:10:40	30.0	18628	19509	21879	21407	22573	22594	19768	25724
0:10:44	30.0	18608	19556	22112	21531	22796	22652	19611	25538
0:10:48	30.0	18605	19384	21967	21436	22862	22677	19723	25495
0:10:52	30.0	18446	19227	22171	21548	22807	22584	19836	25606
0:10:56	30.0	18544	19491	22208	21560	22862	22569	19792	25474
0:11:00	30.0	18530	19336	22034	21305	22791	22807	19882	25441
0:11:04	30.0	18512	19421	22143	21533	22615	22819	19653	25662
0:11:08	30.0	18510	19462	22011	21451	22746	22810	19791	25332
0:11:12	30.0	18363	19503	22146	21522	22733	22668	19738	25559
0:11:16	30.0	18538	19493	21902	21305	22676	22796	19741	25572
0:11:20	30.0	18372	19387	22061	21495	22604	22831	19786	25459
0:11:24	30.0	18458	19347	22003	21506	22504	22916	19575	25643
0:11:28	30.0	18598	19363	21865	21484	22595	22870	19791	25539
0:11:32	30.0	18540	19375	21804	21401	22577	22912	19604	25387
0:11:36	30.0	18465	19327	21925	21561	22534	23004	19759	25614
0:11:40	30.0	18589	19261	21964	21382	22459	22992	19816	25494
0:11:44	30.0	18486	19328	21905	21397	22580	23081	19648	25556
0:11:48	30.0	18504	19321	21854	21322	22435	23016	19640	25342
0:11:52	30.0	18395	19239	22002	21332	22473	23055	19591	25506
0:11:56	30.0	18340	19423	21993	21324	22643	23186	19728	25527
0:12:00	30.0	18481	19328	21971	21369	22409	22884	19754	25550
0:12:04	30.0	18453	19310	21807	21328	22565	23076	19591	25281
0:12:08	30.0	18434	19283	21740	21415	22651	23234	19624	25272
0:12:12	30.0	18531	19399	21983	21353	22669	23142	19570	25357
0:12:16	30.0	18433	19233	22011	21386	22316	23214	19569	25412
0:12:20	30.0	18395	19379	21983	21309	22474	23021	19617	25425
0:12:24	30.0	18458	19280	21952	21427	22483	23052	19615	25423
0:12:28	30.0	18502	19307	21930	21257	22611	23262	19609	25426
0:12:32	30.0	18497	19294	21888	21316	22481	23309	19708	25441
0:12:36	30.0	18566	19324	22001	21152	22503	23037	19614	25561
0:12:40	30.0	18473	19296	22035	21357	22587	23336	19584	25357
0:12:44	30.0	18409	19286	21868	21324	22545	23285	19549	25404
0:12:48	30.0	18509	19464	21710	21371	22474	23454	19529	25393
0:12:52	30.0	18559	19225	22001	21346	22580	23325	19616	25310
0:12:56	30.0	18455	19392	21819	21384	22512	23246	19620	25375
0:13:00	30.0	18324	19092	21938	21282	22541	23019	19586	25335
0:13:04	30.0	18410	19207	21814	21316	22428	23322	19554	25184
0:13:08	30.0	18314	19234	21704	21374	22386	23298	19596	25356
0:13:12	30.0	18390	19290	21953	21200	22378	23255	19540	25346
0:13:16	30.0	18692	19325	21794	21371	22468	23415	19543	25104
0:13:20	30.0	18483	19218	21873	21448	22360	23162	19523	25275
0:13:24	30.0	18454	19212	21797	21271	22317	23581	19358	25310
0:13:28	30.0	18455	19263	21830	21455	22482	23263	19487	25152
0:13:32	30.0	18328	19310	21790	21313	22579	23322	19605	25293
0:13:36	30.0	18314	19132	21918	21336	22401	23480	19428	25545
0:13:40	30.0	18372	19273	21779	21308	22369	23378	19380	25212
0:13:44	30.0	18335	19233	21772	21242	22454	23340	19361	25345
0:13:48	30.0	18418	19242	21758	21261	22426	23179	19578	25194
0:13:52	30.0	18511	19226	21885	21295	22298	23416	19528	25177
0:13:56	30.0	18486	19167	21755	21232	22389	23319	19433	25200
0:14:00	30.0	18309	19187	22013	21323	22506	23374	19360	25130
0:14:04	30.0	18357	19121	21926	21311	22377	23176	19441	25375
0:14:08	30.0	18506	19276	21847	21334	22443	23661	19419	25211
0:14:12	30.0	18357	19202	21815	21092	22364	23429	19535	25114
0:14:16	30.0	18362	19259	21619	21313	22427	23464	19460	25212
0:14:20	30.0	18555	19323	21755	21215	22308	23150	19446	25295
0:14:24	30.0	18405	19149	21768	21404	22320	23278	19515	25150
0:14:28	30.0	18413	19200	21715	21302	22368	23477	19246	25337
0:14:32	30.0	18254	19120	21917	21181	22264	23316	19362	25154
0:14:36	30.0	18340	19332	21759	21268	22279	23431	19602	25193
0:14:40	30.0	18368	19149	21733	21189	22461	23393	19403	25262
0:14:44	30.0	18405	19008	21860	21349	22391	23422	19358	25305
0:14:48	30.0	18509	19150	21704	21246	22231	23395	19409	25298
0:14:52	30.0	18369	19317	21698	21262	22332	23370	19474	25374
0:14:56	30.0	18299	19196	21753	21255	22234	23366	19494	25074
0:15:00	30.0	18350	19096	21830	21297	22321	23253	19441	25156
0:15:04	30.0	18283	19198	21844	21434	22444	23280	19299	25330
0:15:08	30.0	18419	19232	21931	21302	22233	23389	19349	25121
0:15:12	30.0	18387	19176	21759	21125	22193	23481	19168	25157
0:15:16	30.0	18264	19231	21740	21115	22324	23364	19307	25192
0:15:20	30.0	18299	19037	21617	21268	22314	23285	19351	25057
0:15:24	30.0	18368	19044	21797	21230	22169	23239	19344	25210
0:15:28	30.0	18386	19234	21811	21228	22366	23468	19260	24931
0:15:32	30.0	18136	19300	21737	21099	22247	23417	19381	24933
0:15:36	30.0	18294	19142	21740	21120	22156	23245	19385	24981
0:15:40	30.0	18278	19137	21893	21204	22298	23151	19411	25110
0:15:44	30.0	18230	18955	21602	21227	22490	23383	19360	25056
0:15:48	30.0	18350	19099	21694	21280	22269	23429	19344	25114
0:15:52	30.0	18328	19056	21737	21168	22262	23191	19403	25232
0:15:56	30.1	18284	19119	21879	21241	22506	23330	19231	25266
0:16:00	30.0	18293	19031	21661	21168	22237	23246	19347	25098
0:16:04	30.0	18267	19211	21714	21233	22258	23534	19386	25161
0:16:08	30.0	18488	19171	21772	21352	22390	23242	19418	25180
0:16:12	30.0	18353	19188	21679	21213	22284	23288	19411	25011
0:16:16	30.0	18280	19271	21692	21046	22262	23386	19375	25176
0:16:20	30.0	18318	19168	21687	21295	22233	23402	19424	25148
0:16:24	30.0	18239	19153	21725	21330	22358	23023	19342	24993
0:16:28	30.0	18301	19054	21636	21267	22340	23283	19237	25067
0:16:32	30.0	18265	19099	21654	21258	22168	23283	19242	25126
0:16:36	30.0	18383	18948	21726	21143	22203	23316	19354	24796
0:16:40	30.0	18269	19176	21809	21205	22238	23223	19263	24887
0:16:44	30.0	18297	18994	21554	21185	22230	23110	19193	25167
0:16:48	30.0	18290	18981	21761	21078	22244	23352	19228	25107
0:16:52	30.0	18181	19079	21747	21242	22295	23220	19307	25073
0:16:56	30.0	18235	19111	21797	21298	22308	23418	19299	24887
0:17:00	30.0	18275	18965	21499	21186	22270	23304	19206	25213
0:17:04	30.0	18381	19126	21433	21191	22307	23248	19349	24993
0:17:08	30.0	18197	18933	21642	21067	22088	23248	19246	25049
0:17:12	30.0	18061	19099	21580	21183	22273	23018	19341	25026
0:17:16	30.0	18214	19058	21703	21291	22283	23309	19365	25015
0:17:20	30.0	18116	19143	21743	21335	22212	23158	19451	25252
0:17:24	30.0	18255	19055	21541	21137	22256	23249	19246	25174
0:17:28	30.0	18290	19143	21775	21239	22105	23145	19307	25165
0:17:32	30.0	18346	18951	21622	21050	22175	23266	19212	24912
0:17:36	30.0	18009	18959	21685	21136	22218	23194	19330	25126
0:17:40	30.0	18379	19016	21432	21254	22274	23197	19243	25172
0:17:44	30.0	18329	18982	21728	21155	22098	23194	19191	25022
0:17:48	30.0	18236	18901	21426	21064	22279	23167	19213	24960
0:17:52	30.0	18257	19082	21702	21206	22021	23347	19256	25090
0:17:56	30.0	18406	18941	21713	21211	22140	23363	19255	25052
0:18:00	30.0	18335	19069	21711	21052	22193	23189	19355	25101
0:18:04	30.0	18180	18871	21701	21223	22058	22984	19328	24842
0:18:08	30.0	18311	18916	21591	21236	22069	23358	19214	25064
0:18:12	30.0	18274	19057	21699	21114	22219	23135	19437	24909
0:18:16	30.0	18267	19031	21691	21182	22057	23101	19329	24964
0:18:20	30.0	18350	18981	21537	21298	22082	23187	19166	25031
0:18:24	30.0	18290	19017	21504	21093	22217	23144	19165	25047
0:18:28	30.0	18208	19108	21594	21070	22166	23183	19335	24845
0:18:32	30.0	18213	18985	21591	21075	22221	23080	19249	25034
0:18:36	30.0	18234	18981	21541	21086	22111	23224	19230	24944
0:18:40	30.0	18159	19088	21503	21061	22100	22965	19249	24887
0:18:44	30.0	18267	19144	21561	21035	22065	23191	19337	25021
0:18:48	30.0	18215	18915	21457	21208	22163	22961	19316	24911
0:18:52	30.0	18163	19015	21574	21062	21847	23067	19257	24692
0:18:56	30.0	18243	18879	21661	20974	22051	23045	19158	25124
0:19:00	30.0	18164	19008	21712	21118	22215	23144	19174	25068
0:19:04	30.0	18174	19026	21475	21228	22245	23153	19189	24910
0:19:08	30.0	18256	18862	21561	21001	22037	23149	19183	25042
0:19:12	30.0	18261	19131	21648	21261	22209	23139	19174	24929
0:19:16	30.0	18291	18946	21258	21069	21888	23114	19307	24870
0:19:20	30.0	18143	18894	21313	21050	22197	22937	19167	24942
0:19:24	30.0	18101	19079	21552	21014	21998	23067	19098	24921
0:19:28	30.0	18214	18968	21411	21159	22017	23202	19202	24956
0:19:32	30.0	18116	19014	21719	21033	22209	22988	19160	24901
0:19:36	30.0	18220	18945	21364	21027	22042	23037	19211	24867
0:19:40	30.0	18142	19050	21605	21065	21996	23237	19064	25035
0:19:44	30.0	18185	18945	21534	20965	21967	23294	19170	24962
0:19:48	30.0	18254	18927	21604	21080	22135	22977	19119	24845
0:19:52	30.0	18182	18877	21481	21168	22078	23018	19047	24969
0:19:56	30.0	18261	19034	21505	21000	21975	23053	19066	24784
0:20:00	30.0	18243	19062	21411	21027	22135	23122	19101	24875
0:20:04	30.0	18234	18907	21639	21094	22073	23133	19034	24996
0:20:08	30.0	18276	18851	21482	21026	21964	23081	19172	24786
0:20:12	30.0	18304	18966	21570	20993	22017	23142	19230	24823
0:20:16	30.0	18263	18918	21548	21151	22097	23058	19294	24878
0:20:20	30.0	18328	18939	21534	21109	22087	23072	19350	24957
0:20:24	30.0	18161	18923	21569	21024	22056	23030	19213	24836
0:20:28	30.0	18183	19011	21440	21133	22146	23190	19224	25005
0:20:32	30.0	18228	18989	21583	21063	22072	23223	19315	24980
0:20:36	30.0	18164	18958	21435	21259	21848	23066	19195	24935
0:20:40	30.0	18154	18912	21540	21068	22022	22860	19073	24817
0:20:44	30.0	18082	18794	21549	21036	21894	23086	19081	24953
0:20:48	30.0	18280	19099	21568	21154	22012	23130	19186	24683
0:20:52	30.0	18139	18815	21601	21056	22050	22985	19050	24791
0:20:56	30.0	18160	18844	21541	20908	21899	22825	19147	24876
0:21:00	30.0	18169	18969	21469	21087	22123	23099	19112	24894
0:21:04	30.0	18182	19033	21588	21019	21958	22995	19264	24656
0:21:08	30.0	18154	18948	21572	21193	21913	23083	19348	24709
0:21:12	30.0	18249	18947	21460	21063	22091	23090	19145	24878
0:21:16	30.0	18242	18810	21530	20991	21895	22939	19248	24845
0:21:20	30.0	18224	18965	21527	20891	21989	22986	19249	24846
0:21:24	30.0	18308	18984	21481	21102	22105	23017	19228	24817
0:21:28	30.0	18134	18765	21563	21184	22027	23109	19025	24991
0:21:32	30.0	18208	19007	21696	21173	22067	23144	19226	24933
0:21:36	30.0	18024	18985	21306	21017	21985	22975	19179	24749
0:21:40	30.0	18175	19074	21345	21097	22078	22970	19260	24778
0:21:44	30.0	17987	18912	21439	21119	22029	23035	19227	24675
0:21:48	30.0	18126	18969	21470	21063	21952	23039	19168	24843
0:21:52	30.0	18164	18931	21484	21103	21962	22976	19132	24737
0:21:56	30.0	18098	18986	21576	21096	21902	22875	19085	24924
0:22:00	30.0	18264	18929	21610	21060	22158	22919	18976	24899
0:22:04	30.0	18256	18967	21560	21089	22079	23188	19031	24698
0:22:08	30.0	18176	18928	21519	21144	21745	22870	19140	24812
0:22:12	30.0	18288	18833	21494	20985	22085	23029	19105	24852
0:22:16	30.0	18238	18943	21373	20874	21981	23010	19036	24920
0:22:20	30.0	18271	18965	21253	21078	21932	22959	19039	24947
0:22:24	30.0	17973	18861	21468	20963	21975	23149	19100	24678
0:22:28	30.0	18102	18927	21435	20956	21847	22850	18962	24843
0:22:32	30.0	18154	18854	21436	21071	22003	22829	19147	24811
0:22:36	30.0	18224	18976	21359	20944	21880	23019	19184	24799
0:22:40	30.0	17931	18863	21458	20997	22147	23060	19160	24656
0:22:44	30.0	18079	18833	21493	20848	21891	22841	19141	24753
0:22:48	30.0	18085	18797	21407	21072	21811	23092	19115	24848
0:22:52	30.0	18039	18861	21540	21027	21859	22930	19117	24872
0:22:56	30.0	18226	18828	21431	21076	21849	22838	19017	24630
0:23:00	30.0	18101	18894	21482	20947	21988	22993	19209	24623
0:23:04	30.0	18037	18971	21374	20991	21835	22935	19146	24917
0:23:08	30.0	18115	18926	21367	20901	21923	22703	18956	24745
0:23:12	30.0	18166	18835	21210	21000	21917	22856	19065	24782
0:23:16	30.0	18173	19040	21484	20910	21893	22956	19040	24843
0:23:20	30.0	18138	18939	21327	21061	22032	23094	19093	24984
0:23:24	30.0	18163	18699	21544	21121	21918	22711	19112	24940
0:23:28	30.0	18081	18932	21455	21010	21901	22859	18997	24801
0:23:32	30.0	18143	18698	21393	20981	21939	22931	19045	24594
0:23:36	30.0	18013	18840	21454	21141	21920	22869	19259	25055
0:23:40	30.0	18167	18863	21446	21021	22095	22947	18960	24791
0:23:44	30.0	18140	18768	21567	20768	21968	22896	19021	24809
0:23:48	30.0	18152	18785	21529	21054	21954	22890	19141	24852
0:23:52	30.0	18105	18773	21515	20843	21824	22963	19326	24910
0:23:56	30.0	18055	18972	21238	20827	21898	22825	19003	24765
0:24:00	30.0	18181	18734	21323	20903	22063	22833	18971	24727
0:24:04	30.0	17926	18815	21430	21097	21982	23030	19002	24838
0:24:08	30.0	18082	18883	21527	20944	21998	22980	19191	24775
0:24:12	30.0	18130	18804	21484	21109	21929	22863	19102	24997
0:24:16	30.0	18213	18887	21361	21110	21979	22840	19164	24780
0:24:20	30.0	18045	18869	21538	21020	22027	22799	18987	24564
0:24:24	30.0	18213	18863	21219	20909	21905	22834	19038	24787
0:24:28	30.0	18093	18749	21464	21016	21845	23000	19061	24800
0:24:32	30.0	18179	18804	21282	20661	21870	22898	19073	24711
0:24:36	30.0	18084	18823	21453	21044	22068	22761	19087	24762
0:24:40	30.1	18125	18708	21437	21012	21972	22731	18983	24506
0:24:44	30.1	18066	18691	21213	20911	21847	23007	18965	24832
0:24:48	30.0	18044	18834	21378	21051	22032	22926	19052	24899
0:24:52	30.0	18006	18750	21421	20900	21892	22810	18994	24889
0:24:56	30.0	18127	18662	21358	20941	21897	22918	19038	24732
0:25:00	30.0	18007	18846	21293	21003	21782	23063	18980	24859
0:25:04	30.0	18114	18753	21172	20897	21759	22782	18904	24724
0:25:08	30.0	17998	18884	21379	21005	21946	22962	18986	24686
0:25:12	30.0	18199	18815	21377	20859	21934	22822	19040	24618
0:25:16	30.0	17944	18758	21555	20917	21935	22757	19058	24872
0:25:20	30.0	18147	18658	21495	20857	21999	22808	19056	24711
0:25:24	30.0	18062	18677	21580	20940	21896	22911	19070	24590
0:25:28	30.0	18078	18774	21321	20933	21945	22850	18877	24681
0:25:32	30.0	18110	18795	21404	21053	21850	22786	19108	24411
0:25:36	30.0	18142	18824	21335	20863	21974	22760	18976	24763
0:25:40	30.0	18019	18760	21402	20998	21933	22845	19099	24723
0:25:44	30.0	18091	18813	21456	21022	21778	22888	19033	24792
0:25:48	30.0	17959	18944	21421	21015	21846	22863	19162	24829
0:25:52	30.0	18072	18814	21366	20825	21892	22760	19021	24776
0:25:56	30.0	18151	18844	21287	20897	21882	22933	18979	24767
0:26:00	30.0	18172	18798	21396	20962	21875	22946	19092	24788
0:26:04	30.0	18187	18845	21383	20736	21808	23045	18973	24732
0:26:08	30.0	18123	18741	21296	20922	21884	22793	19056	24495
0:26:12	30.0	17978	18700	21424	21071	21846	22659	19072	24766
0:26:16	30.0	18019	18762	21284	20841	21865	22910	18978	24869
0:26:20	30.0	18153	18788	21513	20980	21723	22879	19131	24659
0:26:24	30.0	18062	18793	21261	20869	21989	22569	18982	24718
0:26:28	30.0	17980	18822	21281	20810	21983	22746	19060	24682
0:26:32	30.0	18128	18767	21547	20932	21854	22732	19104	24776
0:26:36	30.0	18048	18873	21326	21035	21600	22842	19167	24733
0:26:40	30.0	18023	18860	21363	20863	21875	23046	19094	24859
0:26:44	30.0	18021	18882	21278	20960	21794	22736	19093	24817
0:26:48	30.0	18092	18877	21381	20865	21974	22604	19050	24722
0:26:52	30.0	18055	18793	21505	20956	21820	23085	19060	24668
0:26:56	30.0	18002	18751	21279	21017	21924	22898	18982	24646
0:27:00	30.0	18118	18795	21481	20908	21799	22975	19068	24654
0:27:04	30.0	18036	18720	21330	21155	21906	22820	18967	24760
0:27:08	30.0	18036	18763	21436	20960	21906	22873	19024	24627
0:27:12	30.0	18150	18707	21293	20891	21910	22773	18996	24877
0:27:16	30.0	18082	18778	21453	20986	21831	22930	18880	24699
0:27:20	30.0	18122	18670	21405	20903	21822	22717	19026	24620
0:27:24	30.0	17994	18664	21362	21022	21735	22718	19018	24744
0:27:28	30.0	18098	18882	21498	20904	21955	22997	19130	24656
0:27:32	30.0	18036	18734	21389	20918	21871	22893	18968	24898
0:27:36	30.0	18040	18719	21334	20922	21726	22878	19057	24872
0:27:40	30.0	17896	18815	21333	20984	21751	22797	19104	24581
0:27:44	30.0	18096	18782	21297	20972	21644	22620	19124	24765
0:27:48	30.0	18021	18829	21457	21074	21835	22733	18864	24710
0:27:52	30.0	18090	18787	21478	20915	21803	22775	18847	24647
0:27:56	30.0	17979	18791	21381	21000	21839	22861	19161	24590
0:28:00	30.0	17906	18728	21340	20834	21634	22828	19063	24747
0:28:04	30.0	18031	18771	21254	20989	21905	22756	19143	24777
0:28:08	30.1	18009	18642	21252	20869	21858	22842	18820	24819
0:28:12	30.1	18039	18626	21520	20814	21787	22802	19001	24702
0:28:16	30.1	18043	18760	21305	20723	21835	22901	18993	24705
0:28:20	30.0	18133	18737	21332	20827	21823	22918	18959	24630
0:28:24	30.1	18061	18800	21299	20948	21726	22813	18994	24655
0:28:28	30.1	17936	18686	21356	20852	21705	22881	18873	24514
0:28:32	30.1	18173	18742	21317	20820	21937	22586	18928	24568
0:28:36	30.0	18061	18782	21309	20701	21879	22592	18897	24828
0:28:40	30.0	17990	18765	21241	20917	21665	22818	19021	24644
0:28:44	30.0	17967	18738	21435	20853	21830	22851	18943	24695
0:28:48	30.1	18118	18909	21354	20885	21797	22713	18961	24735
0:28:52	30.0	18069	18695	21408	20743	21605	22812	18943	24779
0:28:56	30.1	18015	18736	21376	20945	21870	22833	18896	24709
0:29:00	30.1	18076	18647	21225	20716	21713	22820	19045	24566
0:29:04	30.1	17946	18640	21265	20817	21831	22738	18929	24651
0:29:08	30.1	18007	18774	21400	20943	21662	22739	18813	24680
0:29:12	30.1	18044	18780	21375	20818	21868	22785	19086	24686
0:29:16	30.1	18055	18754	21291	20786	21937	22722	18946	24414
0:29:20	30.0	18023	18735	21241	20861	21777	22797	18929	24476
0:29:24	30.1	18012	18728	21354	21038	21860	22883	19027	24472
0:29:28	30.1	18140	18729	21195	20761	21871	22835	18943	24572
0:29:32	30.0	17993	18706	21308	20859	21775	22576	19046	24654
0:29:36	30.1	18067	18744	21376	20780	21653	22865	18905	24651
0:29:40	30.1	18026	18759	21376	20830	21712	22707	19077	24669
0:29:44	30.1	18035	18784	21322	20824	21712	22758	18837	24553
0:29:48	30.1	18023	18845	21444	20674	21642	22830	18970	24532
0:29:52	30.1	17956	18813	21186	20840	21794	22785	18857	24493
0:29:56	30.1	17957	18793	21209	21008	21922	22767	18948	24701
0:30:00	30.1	18012	18860	21283	20902	21753	22863	18945	24722
0:30:04	30.0	17918	18651	21386	20876	21617	22856	18730	24653
0:30:08	30.1	18060	18660	21321	20758	21759	22561	18996	24590
0:30:12	30.1	17976	18656	21351	20741	21767	22625	18864	24580
0:30:16	30.0	17939	18874	21258	20995	21788	22557	18986	24667
0:30:20	30.1	18052	18685	21261	20778	21668	22582	19008	24751
0:30:24	30.1	18035	18598	21103	20788	21674	22678	18994	24580
0:30:28	30.1	18007	18740	21410	20900	21847	22864	19026	24663
0:30:32	30.1	17992	18732	21455	20812	21867	22755	19007	24610
0:30:36	30.1	18041	18429	21251	20769	21850	22638	18859	24512
0:30:40	30.1	17940	18684	21205	20852	21724	22764	18981	24530
0:30:44	30.0	18050	18772	21281	20889	21754	22748	18870	24529
0:30:48	30.0	18092	18632	21097	20837	21759	22752	18888	24699
0:30:52	30.1	18066	18764	21303	20807	21751	22604	18884	24549
0:30:56	30.0	17994	18628	21365	20921	21696	22794	18970	24684
0:31:00	30.1	18041	18676	21411	20817	21689	22671	18800	24557
0:31:04	30.1	18036	18794	21182	20898	21699	22860	18861	24484
0:31:08	30.1	17957	18704	21359	20757	21780	22835	18894	24722
0:31:12	30.1	17941	18792	21286	20883	21726	22787	18838	24633
0:31:16	30.1	17945	18807	21312	20865	21742	22921	19005	24514
0:31:20	30.1	17978	18692	21192	20862	21694	22794	18893	24554
0:31:24	30.1	17924	18776	21257	20891	21625	22798	18924	24633
0:31:28	30.0	17934	18642	21396	20923	21641	22696	18835	24544
0:31:32	30.0	18068	18603	21385	20846	21680	22708	18764	24505
0:31:36	30.0	18068	18777	21263	20789	21647	22707	18839	24704
0:31:40	30.0	18022	18667	21311	20860	21990	22903	18972	24453
0:31:44	30.1	17862	18813	21192	20824	21754	22686	18978	24660
0:31:48	30.1	18009	18571	21323	20781	21752	22767	19008	24506
0:31:52	30.1	18019	18780	21133	20828	21896	22553	19000	24538
0:31:56	30.1	17994	18617	21341	20758	21828	22472	18907	24539
0:32:00	30.1	18116	18704	21312	21043	21751	22751	18800	24653
0:32:04	30.1	17891	18743	21291	20892	21704	22526	18884	24664
0:32:08	30.1	17958	18668	21136	20831	21774	22693	18779	24760
0:32:12	30.0	18045	18769	21196	20794	21814	22615	18941	24529
0:32:16	30.0	17940	18748	21253	20678	21882	22762	19041	24714
0:32:20	30.1	17787	18619	21199	20863	21621	22765	18869	24608
0:32:24	30.0	17933	18471	21234	20910	21812	22689	18888	24502
0:32:28	30.1	17982	18680	21228	20771	21682	22840	19010	24706
0:32:32	30.1	17947	18698	21259	20869	21646	22824	18876	24563
0:32:36	30.1	18088	18592	21193	20819	21726	22650	18925	24595
0:32:40	30.1	18085	18677	21110	21021	21961	22858	18952	24651
0:32:44	30.1	17946	18658	21266	20859	21692	22631	18934	24496
0:32:48	30.1	17983	18741	21326	20936	21757	22771	18912	24695
0:32:52	30.1	17936	18612	21280	20878	21702	22722	18873	24826
0:32:56	30.0	17925	18672	21114	20729	21703	22736	18957	24481
0:33:00	30.1	18041	18630	21252	20799	21746	22591	18915	24565
0:33:04	30.1	17988	18718	21151	20800	21841	22796	18871	24569
0:33:08	30.0	18059	18657	21113	20878	21694	22933	19035	24702
0:33:12	30.1	18035	18675	21239	20824	21627	22607	18915	24793
0:33:16	30.1	18007	18764	21478	20943	21840	22815	18669	24618
0:33:20	30.1	17952	18655	21319	20742	21719	22823	18816	24398
0:33:24	30.1	17961	18688	21237	20819	21654	22721	19037	24718
0:33:28	30.1	18041	18683	21214	20909	21585	22617	18908	24673
0:33:32	30.1	17902	18489	21256	20891	21717	22774	18958	24518
0:33:36	30.1	17951	18681	21431	20699	21586	22676	18992	24755
0:33:40	30.0	17934	18707	21155	20712	21657	22719	18988	24500
0:33:44	30.1	17923	18722	21167	20805	21928	22619	18830	24538
0:33:48	30.0	17967	18807	21273	20830	21528	22663	18987	24503
0:33:52	30.0	17911	18723	21218	20825	21659	22841	18925	24479
0:33:56	30.1	17955	18580	21222	20838	21624	22655	18847	24616
0:34:00	30.1	17855	18670	21232	20670	21625	22712	19010	24609
0:34:04	30.1	18064	18660	21191	20717	21837	22735	18925	24735
0:34:08	30.1	17965	18745	21389	20666	21793	22632	18771	24620
0:34:12	30.1	17965	18689	21257	20675	21836	22734	18807	24593
0:34:16	30.1	17968	18863	21296	20708	21795	22761	18878	24546
0:34:20	30.0	18043	18644	21179	20899	21626	22739	18957	24707
0:34:24	30.1	17899	18596	21105	20790	21474	22672	18900	24471
0:34:28	30.1	18094	18596	21313	20772	21756	22704	18775	24520
0:34:32	30.1	18061	18520	21251	20824	21783	22605	18953	24327
0:34:36	30.1	17964	18749	21095	20872	21714	22644	18915	24708
0:34:40	30.1	17912	18734	21203	20696	21633	22834	18900	24693
0:34:44	30.1	17914	18747	21268	20748	21782	22705	18857	24756
0:34:48	30.1	17909	18796	21339	20677	21543	22566	18772	24642
0:34:52	30.1	18025	18744	21102	20816	21747	22784	18848	24606
0:34:56	30.1	18062	18532	21087	20738	21827	22580	18963	24678
0:35:00	30.0	17994	18645	21353	20848	21619	22726	18800	24571
0:35:04	30.0	17957	18684	21198	20775	21698	22637	18833	24609
0:35:08	30.1	17951	18751	21137	20850	21679	22782	18893	24623
0:35:12	30.1	17853	18645	21232	20843	21764	22728	18814	24227
0:35:16	30.1	18010	18747	21270	20849	21721	22681	18827	24524
0:35:20	30.0	17936	18611	21169	20917	21617	22622	19023	24629
0:35:24	30.1	17939	18486	21218	20797	21946	22768	18923	24664
0:35:28	30.1	17887	18719	21413	20811	21707	22731	18961	24435
0:35:32	30.1	17877	18651	21182	20995	21752	22650	18839	24611
0:35:36	30.1	17935	18628	21069	20794	21652	22808	18871	24400
0:35:40	30.1	18035	18623	21334	20868	21608	22757	18895	24532
0:35:44	30.1	18046	18617	21118	20846	21724	22626	18918	24554
0:35:48	30.0	18014	18579	21170	20873	21629	22750	18725	24434
0:35:52	30.1	17905	18648	21296	20850	21654	22810	18881	24649
0:35:56	30.1	17914	18725	21247	20808	21708	22599	18945	24418
0:36:00	30.1	17998	18679	21278	20673	21723	22582	18937	24387
0:36:04	30.1	18082	18654	21322	20607	21646	22529	18918	24654
0:36:08	30.1	17979	18781	21188	20943	21718	22785	18856	24473
0:36:12	30.1	17987	18706	21285	20687	21550	22588	18957	24643
0:36:16	30.1	18035	18545	21155	20668	21702	22502	18917	24589
0:36:20	30.1	18050	18606	21193	20567	21729	22697	18815	24704
0:36:24	30.1	18017	18776	21273	20865	21715	22645	18899	24601
0:36:28	30.1	17939	18701	21248	20805	21651	22566	18793	24694
0:36:32	30.1	18040	18716	21298	20735	21629	22653	18875	24576
0:36:36	30.1	18006	18537	21209	20861	21701	22650	18883	24382
0:36:40	30.1	17971	18645	21328	20841	21600	22810	18928	24712
0:36:44	30.1	17891	18689	21307	20855	21807	22692	18762	24713
0:36:48	30.1	17925	18538	21302	20796	21663	22707	18790	24576
0:36:52	30.1	18111	18614	21363	20719	21741	22334	18967	24667
0:36:56	30.1	17887	18595	21224	20708	21514	22652	18834	24420
0:37:00	30.1	17766	18797	21183	20551	21631	22732	18929	24465
0:37:04	30.1	18025	18672	21337	20659	21735	22766	19018	24534
0:37:08	30.1	17981	18601	21247	20723	21825	22791	18890	24627
0:37:12	30.1	17941	18640	21257	20888	21732	22499	18909	24489
0:37:16	30.1	17953	18596	21187	20771	21612	22668	18782	24458
0:37:20	30.1	18022	18553	21469	20897	21848	22793	18953	24580
0:37:24	30.1	18117	18584	21226	20704	21751	22512	18759	24510
0:37:28	30.1	18001	18623	21150	20936	21592	22670	18895	24566
0:37:32	30.1	17950	18570	21323	20793	21624	22690	18914	24521
0:37:36	30.1	18043	18511	21272	20684	21776	22625	18798	24456
0:37:40	30.1	17996	18758	21257	20707	21734	22625	18868	24412
0:37:44	30.1	17953	18676	21244	20645	21598	22603	18870	24553
0:37:48	30.1	17941	18658	21254	20697	21626	22893	18926	24520
0:37:52	30.1	18032	18679	21206	20786	21672	22551	18819	24467
0:37:56	30.1	17919	18485	21211	20834	21691	22658	18838	24541
0:38:00	30.1	17949	18583	21235	20637	21607	22511	18791	24506
0:38:04	30.1	17984	18711	21217	20750	21512	22625	18757	24445
0:38:08	30.1	18017	18548	21197	20798	21544	22349	18803	24544
0:38:12	30.1	17833	18551	21110	20633	21559	22532	18819	24583
0:38:16	30.1	17847	18619	21246	20780	21632	22672	18755	24538
0:38:20	30.1	17895	18590	21248	20540	21627	22707	18802	24436
0:38:24	30.1	17885	18534	21172	20707	21540	22723	18775	24559
0:38:28	30.1	18014	18478	21182	20766	21563	22671	18766	24594
0:38:32	30.1	17944	18517	21190	20772	21638	22689	18987	24247
0:38:36	30.1	17913	18677	21099	20532	21616	22702	18679	24422
0:38:40	30.1	17870	18602	21057	20742	21648	22727	18838	24383
0:38:44	30.1	17930	18641	21128	20773	21580	22668	18841	24549
0:38:48	30.1	17780	18480	21212	20720	21620	22582	18765	24533
0:38:52	30.1	17951	18637	21057	20878	21559	22420	18791	24428
0:38:56	30.1	17822	18475	21262	20717	21745	22546	18643	24569
0:39:00	30.1	17834	18666	21136	20793	21658	22594	18853	24486
0:39:04	30.1	17901	18612	20968	20609	21713	22661	18846	24480
0:39:08	30.1	17907	18510	21063	20703	21534	22654	18831	24485
0:39:12	30.1	17801	18605	21092	20593	21451	22644	18813	24349
0:39:16	30.1	17916	18483	21150	20586	21688	22565	18792	24599
0:39:20	30.1	17869	18515	21161	20682	21439	22731	18650	24543
0:39:24	30.1	17927	18550	21177	20810	21466	22599	18646	24452
0:39:28	30.1	17981	18459	21114	20797	21656	22483	18701	24381
0:39:32	30.1	17859	18561	21155	20676	21647	22660	18677	24466
0:39:36	30.1	17769	18476	21226	20820	21617	22574	18912	24418
0:39:40	30.1	18003	18532	21151	20764	21602	22516	18707	24457
0:39:44	30.1	17965	18480	21149	20716	21618	22417	18728	24534
0:39:48	30.1	18026	18528	21131	20760	21513	22507	18705	24487
0:39:52	30.1	17835	18510	21039	20535	21451	22461	18734	24358
0:39:56	30.1	17902	18655	20976	20632	21363	22515	18771	24469
0:40:00	30.1	17865	18466	20821	20657	21690	22634	18687	24467
0:40:04	30.1	17918	18448	21028	20664	21638	22476	18580	24405
0:40:08	30.1	17842	18383	21202	20604	21517	22582	18786	24373
0:40:12	30.1	17784	18393	21049	20751	21548	22428	18858	24239
0:40:16	30.1	17859	18370	21110	20591	21529	22563	18769	24389
0:40:20	30.1	17885	18597	21111	20584	21588	22596	18828	24283
0:40:24	30.1	17839	18608	21177	20427	21426	22497	18757	24566
0:40:28	30.1	17970	18618	21265	20745	21556	22668	18837	24252
0:40:32	30.1	17921	18568	20998	20689	21482	22646	18761	24517
0:40:36	30.1	17763	18404	21031	20581	21496	22492	18668	24420
0:40:40	30.1	17975	18591	21106	20609	21532	22588	18861	24386
0:40:44	30.1	17754	18515	21057	20579	21493	22548	18599	24373
0:40:48	30.1	17910	18527	21063	20492	21588	22496	18691	24474
0:40:52	30.1	18009	18498	21196	20634	21730	22478	18702	24146
0:40:56	30.1	17947	18560	20974	20723	21461	22653	18644	24533
0:41:00	30.1	17865	18542	21139	20717	21565	22560	18764	24511
0:41:04	30.1	17973	18560	21234	20699	21592	22680	18756	24515
0:41:08	30.1	17775	18644	21146	20509	21523	22642	18725	24261
0:41:12	30.1	17760	18483	21225	20622	21503	22483	18690	24327
0:41:16	30.1	17808	18480	21050	20618	21562	22523	18714	24577
0:41:20	30.1	17815	18578	21058	20520	21731	22497	18728	24486
0:41:24	30.1	17701	18631	21049	20694	21510	22555	18762	24389
0:41:28	30.1	17753	18522	21151	20725	21221	22707	18728	24426
0:41:32	30.1	17807	18680	21045	20636	21576	22431	18796	24568
0:41:36	30.1	17687	18573	21066	20600	21621	22471	18888	24317
0:41:40	30.1	17879	18556	21116	20833	21523	22559	18712	24353
0:41:44	30.1	17912	18461	21018	20530	21546	22651	18756	24443
0:41:48	30.1	17842	18458	20820	20727	21401	22488	18770	24403
0:41:52	30.1	18038	18556	21183	20643	21514	22339	18717	24492
0:41:56	30.1	17823	18481	21031	20716	21585	22518	18824	24530
0:42:00	30.1	17842	18516	20998	20777	21403	22510	18646	24609
0:42:04	30.1	17907	18482	21190	20572	21519	22548	18673	24542
0:42:08	30.1	17902	18518	20923	20580	21481	22506	18604	24304
0:42:12	30.1	17898	18432	21015	20698	21508	22494	18769	24241
0:42:16	30.1	18032	18550	21053	20655	21577	22600	18799	24527
0:42:20	30.1	17823	18625	21018	20541	21490	22589	18643	24431
0:42:24	30.1	17931	18568	20980	20492	21697	22520	18732	24438
0:42:28	30.1	17861	18400	21126	20707	21549	22573	18696	24414
0:42:32	30.1	17918	18447	21078	20604	21606	22538	18686	24419
0:42:36	30.1	17862	18260	21106	20700	21642	22400	18759	24267
0:42:40	30.1	17638	18545	21074	20630	21517	22576	18727	24244
0:42:44	30.1	17918	18490	21055	20479	21407	22615	18724	24571
0:42:48	30.1	17796	18374	20873	20556	21639	22582	18821	24237
0:42:52	30.1	17864	18545	21145	20523	21640	22662	18666	24242
0:42:56	30.1	17886	18444	21159	20732	21391	22413	18744	24232
0:43:00	30.1	17808	18416	21069	20531	21619	22440	18652	24361
0:43:04	30.1	17941	18558	20923	20616	21346	22558	18670	24489
0:43:08	30.1	17670	18494	20907	20508	21501	22358	18701	24482
0:43:12	30.1	17699	18556	20984	20696	21571	22450	18575	24447
0:43:16	30.1	17855	18498	20963	20648	21659	22404	18707	24238
0:43:20	30.1	17657	18495	21172	20693	21561	22500	18721	24373
0:43:24	30.1	17892	18434	21066	20469	21435	22442	18812	24503
0:43:28	30.1	17905	18428	21088	20493	21553	22450	18726	24357
0:43:32	30.1	17910	18433	20949	20719	21609	22525	18748	24300
0:43:36	30.1	17796	18505	20883	20756	21412	22616	18796	24305
0:43:40	30.1	17805	18526	20951	20500	21508	22519	18749	24353
0:43:44	30.1	17919	18532	21102	20571	21444	22633	18699	24290
0:43:48	30.1	17926	18577	20968	20715	21370	22559	18572	24428
0:43:52	30.1	17817	18471	21152	20567	21512	22593	18508	24397
0:43:56	30.1	17840	18423	21045	20596	21610	22561	18754	24304
0:44:00	30.1	17672	18365	20800	20667	21593	22535	18823	24373
0:44:04	30.1	17790	18446	20995	20687	21461	22434	18680	24441
0:44:08	30.1	17825	18500	20877	20445	21532	22471	18722	24327
0:44:12	30.1	17832	18463	20893	20554	21620	22365	18848	24295
0:44:16	30.1	17752	18505	20978	20582	21374	22590	18756	24449
0:44:20	30.1	17681	18509	20988	20438	21390	22329	18674	24345
0:44:24	30.1	17780	18551	21039	20812	21465	22525	18814	24298
0:44:28	30.1	17832	18323	21143	20591	21363	22413	18693	24235
0:44:32	30.1	17758	18527	21018	20764	21575	22504	18732	24370
0:44:36	30.1	17793	18433	21013	20624	21231	22447	18584	24518
0:44:40	30.1	17771	18458	21167	20632	21579	22639	18688	24261
0:44:44	30.1	17791	18367	21035	20644	21549	22307	18847	24327
0:44:48	30.1	17798	18346	21042	20595	21546	22493	18757	24314
0:44:52	30.1	17749	18420	20911	20572	21450	22526	18693	24341
0:44:56	30.1	17850	18400	21048	20311	21391	22332	18664	24282
0:45:00	30.1	17828	18496	21109	20565	21578	22480	18760	24164

Results
	1	2	3	4	5	6	7	8	9	10	11	12
A	5550000.000	5445000.000	6180000.000	5745000.000	9225000.000	7275000.000	5985000.000	-7410000.000					Max V [425,457]
	1.000	1.000	1.000	1.000	1.000	1.000	1.000	1.000					R-Squared [425,457]
	0:17:38	0:04:50	0:03:30	0:24:34	0:01:26	0:14:06	0:00:54	0:10:18					t at Max V [425,457]
	0:15:28	0:02:32	0:01:57	0:22:20	0:00:54	0:11:47	0:00:21	0:12:45					Lagtime [425,457]
B													Max V [425,457]
													R-Squared [425,457]
													t at Max V [425,457]
													Lagtime [425,457]
C													Max V [425,457]
													R-Squared [425,457]
													t at Max V [425,457]
													Lagtime [425,457]
D													Max V [425,457]
													R-Squared [425,457]
													t at Max V [425,457]
													Lagtime [425,457]
E													Max V [425,457]
													R-Squared [425,457]
													t at Max V [425,457]
													Lagtime [425,457]
F													Max V [425,457]
													R-Squared [425,457]
													t at Max V [425,457]
													Lagtime [425,457]
G													Max V [425,457]
													R-Squared [425,457]
													t at Max V [425,457]
													Lagtime [425,457]
H													Max V [425,457]
													R-Squared [425,457]
													t at Max V [425,457]
													Lagtime [425,457]

