

Software Version	3.03.14



Experiment File Path:	C:\Users\Public\Documents\Experiments\Tina\20190117_GAP_assay8.xpt
Protocol File Path:	C:\Users\Public\Documents\Protocols\Tina\GAP_sensor_assay.prt



Plate Number	Plate 1
Date	1/17/2019
Time	2:35:51 PM
Reader Type:	Synergy H1
Reader Serial Number:	1803011C
Reading Type	Reader

Procedure Details

Plate Type	Costar 96 well half area
Set Temperature	Setpoint 30°C
Start Kinetic	Runtime 0:45:00 (HH:MM:SS), Interval 0:00:05, 541 Reads
    Read	Fluorescence Endpoint
	G1..G12
	Filter Set 1
	    Excitation: 425,  Emission: 457
	    Optics: Bottom,  Gain: 57
	Light Source: Xenon Flash,  Lamp Energy: High
	Read Speed: Normal,  Delay: 0 msec,  Measurements/Data Point: 5
	Read Height: 7 mm
End Kinetic	

Layout
	1	2	3	4	5	6	7	8	9	10	11	12
A													Well ID
B													Well ID
C													Well ID
D													Well ID
E													Well ID
F													Well ID
G	SPL1	SPL2	SPL3	SPL4	SPL5	SPL6	SPL7	SPL8	SPL9	SPL10	SPL11	SPL12	Well ID
H													Well ID

425,457

Time	T° 425,457	G1	G2	G3	G4	G5	G6	G7	G8	G9	G10	G11	G12
0:00:00	30.0	7732	5499	6237	4345	4464	4096	5260	7727	7961	8040	7864	8233
0:00:05	30.0	7786	5723	6402	4684	4698	4360	5507	7878	8038	8205	8019	8319
0:00:10	30.0	7969	5890	6566	4974	4948	4661	5725	7979	8160	8377	8182	8475
0:00:15	30.0	7968	6169	6764	5230	5277	4921	5966	8099	8254	8473	8284	8538
0:00:20	30.0	8081	6389	6827	5522	5572	5210	6123	8198	8304	8522	8396	8768
0:00:25	30.0	8097	6596	6998	5754	5852	5438	6389	8183	8463	8656	8504	8802
0:00:30	30.0	8250	6744	7131	6055	6148	5652	6563	8326	8519	8759	8654	8889
0:00:35	30.0	8276	6941	7213	6299	6370	5908	6736	8365	8578	8763	8721	8987
0:00:40	30.0	8338	7111	7362	6528	6647	6174	7052	8475	8695	8955	8781	9166
0:00:45	30.0	8373	7260	7458	6756	6860	6387	7163	8536	8745	9067	8946	9254
0:00:50	30.0	8436	7458	7691	6963	7015	6600	7410	8716	8848	9095	9096	9459
0:00:55	30.0	8538	7603	7808	7198	7342	6836	7585	8717	8984	9229	9226	9590
0:01:00	30.0	8529	7805	7879	7467	7563	7069	7799	8794	8982	9265	9227	9654
0:01:05	30.0	8544	7936	8019	7686	7792	7292	7944	8894	9040	9425	9442	9801
0:01:10	30.0	8579	8030	8072	7862	8023	7500	8203	8970	9127	9434	9562	9879
0:01:15	30.0	8665	8089	8235	8073	8263	7680	8329	9093	9277	9689	9691	9946
0:01:20	30.0	8589	8223	8309	8286	8500	7802	8651	9183	9328	9762	9841	10158
0:01:25	30.0	8702	8381	8418	8393	8674	8059	8821	9169	9415	9735	10035	10238
0:01:30	30.0	8657	8456	8530	8500	8922	8211	9062	9351	9400	9886	10007	10356
0:01:35	30.0	8729	8500	8663	8705	8984	8375	9231	9384	9576	9971	10323	10425
0:01:40	30.0	8694	8555	8768	8769	9383	8487	9442	9533	9663	10176	10328	10592
0:01:45	30.0	8768	8631	8861	9083	9428	8711	9607	9599	9723	10247	10447	10665
0:01:50	30.0	8668	8785	8961	9092	9615	8789	9728	9604	9849	10404	10530	10934
0:01:55	30.0	8760	8741	9021	9158	9791	8917	9881	9740	9935	10406	10651	11112
0:02:00	30.0	8748	8845	9111	9262	9795	9130	10166	9809	10109	10561	10825	11147
0:02:05	30.0	8729	8784	9215	9334	9922	9270	10293	9872	10020	10689	10933	11241
0:02:10	30.0	8742	8873	9301	9415	10200	9333	10483	9900	10130	10602	11072	11389
0:02:15	30.0	8716	8845	9220	9409	10194	9446	10596	10023	10173	10764	11118	11671
0:02:20	30.0	8726	8910	9331	9526	10280	9588	10810	10083	10288	10915	11272	11679
0:02:25	30.0	8807	8914	9450	9523	10256	9660	10930	10118	10454	10930	11400	11747
0:02:30	30.0	8734	8963	9410	9568	10459	9709	11016	10160	10421	11082	11466	11917
0:02:35	30.0	8718	8892	9530	9580	10470	9761	11219	10384	10610	11197	11653	12002
0:02:40	30.0	8786	8906	9519	9680	10520	9814	11319	10434	10602	11252	11735	12060
0:02:45	30.1	8746	8929	9520	9684	10527	9907	11483	10488	10713	11255	11785	12313
0:02:50	30.0	8707	8926	9644	9678	10595	9883	11541	10559	10738	11324	12007	12375
0:02:55	30.0	8764	8837	9598	9626	10646	10019	11632	10605	10852	11482	12129	12517
0:03:00	30.0	8815	8915	9544	9701	10663	9985	11743	10668	10906	11437	12084	12626
0:03:05	30.0	8744	8910	9684	9722	10676	9988	11946	10675	10945	11661	12227	12675
0:03:10	30.0	8782	8900	9621	9715	10610	10105	11990	10804	10959	11684	12322	12709
0:03:15	30.0	8819	8871	9679	9725	10615	10016	12058	10800	11154	11638	12475	12969
0:03:20	30.0	8765	8901	9633	9721	10670	10049	12143	10892	11141	11657	12542	13096
0:03:25	30.0	8763	8847	9637	9648	10681	10074	12120	10861	11135	11799	12754	13113
0:03:30	30.0	8779	8862	9656	9720	10750	10011	12184	11107	11339	11795	12707	13310
0:03:35	30.0	8740	8865	9610	9624	10719	10071	12173	11082	11240	11826	12971	13352
0:03:40	30.0	8747	8834	9658	9630	10727	10141	12157	11056	11257	11836	13025	13357
0:03:45	30.0	8703	8942	9627	9722	10703	10059	12245	11162	11360	11986	13020	13540
0:03:50	30.0	8720	8762	9684	9657	10694	10131	12311	11213	11389	11812	13165	13648
0:03:55	30.0	8760	8815	9573	9669	10777	10101	12293	11088	11352	11895	13220	13706
0:04:00	30.0	8727	8852	9589	9693	10613	10095	12355	11215	11412	11934	13278	13819
0:04:05	30.0	8735	8803	9653	9652	10719	10112	12313	11151	11487	11954	13367	13868
0:04:10	30.0	8796	8733	9654	9642	10742	10069	12310	11256	11470	11845	13358	13924
0:04:15	30.0	8813	8898	9626	9690	10716	10087	12384	11161	11554	11882	13421	13881
0:04:20	30.0	8754	8764	9515	9660	10713	9989	12304	11266	11461	11836	13651	14033
0:04:25	30.0	8794	8827	9625	9678	10753	10010	12288	11243	11488	12039	13594	14049
0:04:30	30.0	8813	8756	9631	9598	10784	10029	12331	11175	11458	11997	13623	14056
0:04:35	30.1	8745	8764	9582	9584	10744	9897	12445	11192	11404	11987	13685	14102
0:04:40	30.0	8711	8786	9605	9645	10772	10025	12300	11279	11495	11964	13827	14197
0:04:45	30.0	8636	8788	9536	9611	10758	10092	12366	11272	11609	11888	13664	14136
0:04:50	30.0	8788	8718	9617	9586	10603	9977	12360	11229	11471	12021	13659	14076
0:04:55	30.0	8839	8730	9600	9617	10716	10049	12193	11262	11521	11804	13832	14131
0:05:00	30.0	8791	8695	9616	9520	10649	10001	12349	11257	11489	11968	13711	14034
0:05:05	30.0	8724	8734	9519	9524	10727	10021	12317	11229	11494	11935	13892	14132
0:05:10	30.0	8689	8646	9439	9523	10601	10027	12328	11292	11454	11933	13849	14062
0:05:15	30.0	8763	8665	9555	9584	10711	10037	12305	11211	11519	11936	13777	14174
0:05:20	30.0	8724	8722	9554	9503	10683	9907	12358	11260	11456	12008	13704	14118
0:05:25	30.0	8711	8760	9552	9508	10686	10087	12304	11326	11541	11991	13804	13993
0:05:30	30.0	8710	8644	9478	9551	10684	9954	12348	11269	11452	11926	13915	14132
0:05:35	30.0	8736	8742	9562	9543	10679	10024	12344	11221	11595	11942	13784	14129
0:05:40	30.0	8683	8698	9566	9481	10597	9984	12315	11251	11529	11924	13753	14159
0:05:45	30.0	8832	8705	9461	9435	10692	9948	12313	11169	11387	11931	13851	14130
0:05:50	30.0	8753	8715	9432	9472	10615	9972	12276	11287	11561	11928	13867	14100
0:05:55	30.0	8694	8669	9512	9513	10627	9967	12334	11143	11423	11840	13696	14099
0:06:00	30.0	8717	8730	9567	9453	10557	10006	12233	11321	11399	11881	13805	14187
0:06:05	30.0	8712	8702	9502	9504	10561	9876	12259	11370	11500	11924	13746	14040
0:06:10	30.0	8708	8623	9503	9437	10550	9968	12374	11167	11398	11925	13854	13997
0:06:15	30.0	8725	8688	9473	9394	10629	9888	12098	11157	11401	11855	13772	14218
0:06:20	30.0	8728	8735	9509	9427	10599	9966	12263	11238	11420	11885	13780	14032
0:06:25	30.0	8739	8659	9458	9456	10529	9877	12235	11214	11464	11867	13826	14082
0:06:30	30.0	8740	8670	9391	9433	10587	9917	12176	11183	11429	11903	13780	14004
0:06:35	30.0	8697	8700	9440	9423	10425	9868	12229	11119	11395	11769	13787	14074
0:06:40	30.0	8668	8718	9451	9411	10543	9972	12125	11156	11426	11882	13718	14064
0:06:45	30.0	8683	8665	9422	9368	10533	9841	12297	11162	11450	11813	13663	14080
0:06:50	30.0	8677	8608	9454	9360	10502	9805	12336	11289	11384	11829	13852	14071
0:06:55	30.0	8763	8650	9417	9339	10543	9846	12225	11234	11419	11960	13710	14125
0:07:00	30.0	8681	8717	9483	9380	10475	9776	12196	11286	11433	11876	13704	14057
0:07:05	30.0	8693	8682	9439	9368	10494	9849	12178	11082	11432	11960	13775	14083
0:07:10	30.0	8739	8688	9390	9319	10503	9851	12167	11164	11503	11948	13690	14078
0:07:15	30.0	8619	8623	9455	9320	10556	9787	12115	11171	11348	11862	13692	14098
0:07:20	30.0	8750	8689	9431	9430	10448	9851	12221	11197	11347	11859	13746	14105
0:07:25	30.0	8760	8591	9413	9315	10553	9757	12092	11171	11446	11935	13781	13985
0:07:30	30.0	8705	8656	9422	9326	10487	9795	12107	11232	11440	11869	13706	14001
0:07:35	30.0	8737	8632	9366	9331	10405	9830	12197	11199	11410	11836	13776	14001
0:07:40	30.0	8717	8604	9417	9336	10490	9766	12115	11196	11400	11886	13700	14065
0:07:45	30.0	8695	8582	9368	9345	10459	9799	12204	11191	11407	11782	13718	14034
0:07:50	30.0	8752	8597	9425	9359	10394	9762	12171	11267	11386	11901	13781	13956
0:07:55	30.0	8722	8606	9389	9288	10409	9811	12186	11076	11373	11782	13709	13944
0:08:00	30.0	8685	8611	9329	9351	10418	9721	12230	11248	11317	11815	13771	14036
0:08:05	30.0	8689	8619	9376	9345	10331	9807	12108	11201	11457	11871	13725	14058
0:08:10	30.0	8698	8611	9430	9326	10338	9764	12166	11140	11318	11853	13551	13967
0:08:15	30.0	8742	8600	9409	9379	10317	9761	12129	11136	11456	11861	13683	13986
0:08:20	30.0	8752	8648	9400	9322	10333	9719	12150	11154	11435	11870	13572	13991
0:08:25	30.0	8670	8601	9341	9285	10294	9737	12143	11190	11380	11830	13731	13930
0:08:30	30.0	8675	8548	9407	9276	10304	9722	12073	11191	11358	11880	13644	13994
0:08:35	30.0	8722	8599	9339	9245	10263	9786	12046	11216	11410	11776	13695	13986
0:08:40	30.0	8735	8600	9377	9258	10249	9757	12153	11189	11485	11892	13681	14071
0:08:45	30.0	8698	8526	9458	9287	10318	9738	12173	11251	11279	11795	13641	14088
0:08:50	30.0	8714	8523	9349	9367	10379	9795	11975	11163	11361	11822	13761	14056
0:08:55	30.0	8724	8526	9259	9220	10314	9792	12076	11210	11472	11830	13626	13993
0:09:00	30.0	8702	8613	9362	9288	10251	9700	12095	11073	11368	11796	13760	13966
0:09:05	30.0	8667	8626	9336	9325	10423	9690	11967	11155	11381	11798	13761	13958
0:09:10	30.0	8708	8658	9335	9228	10262	9676	12173	11225	11417	11855	13655	14028
0:09:15	30.0	8710	8607	9420	9225	10268	9719	12035	11138	11309	11765	13759	14003
0:09:20	30.0	8678	8636	9359	9313	10180	9632	12065	11223	11386	11822	13567	13962
0:09:25	30.0	8730	8572	9330	9193	10266	9703	12000	11132	11299	11785	13609	14008
0:09:30	30.0	8696	8606	9255	9222	10200	9733	12082	11102	11332	11779	13611	13992
0:09:35	30.0	8733	8533	9392	9228	10285	9667	11981	11178	11379	11842	13661	13979
0:09:40	30.0	8648	8554	9413	9265	10166	9774	12002	11140	11433	11762	13624	13978
0:09:45	30.0	8726	8655	9355	9248	10220	9649	11979	11141	11372	11847	13600	13865
0:09:50	30.0	8714	8557	9343	9184	10183	9707	12050	11051	11417	11771	13637	13870
0:09:55	30.0	8695	8492	9322	9170	10268	9689	12026	11207	11328	11792	13598	13930
0:10:00	30.0	8641	8498	9388	9216	10186	9676	12042	11127	11371	11791	13613	14022
0:10:05	30.0	8704	8544	9276	9210	10219	9595	12042	11157	11448	11780	13521	13875
0:10:10	30.0	8711	8546	9390	9256	10219	9648	12046	11118	11386	11761	13547	13929
0:10:15	30.0	8701	8590	9270	9128	10164	9632	12006	11190	11394	11724	13569	14010
0:10:20	30.0	8688	8509	9360	9205	10136	9666	11950	11135	11422	11808	13584	13935
0:10:25	30.0	8670	8595	9320	9202	10141	9648	12053	11052	11378	11765	13485	13869
0:10:30	30.0	8720	8498	9314	9118	10162	9711	11978	11100	11396	11697	13583	13909
0:10:35	30.0	8687	8475	9291	9244	10205	9624	11971	11157	11310	11722	13627	13941
0:10:40	30.0	8736	8525	9259	9192	10230	9617	11898	11117	11400	11781	13589	13938
0:10:45	30.0	8671	8583	9301	9227	10128	9626	11951	11080	11309	11780	13604	13813
0:10:50	30.0	8677	8521	9284	9203	10177	9524	11980	11137	11335	11820	13672	13926
0:10:55	30.0	8736	8569	9285	9169	10216	9614	11981	11149	11312	11789	13748	13882
0:11:00	30.0	8663	8591	9324	9192	10162	9636	12002	11042	11383	11768	13494	14047
0:11:05	30.0	8672	8558	9244	9192	10216	9587	11964	11140	11353	11729	13624	13898
0:11:10	30.0	8664	8534	9320	9128	10197	9578	11899	11056	11293	11697	13479	13873
0:11:15	30.0	8701	8520	9347	9253	10143	9573	11924	11145	11339	11781	13630	13876
0:11:20	30.0	8741	8521	9296	9226	10154	9673	11854	11071	11322	11752	13550	13893
0:11:25	30.0	8645	8550	9393	9211	10142	9561	11925	11181	11294	11817	13515	13829
0:11:30	30.0	8661	8510	9413	9135	10140	9611	11809	11172	11305	11848	13653	13858
0:11:35	30.0	8695	8534	9275	9160	10094	9591	11925	11078	11357	11740	13578	13842
0:11:40	30.0	8684	8552	9346	9155	10096	9575	11914	11127	11305	11735	13628	13906
0:11:45	30.0	8624	8579	9272	9079	10051	9631	11959	11196	11272	11740	13528	13851
0:11:50	30.0	8647	8505	9375	9115	10197	9552	11889	11117	11358	11677	13614	13955
0:11:55	30.0	8674	8505	9353	9127	10177	9634	11957	11177	11340	11793	13662	13991
0:12:00	30.0	8702	8547	9350	9148	10086	9594	11928	11113	11290	11706	13531	13883
0:12:05	30.0	8670	8485	9280	9149	10155	9542	11881	11145	11269	11733	13580	13780
0:12:10	30.0	8671	8476	9205	9188	10077	9537	11914	11089	11349	11721	13584	13908
0:12:15	30.0	8802	8515	9279	9147	10089	9517	11939	11166	11354	11638	13616	13859
0:12:20	30.0	8647	8500	9255	9115	10122	9542	11980	11103	11262	11748	13515	13798
0:12:25	30.0	8727	8482	9294	9086	10139	9588	11937	11106	11276	11758	13458	13863
0:12:30	30.0	8639	8457	9260	9142	10107	9490	11889	10978	11252	11720	13622	13910
0:12:35	30.0	8717	8413	9321	9105	9986	9559	11946	11121	11224	11766	13550	13743
0:12:40	30.0	8579	8448	9260	9041	10081	9480	11857	11121	11260	11774	13512	13837
0:12:45	30.0	8733	8491	9229	9132	10028	9518	11880	11085	11259	11753	13532	13864
0:12:50	30.0	8720	8493	9350	9083	10047	9551	11794	11087	11350	11690	13595	13800
0:12:55	30.0	8663	8508	9319	9067	10039	9551	11934	11027	11249	11694	13488	13904
0:13:00	30.0	8667	8411	9182	9074	10078	9483	11775	11176	11332	11672	13530	13889
0:13:05	30.0	8653	8530	9314	9078	10027	9479	11889	11134	11362	11728	13571	13778
0:13:10	30.0	8654	8528	9240	9057	10065	9530	11884	11092	11300	11759	13501	13816
0:13:15	30.0	8654	8414	9251	9126	10050	9513	11804	11116	11325	11729	13529	13920
0:13:20	30.0	8607	8464	9293	9032	10073	9547	11968	11146	11352	11673	13495	13865
0:13:25	30.0	8682	8420	9272	9088	9970	9512	11832	11075	11203	11658	13564	13814
0:13:30	30.0	8661	8473	9277	9055	10083	9555	11905	11091	11282	11757	13582	13890
0:13:35	30.0	8650	8576	9228	9109	10076	9478	11843	11087	11311	11722	13499	13763
0:13:40	30.0	8723	8432	9286	9110	10052	9508	11882	11100	11259	11705	13477	13827
0:13:45	30.0	8661	8356	9287	9139	9997	9471	11808	11035	11306	11678	13463	13795
0:13:50	30.0	8686	8506	9249	9087	10061	9533	11907	11022	11227	11701	13551	13832
0:13:55	30.0	8747	8447	9392	9071	10005	9504	11847	10952	11242	11716	13542	13744
0:14:00	30.0	8719	8479	9256	9055	9971	9522	11843	11067	11257	11739	13410	13892
0:14:05	30.0	8693	8508	9301	9105	10054	9392	11777	10996	11285	11705	13488	13917
0:14:10	30.0	8754	8456	9297	9101	10038	9473	11866	11071	11306	11693	13585	13767
0:14:15	30.0	8727	8485	9269	9009	10039	9441	11771	10978	11340	11688	13589	13826
0:14:20	30.0	8670	8424	9263	9109	9986	9457	11706	11101	11221	11691	13563	13812
0:14:25	30.0	8694	8476	9232	9034	10060	9491	11859	11069	11376	11749	13448	13753
0:14:30	30.0	8714	8395	9231	9080	10019	9541	11824	11128	11203	11640	13517	13798
0:14:35	30.0	8631	8442	9189	9041	10015	9400	11848	11063	11295	11711	13480	13682
0:14:40	30.0	8673	8494	9211	9049	9951	9548	11766	11075	11274	11633	13410	13858
0:14:45	30.0	8608	8408	9266	9022	10078	9472	11844	11085	11212	11645	13432	13816
0:14:50	30.0	8658	8377	9189	8997	10004	9486	11823	10964	11213	11679	13519	13849
0:14:55	30.0	8721	8426	9214	9012	9967	9452	11747	11068	11250	11667	13420	13809
0:15:00	30.0	8650	8432	9229	9005	9997	9417	11820	11088	11256	11771	13410	13877
0:15:05	30.0	8659	8474	9198	9038	10009	9489	11873	11093	11234	11676	13482	13821
0:15:10	30.0	8645	8481	9291	9063	10002	9468	11829	11033	11268	11697	13397	13757
0:15:15	30.0	8669	8460	9198	9019	9976	9543	11795	11022	11242	11727	13477	13774
0:15:20	30.0	8673	8473	9259	9055	10041	9430	11807	10969	11279	11692	13447	13670
0:15:25	30.0	8633	8469	9191	9050	10018	9457	11802	10986	11242	11604	13324	13833
0:15:30	30.0	8692	8440	9215	8987	9985	9452	11748	11050	11337	11666	13461	13782
0:15:35	30.0	8657	8391	9243	9069	9977	9421	11728	10926	11282	11658	13262	13736
0:15:40	30.0	8680	8459	9175	9045	9884	9518	11719	11081	11243	11673	13439	13777
0:15:45	30.0	8642	8440	9217	9039	9984	9459	11803	10961	11282	11664	13407	13717
0:15:50	30.0	8631	8404	9245	9027	9989	9387	11791	11069	11197	11628	13402	13770
0:15:55	30.0	8685	8485	9294	9036	9963	9390	11775	11080	11231	11606	13408	13766
0:16:00	30.0	8690	8453	9212	9029	9957	9483	11752	10998	11209	11600	13396	13781
0:16:05	30.0	8631	8411	9175	8967	9987	9387	11680	11086	11255	11613	13468	13737
0:16:10	30.0	8581	8411	9196	9026	9996	9381	11701	11111	11206	11604	13426	13758
0:16:15	30.0	8639	8437	9275	9024	9937	9479	11772	11037	11202	11596	13431	13745
0:16:20	30.0	8685	8456	9290	8996	9922	9433	11725	10886	11237	11678	13314	13738
0:16:25	30.0	8665	8405	9253	8972	9975	9460	11860	11086	11202	11664	13453	13770
0:16:30	30.0	8588	8398	9167	8894	10044	9392	11711	11060	11345	11684	13465	13664
0:16:35	30.0	8602	8382	9242	9052	9969	9409	11757	11068	11215	11634	13440	13665
0:16:40	30.0	8623	8390	9229	8939	9922	9427	11774	11003	11241	11600	13502	13764
0:16:45	30.0	8619	8338	9169	9014	9933	9461	11624	11069	11245	11698	13409	13746
0:16:50	30.0	8631	8427	9227	9002	9946	9432	11721	10966	11173	11709	13411	13794
0:16:55	30.0	8630	8419	9272	9076	9981	9430	11711	10997	11280	11614	13494	13736
0:17:00	30.0	8675	8392	9207	8973	9965	9412	11738	11071	11245	11670	13427	13692
0:17:05	30.0	8645	8420	9264	9005	9947	9414	11719	10946	11248	11666	13414	13707
0:17:10	30.0	8655	8425	9239	8978	9958	9451	11760	11017	11275	11719	13355	13732
0:17:15	30.0	8670	8409	9295	9027	9933	9402	11758	11003	11182	11701	13390	13793
0:17:20	30.0	8645	8386	9232	9085	9942	9419	11756	11041	11206	11590	13450	13819
0:17:25	30.0	8641	8434	9142	8985	10013	9361	11710	11107	11239	11590	13392	13741
0:17:30	30.1	8667	8403	9195	9027	9991	9384	11668	10918	11156	11749	13441	13703
0:17:35	30.0	8642	8409	9179	8896	9944	9371	11692	11083	11222	11628	13523	13773
0:17:40	30.0	8519	8327	9219	9004	9982	9395	11665	10959	11234	11635	13442	13679
0:17:45	30.0	8651	8328	9128	8983	9966	9372	11753	11118	11213	11612	13374	13788
0:17:50	30.0	8568	8313	9128	8989	9956	9404	11630	11050	11276	11705	13379	13757
0:17:55	30.0	8670	8411	9217	8975	9888	9405	11661	11059	11206	11592	13390	13724
0:18:00	30.0	8599	8418	9167	8950	9884	9392	11773	10958	11225	11658	13387	13769
0:18:05	30.0	8638	8424	9200	9006	9908	9367	11724	10983	11265	11661	13485	13758
0:18:10	30.0	8616	8381	9183	8914	9989	9328	11747	10922	11226	11599	13361	13755
0:18:15	30.0	8479	8385	9226	8968	9939	9374	11718	11058	11234	11643	13338	13704
0:18:20	30.0	8643	8351	9211	8983	9901	9309	11770	11031	11276	11640	13259	13807
0:18:25	30.0	8620	8430	9194	8997	9854	9374	11663	10929	11143	11604	13461	13713
0:18:30	30.0	8655	8430	9173	8956	9930	9337	11687	11051	11195	11531	13402	13651
0:18:35	30.0	8637	8430	9139	9000	9946	9427	11704	10981	11244	11633	13376	13704
0:18:40	30.0	8630	8366	9202	8945	9939	9368	11623	11008	11267	11604	13422	13767
0:18:45	30.0	8571	8456	9121	8943	9909	9382	11704	11005	11193	11625	13513	13767
0:18:50	30.0	8593	8329	9163	8927	9898	9320	11670	10988	11264	11702	13368	13746
0:18:55	30.0	8576	8363	9178	8901	9890	9277	11609	10997	11112	11652	13377	13801
0:19:00	30.0	8624	8411	9228	8922	9884	9291	11694	11066	11184	11615	13343	13776
0:19:05	30.0	8657	8297	9258	8965	9897	9366	11705	10982	11159	11600	13398	13744
0:19:10	30.0	8575	8403	9214	8957	9951	9369	11730	11049	11267	11629	13378	13791
0:19:15	30.0	8629	8354	9168	8972	9910	9341	11659	10954	11229	11545	13377	13754
0:19:20	30.0	8672	8438	9204	8980	9882	9395	11641	10988	11227	11643	13353	13698
0:19:25	30.0	8656	8293	9194	8960	9896	9322	11671	10906	11156	11554	13400	13763
0:19:30	30.0	8577	8368	9232	8900	9869	9267	11618	10847	11220	11694	13438	13659
0:19:35	30.0	8594	8468	9169	8935	9901	9314	11593	11018	11165	11639	13431	13666
0:19:40	30.0	8563	8308	9181	8985	9960	9393	11548	10937	11168	11672	13383	13698
0:19:45	30.0	8666	8407	9151	8921	9925	9394	11773	10932	11228	11595	13245	13736
0:19:50	30.0	8592	8394	9185	9006	9849	9320	11696	10988	11136	11707	13346	13597
0:19:55	30.0	8578	8368	9180	8956	9937	9405	11630	10959	11260	11590	13413	13740
0:20:00	30.0	8688	8343	9181	8927	9900	9381	11656	10996	11178	11626	13415	13736
0:20:05	30.0	8622	8381	9235	8974	9937	9369	11738	11029	11239	11572	13402	13643
0:20:10	30.0	8623	8340	9201	8979	10013	9358	11702	10929	11252	11576	13339	13690
0:20:15	30.0	8599	8358	9120	8986	9863	9305	11622	10956	11046	11695	13415	13612
0:20:20	30.0	8681	8355	9207	8880	9874	9364	11558	10968	11142	11621	13403	13803
0:20:25	30.0	8629	8360	9209	8939	9947	9349	11632	10978	11241	11613	13457	13681
0:20:30	30.0	8603	8331	9130	8924	9904	9401	11592	10931	11293	11580	13434	13767
0:20:35	30.0	8601	8441	9171	8905	9979	9235	11706	11032	11277	11571	13295	13714
0:20:40	30.0	8606	8372	9136	8941	9841	9339	11587	11055	11123	11603	13405	13580
0:20:45	30.0	8650	8384	9170	8960	9904	9295	11585	10984	11281	11705	13219	13653
0:20:50	30.0	8658	8308	9143	8875	9900	9323	11512	10946	11061	11655	13361	13588
0:20:55	30.0	8622	8439	9119	8926	9915	9302	11661	10963	11225	11568	13289	13637
0:21:00	30.0	8711	8355	9168	8964	9910	9341	11605	10920	11130	11538	13185	13650
0:21:05	30.0	8614	8364	9149	8944	9926	9270	11668	11034	11153	11621	13406	13654
0:21:10	30.0	8528	8389	9120	8926	9846	9274	11630	10863	11166	11531	13388	13559
0:21:15	30.0	8629	8405	9167	8973	9908	9350	11569	11041	11184	11554	13329	13677
0:21:20	30.0	8637	8323	9107	8924	9881	9285	11711	10937	11195	11634	13426	13583
0:21:25	30.0	8581	8328	9152	8931	9837	9345	11631	10970	11134	11566	13365	13639
0:21:30	30.0	8551	8327	9183	8891	9864	9269	11488	11035	11180	11579	13308	13649
0:21:35	30.0	8644	8339	9216	8965	9844	9343	11648	10995	11131	11569	13359	13641
0:21:40	30.0	8692	8370	9174	8920	9844	9295	11580	10940	11152	11591	13330	13655
0:21:45	30.0	8657	8340	9158	8923	9923	9290	11572	10953	11022	11516	13310	13629
0:21:50	30.0	8629	8376	9135	8956	9817	9301	11649	10977	11240	11589	13367	13660
0:21:55	30.0	8580	8273	9209	8870	9818	9331	11606	10907	11224	11619	13327	13758
0:22:00	30.0	8649	8335	9102	8932	9933	9336	11732	10945	11130	11525	13321	13634
0:22:05	30.0	8647	8369	9104	8978	9788	9297	11608	10915	11183	11627	13304	13673
0:22:10	30.0	8661	8331	9198	8898	9855	9302	11600	10954	11222	11541	13323	13577
0:22:15	30.0	8555	8315	9154	8977	9857	9288	11616	10870	11169	11560	13372	13627
0:22:20	30.0	8604	8344	9149	8938	9860	9315	11612	10908	11149	11548	13346	13679
0:22:25	30.0	8577	8337	9158	8871	9867	9315	11545	10957	11178	11659	13295	13658
0:22:30	30.0	8640	8380	9160	8880	9934	9363	11681	10911	11116	11639	13261	13663
0:22:35	30.0	8685	8411	9167	8953	9856	9272	11577	10975	11169	11636	13322	13664
0:22:40	30.0	8576	8237	9130	8926	9874	9300	11621	11036	11121	11565	13365	13598
0:22:45	30.0	8638	8367	9073	8864	9887	9294	11567	11011	11191	11638	13300	13629
0:22:50	30.0	8597	8301	9193	8897	9811	9291	11636	10891	11141	11587	13329	13816
0:22:55	30.0	8637	8304	9100	8928	9864	9302	11649	10836	11158	11578	13396	13599
0:23:00	30.0	8601	8305	9148	8935	9912	9267	11592	11019	11173	11695	13363	13695
0:23:05	30.0	8627	8338	9158	8826	9889	9285	11639	10940	11152	11574	13413	13701
0:23:10	30.0	8571	8356	9237	8982	9724	9229	11618	10942	11186	11508	13351	13616
0:23:15	30.0	8546	8382	9138	8901	9786	9322	11584	11014	11127	11564	13369	13597
0:23:20	30.0	8616	8398	9149	8933	9855	9314	11576	10844	11101	11482	13375	13682
0:23:25	30.0	8593	8392	9107	8839	9850	9267	11623	10982	11137	11486	13191	13749
0:23:30	30.0	8642	8295	9218	8891	9808	9271	11596	10906	11136	11603	13325	13641
0:23:35	30.0	8655	8342	9132	8853	9829	9259	11610	10982	11270	11579	13258	13685
0:23:40	30.0	8623	8256	9173	8847	9868	9298	11581	10896	11155	11595	13346	13656
0:23:45	30.0	8611	8317	9154	8889	9836	9255	11539	10928	11066	11659	13362	13601
0:23:50	30.0	8543	8355	9210	8964	9793	9239	11475	10905	11124	11635	13265	13650
0:23:55	30.0	8586	8352	9208	8844	9863	9251	11569	11035	11195	11514	13356	13762
0:24:00	30.0	8625	8299	9158	8885	9911	9276	11609	10889	11074	11624	13161	13645
0:24:05	30.0	8545	8301	9150	8913	9843	9253	11561	10989	11164	11653	13372	13666
0:24:10	30.0	8585	8415	9123	8866	9740	9266	11501	10953	11137	11662	13267	13553
0:24:15	30.0	8600	8365	9065	8904	9706	9249	11528	10915	11214	11553	13421	13649
0:24:20	30.0	8628	8375	9155	8904	9808	9313	11619	10918	11130	11519	13259	13693
0:24:25	30.0	8550	8393	9175	8868	9883	9263	11516	10917	11153	11514	13284	13660
0:24:30	30.0	8653	8356	9108	8906	9821	9342	11631	10875	11225	11394	13241	13728
0:24:35	30.0	8606	8288	9121	8893	9827	9237	11614	10841	11038	11606	13310	13631
0:24:40	30.0	8595	8327	9125	8917	9814	9309	11611	10883	11147	11642	13295	13669
0:24:45	30.0	8571	8372	9113	8872	9876	9256	11574	10939	11126	11570	13358	13712
0:24:50	30.0	8640	8327	9050	8836	9855	9284	11582	10939	11137	11544	13332	13661
0:24:55	30.0	8633	8333	9197	8812	9810	9281	11596	10854	11103	11519	13159	13785
0:25:00	30.0	8672	8321	9149	8849	9844	9252	11543	10937	11130	11526	13292	13590
0:25:05	30.0	8672	8327	9130	8871	9829	9316	11541	10874	11165	11560	13222	13671
0:25:10	30.0	8644	8346	9175	8869	9874	9204	11523	10988	11186	11572	13313	13694
0:25:15	30.0	8639	8311	9114	8941	9878	9327	11462	10946	11238	11482	13300	13612
0:25:20	30.0	8545	8304	9164	8856	9851	9251	11576	10956	11125	11504	13303	13601
0:25:25	30.0	8595	8290	9170	8832	9803	9238	11586	10926	11233	11616	13321	13655
0:25:30	30.0	8681	8265	9096	8897	9795	9277	11591	10940	11231	11531	13188	13712
0:25:35	30.0	8608	8312	9099	8904	9811	9182	11573	10832	11152	11534	13294	13576
0:25:40	30.0	8580	8293	9139	8851	9856	9221	11587	10917	11178	11479	13364	13629
0:25:45	30.0	8604	8316	9117	8895	9856	9284	11603	10879	11129	11519	13343	13594
0:25:50	30.0	8594	8334	9111	8973	9837	9272	11589	10957	11185	11518	13249	13648
0:25:55	30.0	8616	8270	9023	8853	9882	9288	11581	10874	11119	11575	13306	13661
0:26:00	30.0	8571	8309	9117	8853	9753	9185	11550	10818	11194	11532	13372	13655
0:26:05	30.0	8594	8362	9091	8835	9903	9266	11503	10886	11093	11605	13352	13610
0:26:10	30.0	8621	8338	9140	8848	9788	9215	11517	10928	11145	11598	13371	13576
0:26:15	30.0	8614	8314	9187	8773	9800	9193	11579	10919	11083	11549	13230	13591
0:26:20	30.0	8608	8266	9088	8817	9845	9361	11552	10944	11137	11641	13295	13621
0:26:25	30.0	8587	8234	9112	8851	9794	9346	11523	10887	11089	11526	13211	13720
0:26:30	30.0	8583	8264	9195	8927	9773	9282	11597	10930	11109	11532	13292	13717
0:26:35	30.0	8557	8300	9090	8803	9861	9188	11529	10949	11198	11650	13358	13486
0:26:40	30.0	8590	8289	9055	8851	9698	9263	11578	10949	11181	11545	13225	13654
0:26:45	30.0	8626	8338	9139	8882	9828	9226	11574	10885	11157	11498	13295	13614
0:26:50	30.0	8539	8344	9171	8813	9753	9211	11669	10906	11160	11617	13275	13620
0:26:55	30.0	8614	8309	9078	8928	9799	9312	11557	10974	11068	11584	13371	13546
0:27:00	30.0	8529	8311	9090	8837	9686	9275	11568	10915	11199	11519	13334	13620
0:27:05	30.0	8571	8333	9072	8937	9877	9285	11462	10877	11185	11563	13290	13645
0:27:10	30.0	8598	8334	9139	8860	9816	9244	11600	10930	11145	11531	13271	13556
0:27:15	30.0	8562	8311	9157	8957	9837	9215	11567	10876	11080	11519	13216	13608
0:27:20	30.0	8623	8310	9001	8860	9830	9215	11496	10952	11164	11626	13265	13624
0:27:25	30.0	8666	8285	9108	8878	9810	9264	11566	10912	11160	11497	13355	13503
0:27:30	30.0	8598	8364	9104	8779	9769	9252	11439	10917	11117	11456	13273	13535
0:27:35	30.0	8540	8273	9136	8818	9832	9255	11568	10871	11075	11615	13316	13659
0:27:40	30.0	8541	8272	9073	8858	9770	9262	11594	10910	11083	11526	13286	13572
0:27:45	30.0	8649	8335	9085	8868	9779	9243	11516	10917	11091	11564	13221	13619
0:27:50	30.0	8567	8347	9149	8898	9735	9222	11569	10935	11181	11473	13184	13584
0:27:55	30.0	8551	8240	9120	8891	9751	9265	11599	10934	11079	11589	13302	13608
0:28:00	30.0	8584	8274	9125	8863	9792	9223	11579	10934	11107	11491	13238	13583
0:28:05	30.0	8638	8235	9135	8930	9815	9222	11463	10946	11097	11470	13340	13643
0:28:10	30.0	8649	8338	9140	8851	9813	9228	11590	10926	11168	11563	13226	13696
0:28:15	30.0	8632	8362	9092	8815	9769	9176	11586	10766	11116	11519	13235	13631
0:28:20	30.0	8634	8301	9118	8873	9701	9208	11488	10799	11113	11508	13231	13553
0:28:25	30.0	8589	8331	9109	8910	9736	9212	11565	10899	11135	11572	13340	13583
0:28:30	30.0	8568	8339	9128	8810	9751	9202	11556	10898	11088	11487	13200	13646
0:28:35	30.0	8576	8300	9012	8849	9763	9208	11521	10915	11138	11529	13294	13582
0:28:40	30.0	8561	8324	9088	8837	9802	9238	11509	10895	11085	11472	13348	13672
0:28:45	30.0	8626	8245	9156	8800	9812	9237	11516	10931	11131	11474	13351	13544
0:28:50	30.0	8591	8293	9040	8844	9836	9304	11551	10874	11065	11498	13279	13648
0:28:55	30.0	8540	8299	9157	8768	9748	9248	11511	10826	11130	11583	13242	13576
0:29:00	30.0	8624	8347	9034	8830	9773	9205	11504	10975	11064	11458	13210	13598
0:29:05	30.0	8664	8294	9080	8866	9704	9251	11557	10896	11204	11508	13267	13647
0:29:10	30.0	8573	8370	9076	8858	9764	9178	11537	10889	11139	11534	13223	13626
0:29:15	30.0	8571	8264	9080	8939	9816	9240	11513	10928	11125	11613	13171	13528
0:29:20	30.0	8599	8254	9059	8862	9775	9180	11592	10902	11168	11569	13225	13575
0:29:25	30.0	8543	8237	9077	8821	9813	9224	11534	10917	11052	11560	13258	13644
0:29:30	30.0	8633	8277	9119	8862	9728	9245	11531	10873	11091	11496	13257	13510
0:29:35	30.0	8628	8300	9136	8850	9807	9308	11511	10821	11034	11473	13250	13617
0:29:40	30.0	8652	8314	9109	8852	9776	9274	11539	10859	11101	11480	13246	13495
0:29:45	30.0	8571	8228	9136	8826	9818	9241	11530	10836	11093	11550	13279	13488
0:29:50	30.0	8636	8225	9092	8809	9828	9265	11561	10824	11075	11483	13206	13506
0:29:55	30.0	8575	8240	9047	8892	9743	9240	11425	10891	11055	11531	13289	13587
0:30:00	30.0	8659	8257	9060	8821	9786	9189	11562	10928	11124	11517	13335	13651
0:30:05	30.0	8517	8264	9080	8855	9792	9265	11574	10779	11113	11391	13228	13523
0:30:10	30.0	8530	8245	9203	8805	9788	9214	11442	11003	10989	11542	13251	13656
0:30:15	30.0	8526	8243	9102	8833	9820	9229	11485	10952	11111	11462	13236	13558
0:30:20	30.0	8548	8333	9087	8790	9762	9218	11531	10817	11096	11505	13219	13671
0:30:25	30.0	8610	8320	9010	8870	9781	9208	11512	10889	11078	11533	13242	13653
0:30:30	30.0	8554	8265	9145	8830	9736	9217	11582	10806	11130	11538	13129	13536
0:30:35	30.0	8567	8289	9076	8843	9754	9244	11588	10902	10991	11490	13299	13595
0:00:00	0.0												
0:00:00	0.0												
0:00:00	0.0												
0:00:00	0.0												
0:00:00	0.0												
0:00:00	0.0												
0:00:00	0.0												
0:00:00	0.0												
0:00:00	0.0												
0:00:00	0.0												
0:00:00	0.0												
0:00:00	0.0												
0:00:00	0.0												
0:00:00	0.0												
0:00:00	0.0												
0:00:00	0.0												
0:00:00	0.0												
0:00:00	0.0												
0:00:00	0.0												
0:00:00	0.0												
0:00:00	0.0												
0:00:00	0.0												
0:00:00	0.0												
0:00:00	0.0												
0:00:00	0.0												
0:00:00	0.0												
0:00:00	0.0												
0:00:00	0.0												
0:00:00	0.0												
0:00:00	0.0												
0:00:00	0.0												
0:00:00	0.0												
0:00:00	0.0												
0:00:00	0.0												
0:00:00	0.0												
0:00:00	0.0												
0:00:00	0.0												
0:00:00	0.0												
0:00:00	0.0												
0:00:00	0.0												
0:00:00	0.0												
0:00:00	0.0												
0:00:00	0.0												
0:00:00	0.0												
0:00:00	0.0												
0:00:00	0.0												
0:00:00	0.0												
0:00:00	0.0												
0:00:00	0.0												
0:00:00	0.0												
0:00:00	0.0												
0:00:00	0.0												
0:00:00	0.0												
0:00:00	0.0												
0:00:00	0.0												
0:00:00	0.0												
0:00:00	0.0												
0:00:00	0.0												
0:00:00	0.0												
0:00:00	0.0												
0:00:00	0.0												
0:00:00	0.0												
0:00:00	0.0												
0:00:00	0.0												
0:00:00	0.0												
0:00:00	0.0												
0:00:00	0.0												
0:00:00	0.0												
0:00:00	0.0												
0:00:00	0.0												
0:00:00	0.0												
0:00:00	0.0												
0:00:00	0.0												
0:00:00	0.0												
0:00:00	0.0												
0:00:00	0.0												
0:00:00	0.0												
0:00:00	0.0												
0:00:00	0.0												
0:00:00	0.0												
0:00:00	0.0												
0:00:00	0.0												
0:00:00	0.0												
0:00:00	0.0												
0:00:00	0.0												
0:00:00	0.0												
0:00:00	0.0												
0:00:00	0.0												
0:00:00	0.0												
0:00:00	0.0												
0:00:00	0.0												
0:00:00	0.0												
0:00:00	0.0												
0:00:00	0.0												
0:00:00	0.0												
0:00:00	0.0												
0:00:00	0.0												
0:00:00	0.0												
0:00:00	0.0												
0:00:00	0.0												
0:00:00	0.0												
0:00:00	0.0												
0:00:00	0.0												
0:00:00	0.0												
0:00:00	0.0												
0:00:00	0.0												
0:00:00	0.0												
0:00:00	0.0												
0:00:00	0.0												
0:00:00	0.0												
0:00:00	0.0												
0:00:00	0.0												
0:00:00	0.0												
0:00:00	0.0												
0:00:00	0.0												
0:00:00	0.0												
0:00:00	0.0												
0:00:00	0.0												
0:00:00	0.0												
0:00:00	0.0												
0:00:00	0.0												
0:00:00	0.0												
0:00:00	0.0												
0:00:00	0.0												
0:00:00	0.0												
0:00:00	0.0												
0:00:00	0.0												
0:00:00	0.0												
0:00:00	0.0												
0:00:00	0.0												
0:00:00	0.0												
0:00:00	0.0												
0:00:00	0.0												
0:00:00	0.0												
0:00:00	0.0												
0:00:00	0.0												
0:00:00	0.0												
0:00:00	0.0												
0:00:00	0.0												
0:00:00	0.0												
0:00:00	0.0												
0:00:00	0.0												
0:00:00	0.0												
0:00:00	0.0												
0:00:00	0.0												
0:00:00	0.0												
0:00:00	0.0												
0:00:00	0.0												
0:00:00	0.0												
0:00:00	0.0												
0:00:00	0.0												
0:00:00	0.0												
0:00:00	0.0												
0:00:00	0.0												
0:00:00	0.0												
0:00:00	0.0												
0:00:00	0.0												
0:00:00	0.0												
0:00:00	0.0												
0:00:00	0.0												
0:00:00	0.0												
0:00:00	0.0												
0:00:00	0.0												
0:00:00	0.0												
0:00:00	0.0												
0:00:00	0.0												
0:00:00	0.0												
0:00:00	0.0												
0:00:00	0.0												
0:00:00	0.0												
0:00:00	0.0												
0:00:00	0.0												
0:00:00	0.0												

Results
	1	2	3	4	5	6	7	8	9	10	11	12
A													Max V [425,457]
													R-Squared [425,457]
													t at Max V [425,457]
													Lagtime [425,457]
B													Max V [425,457]
													R-Squared [425,457]
													t at Max V [425,457]
													Lagtime [425,457]
C													Max V [425,457]
													R-Squared [425,457]
													t at Max V [425,457]
													Lagtime [425,457]
D													Max V [425,457]
													R-Squared [425,457]
													t at Max V [425,457]
													Lagtime [425,457]
E													Max V [425,457]
													R-Squared [425,457]
													t at Max V [425,457]
													Lagtime [425,457]
F													Max V [425,457]
													R-Squared [425,457]
													t at Max V [425,457]
													Lagtime [425,457]
G	2196000.000	3348000.000	2796000.000	4068000.000	4788000.000	3612000.000	3864000.000	2952000.000	-2640000.000	3060000.000	3792000.000	3384000.000	Max V [425,457]
	1.000	1.000	1.000	1.000	1.000	1.000	1.000	1.000	1.000	1.000	1.000	1.000	R-Squared [425,457]
	0:00:08	0:00:13	0:00:48	0:00:03	0:01:38	0:00:08	0:01:18	0:03:28	0:20:48	0:01:13	0:01:33	0:02:13	t at Max V [425,457]
	0:00:04	0:00:03	0:00:19	0:00:00	0:00:38	0:00:01	0:00:27	0:02:21	0:22:00	0:00:43	0:00:56	0:01:14	Lagtime [425,457]
H													Max V [425,457]
													R-Squared [425,457]
													t at Max V [425,457]
													Lagtime [425,457]

