

Software Version	3.03.14



Experiment File Path:	C:\Users\Public\Documents\Experiments\Tina\20190207_GAP_assay2.xpt
Protocol File Path:	C:\Users\Public\Documents\Protocols\Tina\GAP_sensor_assay.prt



Plate Number	Plate 1
Date	2/7/2019
Time	2:25:38 PM
Reader Type:	Synergy H1
Reader Serial Number:	1803011C
Reading Type	Reader

Procedure Details

Plate Type	Costar 96 well half area
Set Temperature	Setpoint 30°C
Start Kinetic	Runtime 1:00:00 (HH:MM:SS), Interval 0:00:04, 901 Reads
    Read	Fluorescence Endpoint
	A1..A7
	Filter Set 1
	    Excitation: 425,  Emission: 457
	    Optics: Bottom,  Gain: 57
	Light Source: Xenon Flash,  Lamp Energy: High
	Read Speed: Normal,  Delay: 0 msec,  Measurements/Data Point: 5
	Read Height: 7 mm
End Kinetic	

Layout
	1	2	3	4	5	6	7	8	9	10	11	12
A	SPL1	SPL2	SPL3	SPL4	SPL5	SPL6	SPL7						Well ID
B													Well ID
C													Well ID
D													Well ID
E													Well ID
F													Well ID
G													Well ID
H													Well ID

425,457

Time	T° 425,457	A1	A2	A3	A4	A5	A6	A7
0:00:00	30.0	5883	5379	5279	6307	6413	6202	6298
0:00:04	30.0	5944	5318	5281	6317	6415	6275	6376
0:00:08	30.0	5874	5344	5295	6328	6440	6256	6363
0:00:12	30.0	6015	5382	5275	6393	6507	6312	6396
0:00:16	30.0	5973	5397	5302	6360	6466	6305	6350
0:00:20	30.0	5934	5400	5338	6446	6522	6316	6347
0:00:24	30.0	5997	5372	5327	6457	6573	6341	6421
0:00:28	30.0	5971	5383	5309	6464	6529	6309	6384
0:00:32	30.0	6031	5406	5339	6454	6555	6336	6472
0:00:36	30.0	5990	5420	5356	6492	6514	6344	6415
0:00:40	30.0	6037	5412	5297	6514	6531	6337	6415
0:00:44	30.0	5942	5375	5377	6550	6551	6344	6398
0:00:48	30.0	5983	5395	5333	6608	6615	6338	6456
0:00:52	30.0	6035	5463	5375	6523	6567	6315	6482
0:00:56	30.0	5974	5443	5319	6606	6662	6392	6488
0:01:00	30.0	6005	5470	5364	6596	6605	6354	6442
0:01:04	30.0	5973	5407	5312	6649	6689	6423	6441
0:01:08	30.0	6022	5367	5380	6624	6664	6384	6470
0:01:12	30.0	6018	5372	5374	6661	6683	6393	6496
0:01:16	30.0	5970	5444	5303	6675	6704	6432	6498
0:01:20	30.0	5978	5441	5326	6686	6693	6388	6471
0:01:24	30.0	5983	5476	5300	6689	6618	6394	6515
0:01:28	30.0	6005	5456	5368	6745	6685	6460	6534
0:01:32	30.0	6023	5493	5334	6796	6687	6411	6392
0:01:36	30.0	6030	5410	5315	6793	6780	6477	6453
0:01:40	30.0	6001	5488	5345	6797	6793	6403	6515
0:01:44	30.0	6015	5427	5400	6818	6738	6425	6489
0:01:48	30.0	6045	5443	5382	6892	6818	6485	6552
0:01:52	30.0	6025	5445	5356	6874	6753	6409	6564
0:01:56	30.0	6042	5511	5371	6850	6804	6492	6532
0:02:00	30.0	6069	5477	5408	6903	6787	6449	6589
0:02:04	30.0	6045	5456	5385	6931	6837	6482	6522
0:02:08	30.0	6045	5454	5401	7007	6875	6481	6553
0:02:12	30.0	6489	5427	5457	7004	6843	6545	6512
0:02:16	30.0	6530	5465	5472	6985	6841	6476	6571
0:02:20	30.0	6478	5433	5426	7030	6910	6437	6475
0:02:24	30.0	6468	5467	5427	7031	6868	6525	6507
0:02:28	30.0	6528	5451	5468	7045	6900	6510	6519
0:02:32	30.0	6480	5452	5505	7086	6892	6551	6597
0:02:36	30.0	6460	5465	5552	7118	6924	6567	6562
0:02:40	30.0	6474	5418	5535	7107	6943	6554	6578
0:02:44	30.0	6473	5480	5537	7202	6979	6542	6595
0:02:48	30.0	6489	5476	5543	7143	6978	6530	6642
0:02:52	30.0	6470	5441	5476	7165	6968	6512	6595
0:02:56	30.0	6561	5462	5506	7181	7024	6609	6564
0:03:00	30.0	6483	5488	5517	7225	7053	6590	6536
0:03:04	30.0	6424	5458	5569	7240	7039	6583	6618
0:03:08	30.0	6450	5490	5575	7298	6993	6612	6587
0:03:12	30.0	6413	5483	5532	7241	7005	6589	6580
0:03:16	30.0	6458	5453	5531	7246	7042	6561	6597
0:03:20	30.0	6548	5433	5570	7269	7094	6587	6668
0:03:24	30.0	6448	5436	5511	7259	7086	6600	6548
0:03:28	30.0	6469	5470	5551	7286	7035	6566	6581
0:03:32	30.0	6438	5465	5581	7313	7105	6618	6643
0:03:36	30.0	6491	5476	5492	7291	7152	6637	6626
0:03:40	30.0	6500	5492	5531	7298	7087	6681	6595
0:03:44	30.0	6481	5416	5584	7353	7097	6611	6616
0:03:48	30.0	6438	5417	5525	7321	7117	6649	6640
0:03:52	30.0	6485	5486	5552	7375	7199	6683	6632
0:03:56	30.0	6501	5441	5499	7361	7174	6650	6674
0:04:00	30.0	6490	5490	5487	7394	7167	6645	6720
0:04:04	30.0	6498	5486	5552	7416	7138	6639	6630
0:04:08	30.0	6505	5452	5506	7437	7161	6658	6626
0:04:12	30.0	6495	5435	5521	7486	7129	6666	6649
0:04:16	30.0	6485	5437	5519	7458	7156	6729	6678
0:04:20	30.0	6513	5400	5525	7531	7228	6700	6672
0:04:24	30.0	6493	5471	5437	7521	7181	6728	6668
0:04:28	30.0	6488	5431	5522	7497	7222	6660	6645
0:04:32	30.0	6544	5457	5497	7474	7250	6760	6678
0:04:36	30.0	6475	5463	5456	7453	7266	6682	6705
0:04:40	30.0	6504	5477	5498	7577	7243	6726	6678
0:04:44	30.0	6488	5455	5507	7538	7325	6671	6687
0:04:48	30.0	6568	5483	5516	7525	7269	6716	6642
0:04:52	30.0	6494	5438	5496	7607	7275	6752	6745
0:04:56	30.0	6535	5404	5462	7555	7263	6732	6759
0:05:00	30.0	6469	5414	5477	7560	7306	6746	6717
0:05:04	30.0	6484	5396	5481	7667	7339	6789	6686
0:05:08	30.0	6490	5416	5517	7635	7361	6685	6727
0:05:12	30.0	6467	5429	5433	7636	7424	6686	6731
0:05:16	30.0	6521	5428	5480	7663	7298	6808	6723
0:05:20	30.0	6501	5466	5491	7731	7377	6787	6757
0:05:24	30.0	6522	5405	5462	7625	7373	6729	6631
0:05:28	30.0	6487	5393	5503	7668	7340	6791	6726
0:05:32	30.0	6511	5454	5471	7766	7376	6786	6757
0:05:36	30.0	6528	5416	5504	7720	7348	6753	6730
0:05:40	30.0	6504	5415	5478	7798	7392	6745	6713
0:05:44	30.0	6474	5474	5491	7724	7402	6739	6710
0:05:48	30.0	6545	5397	5517	7808	7410	6815	6746
0:05:52	30.0	6496	5453	5417	7771	7461	6775	6787
0:05:56	30.0	6518	5399	5459	7798	7485	6826	6798
0:06:00	30.0	6501	5439	5479	7875	7480	6812	6775
0:06:04	30.0	6522	5442	5462	7805	7369	6727	6778
0:06:08	30.0	6476	5466	5509	7872	7467	6881	6765
0:06:12	30.0	6551	5385	5474	7865	7493	6805	6800
0:06:16	30.0	6563	5436	5482	7837	7519	6834	6757
0:06:20	30.0	6504	5410	5481	7913	7455	6841	6804
0:06:24	30.0	6501	5422	5473	7888	7481	6803	6780
0:06:28	30.0	6549	5433	5478	7874	7499	6878	6782
0:06:32	30.0	6467	5434	5433	7909	7533	6859	6779
0:06:36	30.0	6530	5471	5494	7944	7539	6825	6794
0:06:40	30.0	6490	5474	5432	7977	7591	6886	6802
0:06:44	30.0	6555	5415	5526	8028	7562	6854	6845
0:06:48	30.0	6448	5467	5466	7999	7490	6853	6824
0:06:52	30.0	6450	5445	5481	8043	7607	6826	6846
0:06:56	30.0	6545	5400	5488	8036	7575	6895	6828
0:07:00	30.0	6503	5429	5430	8065	7538	6857	6843
0:07:04	30.0	6482	5376	5493	8014	7561	6949	6889
0:07:08	30.0	6531	5439	5473	8074	7634	6882	6861
0:07:12	30.0	6537	5444	5481	8097	7635	6843	6855
0:07:16	30.0	6541	5430	5517	8127	7652	6928	6829
0:07:20	30.0	6502	5431	5466	8185	7584	6915	6836
0:07:24	30.0	6508	5406	5476	8134	7705	6974	6836
0:07:28	30.0	6492	5396	5498	8188	7663	6918	6816
0:07:32	30.0	6513	5449	5443	8223	7677	6883	6913
0:07:36	30.0	6457	5454	5432	8183	7734	6915	6841
0:07:40	30.0	6515	5337	5442	8164	7759	6945	6899
0:07:44	30.0	6488	5380	5431	8196	7647	6913	6854
0:07:48	30.0	6528	5396	5482	8144	7745	6961	6861
0:07:52	30.0	6506	5422	5531	8257	7751	6981	6950
0:07:56	30.0	6558	5415	5448	8263	7705	6961	6962
0:08:00	30.0	6522	5420	5512	8245	7736	7009	6918
0:08:04	30.0	6468	5402	5490	8267	7748	6953	6912
0:08:08	30.0	6524	5388	5487	8281	7768	6959	6911
0:08:12	30.0	6517	5433	5465	8319	7776	6988	6886
0:08:16	30.0	6533	5359	5487	8305	7738	6958	6918
0:08:20	30.0	6478	5400	5413	8316	7788	6965	6938
0:08:24	30.0	6478	5397	5438	8391	7745	6964	6946
0:08:28	30.0	6556	5393	5478	8338	7816	7030	7008
0:08:32	30.0	6531	5379	5459	8363	7801	7101	6957
0:08:36	30.0	6564	5380	5483	8383	7815	7020	6958
0:08:40	30.0	6508	5408	5449	8413	7886	7104	6980
0:08:44	30.0	6469	5439	5439	8411	7825	7070	6931
0:08:48	30.0	6542	5415	5464	8391	7931	7077	7001
0:08:52	30.0	6506	5418	5497	8401	7870	7005	6977
0:08:56	30.0	6500	5406	5447	8381	7953	7015	7002
0:09:00	30.0	6485	5444	5445	8511	7927	7072	6975
0:09:04	30.0	6534	5422	5499	8521	7900	7064	6963
0:09:08	30.0	6507	5356	5459	8524	7934	7101	7022
0:09:12	30.0	6533	5381	5486	8559	7925	7047	6943
0:09:16	30.0	6519	5361	5506	8537	7949	7100	6995
0:09:20	30.0	6475	5372	5454	8576	7884	7064	7054
0:09:24	30.0	6528	5354	5461	8577	7908	7109	6951
0:09:28	30.0	6506	5380	5435	8542	7968	7062	7010
0:09:32	30.0	6494	5384	5432	8533	7945	7008	6995
0:09:36	30.0	6517	5393	5468	8676	7969	7148	7036
0:09:40	30.0	6537	5372	5466	8563	8000	7071	7070
0:09:44	30.0	6550	5403	5460	8639	7972	7122	7030
0:09:48	30.0	6561	5374	5497	8686	7963	7133	6969
0:09:52	30.0	6513	5386	5449	8661	8051	7118	7017
0:09:56	30.0	6531	5381	5452	8653	8047	7060	7050
0:10:00	30.0	6520	5363	5487	8698	8043	7118	7035
0:10:04	30.0	6564	5336	5436	8709	8084	7104	7137
0:10:08	30.0	6523	5375	5426	8712	8007	7134	7052
0:10:12	30.0	6529	5408	5497	8787	8015	7140	7034
0:10:16	30.0	6548	5381	5441	8706	8046	7147	7085
0:10:20	30.0	6522	5374	5442	8734	8082	7178	7087
0:10:24	30.0	6550	5360	5433	8811	8119	7175	7072
0:10:28	30.0	6496	5427	5448	8804	8077	7182	7092
0:10:32	30.0	6507	5426	5450	8753	8113	7166	7097
0:10:36	30.0	6484	5379	5470	8791	8173	7202	7079
0:10:40	30.0	6531	5381	5474	8857	8215	7148	7074
0:10:44	30.0	6553	5357	5438	8934	8103	7246	7123
0:10:48	30.0	6553	5389	5446	8922	8140	7162	7106
0:10:52	30.0	6484	5392	5449	8841	8181	7215	7151
0:10:56	30.0	6545	5362	5471	8936	8223	7212	7114
0:11:00	30.0	6529	5404	5463	8895	8189	7228	7177
0:11:04	30.0	6558	5403	5398	8974	8155	7270	7147
0:11:08	30.0	6587	5371	5456	8995	8244	7232	7151
0:11:12	30.0	6541	5361	5469	8975	8221	7305	7102
0:11:16	30.0	6497	5367	5484	9007	8256	7195	7132
0:11:20	30.0	6480	5418	5476	9066	8239	7161	7217
0:11:24	30.0	6608	5367	5439	9032	8240	7273	7198
0:11:28	30.0	6505	5384	5469	9099	8223	7217	7194
0:11:32	30.0	6520	5404	5458	9027	8318	7238	7176
0:11:36	30.0	6568	5397	5445	9060	8312	7308	7122
0:11:40	30.0	6556	5370	5428	9062	8323	7254	7162
0:11:44	30.0	6570	5370	5471	9093	8283	7225	7221
0:11:48	30.0	6504	5381	5452	9050	8333	7255	7170
0:11:52	30.0	6509	5413	5429	9170	8314	7244	7169
0:11:56	30.0	6560	5357	5427	9210	8360	7286	7194
0:12:00	30.0	6552	5389	5475	9069	8403	7327	7206
0:12:04	30.0	6583	5359	5416	9115	8392	7279	7169
0:12:08	30.0	6535	5434	5492	9149	8433	7315	7203
0:12:12	30.0	6544	5401	5462	9180	8420	7352	7218
0:12:16	30.0	6575	5383	5456	9334	8363	7272	7212
0:12:20	30.0	6546	5345	5477	9262	8400	7325	7235
0:12:24	30.0	6570	5395	5426	9243	8360	7404	7273
0:12:28	30.0	6560	5370	5454	9355	8471	7428	7246
0:12:32	30.0	6573	5344	5425	9311	8408	7321	7239
0:12:36	30.0	6525	5333	5490	9275	8410	7409	7287
0:12:40	30.0	6598	5379	5495	9306	8473	7328	7235
0:12:44	30.0	6582	5372	5443	9317	8484	7404	7229
0:12:48	30.0	6589	5398	5446	9386	8442	7342	7292
0:12:52	30.0	6588	5393	5432	9385	8540	7375	7254
0:12:56	30.0	6548	5325	5430	9378	8464	7375	7284
0:13:00	30.0	6512	5349	5450	9385	8521	7323	7244
0:13:04	30.0	6606	5382	5427	9415	8576	7424	7232
0:13:08	30.0	6616	5393	5437	9354	8582	7392	7227
0:13:12	30.0	6555	5395	5444	9346	8592	7358	7322
0:13:16	30.0	6539	5407	5469	9437	8525	7395	7284
0:13:20	30.0	6530	5356	5473	9493	8597	7419	7286
0:13:24	30.0	6609	5343	5441	9424	8573	7437	7276
0:13:28	30.0	6588	5358	5440	9492	8566	7426	7302
0:13:32	30.0	6582	5359	5470	9445	8563	7412	7318
0:13:36	30.0	6605	5366	5404	9536	8601	7427	7246
0:13:40	30.0	6562	5372	5465	9427	8587	7401	7355
0:13:44	30.0	6598	5360	5405	9578	8645	7412	7306
0:13:48	30.0	6581	5378	5369	9490	8636	7372	7274
0:13:52	30.0	6571	5365	5462	9554	8639	7418	7316
0:13:56	30.0	6596	5396	5455	9624	8685	7495	7402
0:14:00	30.0	6570	5360	5439	9614	8698	7405	7282
0:14:04	30.0	6585	5395	5406	9616	8689	7455	7363
0:14:08	30.0	6598	5351	5447	9518	8697	7510	7337
0:14:12	30.0	6619	5362	5441	9641	8744	7461	7318
0:14:16	30.0	6613	5386	5435	9722	8697	7400	7312
0:14:20	30.0	6615	5319	5425	9699	8741	7460	7320
0:14:24	30.0	6634	5337	5450	9701	8752	7499	7424
0:14:28	30.0	6604	5378	5436	9686	8763	7521	7312
0:14:32	30.0	6614	5361	5451	9714	8760	7487	7329
0:14:36	30.0	6567	5335	5437	9729	8717	7477	7286
0:14:40	30.0	6607	5358	5435	9753	8726	7530	7361
0:14:44	30.0	6597	5357	5450	9785	8759	7555	7336
0:14:48	30.0	6583	5355	5398	9739	8771	7477	7351
0:14:52	30.0	6623	5351	5388	9816	8826	7511	7415
0:14:56	30.0	6622	5368	5435	9810	8845	7418	7354
0:15:00	30.0	6692	5343	5491	9712	8859	7485	7358
0:15:04	30.0	6654	5356	5437	9850	8896	7554	7385
0:15:08	30.0	6570	5348	5441	9906	8842	7536	7425
0:15:12	30.0	6628	5354	5446	9874	8828	7561	7439
0:15:16	30.0	6591	5363	5414	9905	8947	7567	7410
0:15:20	30.0	6646	5393	5489	9961	8924	7535	7448
0:15:24	30.0	6662	5353	5437	9946	8937	7502	7443
0:15:28	30.0	6629	5333	5446	9850	8875	7636	7440
0:15:32	30.0	6648	5376	5447	10052	8896	7529	7426
0:15:36	30.0	6577	5382	5444	10099	8939	7552	7385
0:15:40	30.0	6621	5363	5450	9910	8942	7566	7405
0:15:44	30.0	6602	5368	5436	10034	8959	7599	7458
0:15:48	30.0	6627	5368	5429	10018	8980	7537	7454
0:15:52	30.0	6589	5379	5436	10042	8950	7573	7484
0:15:56	30.0	6586	5336	5435	10051	9005	7626	7414
0:16:00	30.0	6620	5307	5418	10020	8972	7616	7567
0:16:04	30.0	6606	5354	5409	10146	8969	7586	7461
0:16:08	30.0	6563	5337	5400	10136	9021	7574	7406
0:16:12	30.0	6614	5314	5431	10124	8966	7604	7473
0:16:16	30.0	6654	5351	5428	10108	8985	7648	7491
0:16:20	30.0	6588	5348	5426	10178	8903	7638	7539
0:16:24	30.0	6636	5326	5463	10109	9056	7635	7483
0:16:28	30.0	6627	5351	5483	10126	9042	7649	7539
0:16:32	30.0	6640	5315	5378	10221	8966	7605	7504
0:16:36	30.0	6668	5360	5440	10200	9033	7644	7451
0:16:40	30.0	6648	5320	5393	10163	9091	7688	7423
0:16:44	30.0	6635	5350	5414	10268	9110	7687	7481
0:16:48	30.0	6639	5333	5400	10310	9013	7697	7501
0:16:52	30.0	6669	5320	5422	10291	9068	7706	7485
0:16:56	30.0	6639	5399	5453	10247	9207	7692	7477
0:17:00	30.0	6641	5335	5439	10289	9151	7675	7521
0:17:04	30.0	6636	5309	5438	10364	9109	7622	7515
0:17:08	30.0	6661	5323	5419	10309	9128	7714	7514
0:17:12	30.0	6631	5312	5398	10391	9177	7768	7630
0:17:16	30.0	6615	5363	5455	10383	9214	7740	7535
0:17:20	30.0	6632	5326	5428	10352	9153	7745	7539
0:17:24	30.0	6640	5364	5435	10408	9208	7714	7557
0:17:28	30.0	6623	5367	5458	10402	9309	7736	7549
0:17:32	30.0	6638	5309	5464	10404	9224	7696	7633
0:17:36	30.0	6670	5322	5487	10364	9274	7774	7586
0:17:40	30.0	6630	5350	5460	10400	9343	7745	7567
0:17:44	30.0	6662	5319	5386	10510	9239	7747	7549
0:17:48	30.0	6699	5318	5398	10562	9266	7774	7599
0:17:52	30.0	6648	5331	5450	10499	9296	7812	7637
0:17:56	30.0	6677	5306	5426	10486	9301	7767	7565
0:18:00	30.0	6614	5360	5425	10499	9262	7749	7602
0:18:04	30.0	6671	5352	5415	10536	9258	7796	7572
0:18:08	30.0	6644	5341	5451	10573	9300	7790	7610
0:18:12	30.0	6623	5316	5458	10558	9344	7839	7668
0:18:16	30.0	6705	5335	5452	10555	9322	7752	7608
0:18:20	30.0	6646	5333	5437	10641	9434	7770	7711
0:18:24	30.0	6636	5377	5415	10625	9346	7785	7665
0:18:28	30.0	6654	5381	5454	10698	9269	7831	7620
0:18:32	30.0	6700	5310	5482	10671	9347	7769	7623
0:18:36	30.0	6671	5332	5426	10656	9288	7879	7563
0:18:40	30.0	6665	5327	5491	10609	9492	7880	7661
0:18:44	30.0	6635	5336	5440	10691	9392	7805	7617
0:18:48	30.0	6678	5316	5351	10692	9440	7921	7722
0:18:52	30.0	6652	5319	5426	10849	9410	7825	7598
0:18:56	30.0	6666	5338	5410	10733	9406	7839	7675
0:19:00	30.0	6649	5401	5457	10703	9407	7862	7642
0:19:04	30.0	6666	5340	5419	10802	9448	7842	7604
0:19:08	30.0	6646	5322	5449	10744	9464	7891	7626
0:19:12	30.0	6647	5343	5426	10815	9536	7911	7699
0:19:16	30.0	6715	5328	5455	10783	9443	7908	7680
0:19:20	30.0	6720	5357	5434	10859	9451	7863	7675
0:19:24	30.0	6679	5350	5380	10890	9492	7888	7668
0:19:28	30.0	6730	5321	5421	10925	9485	7907	7719
0:19:32	30.0	6712	5395	5415	10922	9519	7883	7709
0:19:36	30.0	6648	5357	5411	10857	9567	7953	7697
0:19:40	30.0	6714	5341	5427	10961	9553	7932	7666
0:19:44	30.0	6656	5324	5402	10981	9526	7937	7663
0:19:48	30.0	6656	5321	5369	10847	9581	7905	7670
0:19:52	30.0	6765	5351	5452	11088	9587	7886	7692
0:19:56	30.0	6691	5359	5419	11040	9578	8009	7732
0:20:00	30.0	6692	5376	5372	11010	9592	7977	7770
0:20:04	30.0	6682	5370	5404	10939	9465	7959	7712
0:20:08	30.0	6673	5293	5449	11068	9743	7925	7742
0:20:12	30.0	6695	5338	5391	11088	9610	7891	7748
0:20:16	30.0	6675	5337	5427	11003	9707	8003	7718
0:20:20	30.0	6725	5355	5436	10987	9682	7979	7730
0:20:24	30.0	6625	5336	5419	11159	9558	7984	7743
0:20:28	30.0	6703	5343	5443	11143	9688	8001	7765
0:20:32	30.0	6667	5372	5408	11123	9701	8040	7772
0:20:36	30.0	6638	5346	5435	11000	9729	8002	7730
0:20:40	30.0	6673	5323	5431	11103	9663	7972	7812
0:20:44	30.0	6674	5328	5448	11209	9711	7939	7708
0:20:48	30.0	6675	5327	5378	11340	9748	8024	7816
0:20:52	30.0	6647	5395	5443	11221	9687	8041	7801
0:20:56	30.0	6766	5326	5440	11252	9707	8062	7757
0:21:00	30.0	6709	5372	5461	11232	9761	8084	7795
0:21:04	30.0	6713	5337	5427	11224	9818	8016	7796
0:21:08	30.0	6745	5350	5364	11261	9772	8040	7755
0:21:12	30.0	6705	5343	5422	11384	9845	8042	7794
0:21:16	30.0	6668	5323	5472	11199	9851	7996	7720
0:21:20	30.0	6723	5326	5400	11248	9786	8061	7798
0:21:24	30.0	6702	5356	5406	11330	9849	8029	7747
0:21:28	30.0	6690	5342	5457	11368	9868	8159	7766
0:21:32	30.0	6675	5363	5457	11297	9878	8032	7833
0:21:36	30.0	6705	5310	5438	11352	9824	8078	7884
0:21:40	30.0	6656	5340	5389	11356	9884	8082	7785
0:21:44	30.0	6683	5348	5418	11317	9830	8093	7797
0:21:48	30.0	6705	5339	5417	11498	9890	8111	7879
0:21:52	30.0	6740	5312	5448	11328	9916	8158	7880
0:21:56	30.0	6694	5355	5456	11438	9868	8111	7838
0:22:00	30.0	6734	5335	5390	11477	9911	8067	7922
0:22:04	30.0	6759	5335	5437	11395	9896	8154	7864
0:22:08	30.0	6739	5337	5445	11508	10064	8154	7904
0:22:12	30.0	6766	5353	5428	11526	9894	8134	7897
0:22:16	30.0	6783	5356	5463	11528	10067	8089	7858
0:22:20	30.0	6672	5340	5417	11562	10001	8174	7851
0:22:24	30.0	6681	5311	5430	11460	10038	8172	7934
0:22:28	30.0	6719	5373	5432	11499	10016	8121	7923
0:22:32	30.0	6765	5373	5430	11560	10018	8192	7880
0:22:36	30.0	6718	5357	5390	11626	9947	8173	7865
0:22:40	30.0	6709	5327	5419	11659	10001	8139	7894
0:22:44	30.0	6788	5322	5427	11592	10026	8197	7915
0:22:48	30.0	6715	5341	5463	11748	10023	8257	7898
0:22:52	30.0	6725	5313	5391	11654	10033	8198	7945
0:22:56	30.0	6719	5323	5363	11757	10044	8183	7897
0:23:00	30.0	6736	5304	5369	11671	10080	8189	7870
0:23:04	30.0	6775	5324	5366	11762	10028	8199	7920
0:23:08	30.0	6779	5339	5449	11612	10096	8170	7938
0:23:12	30.0	6769	5282	5446	11748	10070	8245	7915
0:23:16	30.0	6688	5318	5391	11751	10130	8215	7897
0:23:20	30.0	6750	5331	5413	11746	10043	8242	7939
0:23:24	30.0	6778	5315	5408	11896	10076	8249	7960
0:23:28	30.0	6725	5374	5388	11781	10181	8277	7913
0:23:32	30.0	6759	5303	5386	11802	10137	8278	7987
0:23:36	30.0	6723	5299	5395	11851	10184	8281	7997
0:23:40	30.0	6779	5354	5425	11817	10177	8303	7934
0:23:44	30.0	6779	5339	5452	11739	10173	8238	8003
0:23:48	30.0	6801	5315	5399	11896	10127	8275	7948
0:23:52	30.0	6754	5293	5443	11830	10317	8287	7935
0:23:56	30.0	6790	5353	5409	11879	10263	8204	7943
0:24:00	30.0	6753	5282	5406	11877	10242	8293	7995
0:24:04	30.0	6765	5315	5398	11915	10268	8288	7988
0:24:08	30.0	6758	5331	5420	11886	10190	8278	8007
0:24:12	30.0	6786	5287	5388	12038	10193	8310	7997
0:24:16	30.0	6756	5344	5427	12088	10329	8360	8030
0:24:20	30.0	6780	5343	5398	12066	10254	8309	7993
0:24:24	30.0	6812	5330	5382	12054	10365	8325	7990
0:24:28	30.0	6765	5321	5418	12019	10351	8342	8042
0:24:32	30.0	6781	5321	5435	12070	10351	8342	7972
0:24:36	30.0	6790	5328	5444	12030	10266	8322	7977
0:24:40	30.0	6830	5320	5383	11996	10400	8298	8011
0:24:44	30.0	6761	5349	5401	12115	10331	8327	8045
0:24:48	30.0	6775	5310	5441	11995	10360	8305	8017
0:24:52	30.0	6810	5300	5395	12088	10360	8323	8056
0:24:56	30.0	6690	5367	5398	12072	10329	8372	8087
0:25:00	30.0	6744	5340	5452	12113	10434	8371	8101
0:25:04	30.0	6791	5359	5378	12081	10454	8441	8052
0:25:08	30.0	6743	5318	5432	12216	10370	8439	8109
0:25:12	30.0	6792	5291	5399	12166	10460	8332	8075
0:25:16	30.0	6770	5362	5364	12139	10405	8382	8071
0:25:20	30.0	6765	5332	5408	12200	10407	8366	8116
0:25:24	30.0	6853	5372	5397	12162	10514	8445	8102
0:25:28	30.0	6727	5329	5393	12157	10529	8456	8090
0:25:32	30.0	6833	5274	5442	12183	10613	8399	8081
0:25:36	30.0	6816	5313	5414	12297	10499	8482	8057
0:25:40	30.0	6810	5331	5456	12389	10441	8410	8139
0:25:44	30.0	6809	5276	5436	12304	10487	8455	8086
0:25:48	30.0	6795	5299	5389	12302	10560	8458	8070
0:25:52	30.0	6806	5279	5441	12203	10579	8418	8154
0:25:56	30.0	6858	5288	5389	12306	10507	8487	8067
0:26:00	30.0	6770	5287	5400	12444	10386	8442	8105
0:26:04	30.0	6821	5315	5457	12385	10595	8483	8088
0:26:08	30.0	6805	5359	5400	12426	10561	8488	8089
0:26:12	30.0	6850	5335	5421	12427	10569	8462	8174
0:26:16	30.0	6776	5340	5417	12428	10596	8428	8243
0:26:20	30.0	6757	5338	5458	12553	10592	8466	8208
0:26:24	30.0	6824	5372	5367	12436	10674	8534	8168
0:26:28	30.0	6753	5354	5378	12427	10568	8500	8132
0:26:32	30.0	6817	5362	5401	12535	10543	8535	8141
0:26:36	30.0	6800	5358	5413	12440	10581	8550	8170
0:26:40	30.0	6819	5305	5398	12548	10599	8543	8233
0:26:44	30.0	6818	5377	5456	12529	10706	8555	8146
0:26:48	30.0	6893	5377	5414	12439	10569	8556	8186
0:26:52	30.0	6816	5313	5395	12461	10667	8505	8197
0:26:56	30.0	6838	5339	5412	12520	10714	8557	8170
0:27:00	30.0	6863	5304	5399	12499	10704	8514	8165
0:27:04	30.0	6735	5315	5421	12490	10729	8600	8271
0:27:08	30.0	6821	5347	5416	12523	10800	8526	8123
0:27:12	30.0	6849	5327	5419	12570	10728	8570	8245
0:27:16	30.0	6862	5365	5434	12722	10786	8599	8235
0:27:20	30.0	6870	5338	5400	12652	10634	8525	8192
0:27:24	30.0	6832	5334	5366	12682	10781	8558	8218
0:27:28	30.0	6863	5269	5416	12633	10817	8589	8205
0:27:32	30.0	6827	5318	5443	12739	10779	8525	8232
0:27:36	30.0	6733	5353	5405	12656	10905	8605	8227
0:27:40	30.0	6804	5327	5404	12760	10833	8617	8273
0:27:44	30.0	6789	5321	5389	12624	10778	8626	8228
0:27:48	30.0	6816	5288	5408	12700	10871	8690	8286
0:27:52	30.0	6862	5264	5433	12774	10833	8591	8286
0:27:56	30.0	6807	5267	5439	12766	10854	8548	8256
0:28:00	30.0	6830	5316	5354	12681	10815	8611	8240
0:28:04	30.0	6817	5351	5417	12739	10874	8591	8342
0:28:08	30.0	6860	5315	5440	12839	10754	8585	8270
0:28:12	30.0	6856	5313	5446	12742	10928	8638	8265
0:28:16	30.0	6806	5299	5379	12764	10862	8614	8249
0:28:20	30.0	6759	5331	5404	12972	10860	8625	8273
0:28:24	30.0	6835	5302	5379	12856	10994	8710	8233
0:28:28	30.0	6798	5298	5412	12818	10851	8684	8255
0:28:32	30.0	6824	5299	5392	12965	10908	8629	8348
0:28:36	30.0	6810	5279	5420	12914	10920	8702	8291
0:28:40	30.0	6805	5350	5384	12794	10956	8640	8306
0:28:44	30.0	6830	5348	5437	12879	11003	8607	8355
0:28:48	30.0	6789	5322	5411	12876	11012	8693	8295
0:28:52	30.0	6854	5294	5416	12974	10948	8633	8341
0:28:56	30.0	6824	5306	5486	12980	10991	8741	8269
0:29:00	30.0	6881	5281	5408	12976	11063	8704	8284
0:29:04	30.0	6768	5319	5421	13013	11059	8779	8360
0:29:08	30.0	6866	5322	5409	12978	11068	8671	8284
0:29:12	30.0	6862	5328	5429	13042	11082	8816	8293
0:29:16	30.0	6891	5287	5408	13026	10923	8723	8384
0:29:20	30.0	6883	5291	5427	13148	11150	8722	8406
0:29:24	30.0	6875	5311	5402	13074	11137	8790	8426
0:29:28	30.0	6856	5303	5385	13145	11119	8727	8361
0:29:32	30.0	6840	5289	5379	13062	11018	8795	8349
0:29:36	30.0	6855	5296	5452	13143	11017	8782	8317
0:29:40	30.0	6848	5337	5397	13148	11130	8721	8376
0:29:44	30.0	6881	5339	5383	13084	11015	8831	8375
0:29:48	30.0	6803	5269	5398	13141	11150	8779	8366
0:29:52	30.0	6923	5304	5396	13131	11136	8815	8380
0:29:56	30.0	6835	5318	5347	13155	11120	8796	8394
0:30:00	30.0	6871	5292	5414	13195	11178	8801	8367
0:30:04	30.0	6911	5263	5429	13214	11176	8802	8428
0:30:08	30.0	6898	5307	5351	13275	11157	8802	8349
0:30:12	30.0	6861	5311	5448	13205	11207	8898	8368
0:30:16	30.0	6867	5285	5370	13319	11234	8821	8419
0:30:20	30.0	6914	5286	5409	13316	11236	8855	8408
0:30:24	30.0	6935	5327	5403	13195	11256	8806	8472
0:30:28	30.0	6842	5303	5408	13429	11268	8821	8417
0:30:32	30.0	6935	5319	5403	13273	11141	8870	8462
0:30:36	30.0	6886	5323	5400	13371	11328	8806	8426
0:30:40	30.0	6910	5314	5432	13339	11311	8848	8398
0:30:44	30.0	6935	5345	5460	13343	11246	8863	8448
0:30:48	30.0	6853	5284	5423	13388	11185	8828	8498
0:30:52	30.0	6867	5307	5433	13400	11309	8843	8427
0:30:56	30.0	6897	5294	5412	13355	11272	8871	8461
0:31:00	30.0	6909	5311	5432	13470	11319	8945	8425
0:31:04	30.0	6839	5333	5424	13524	11370	8854	8454
0:31:08	30.0	6873	5299	5412	13404	11284	8899	8485
0:31:12	30.0	6887	5312	5472	13350	11429	8823	8479
0:31:16	30.0	6919	5335	5398	13471	11263	8889	8454
0:31:20	30.0	6886	5300	5413	13578	11465	9001	8512
0:31:24	30.0	6869	5317	5467	13406	11390	8958	8505
0:31:28	30.0	6867	5286	5411	13460	11394	9007	8480
0:31:32	30.0	6938	5328	5439	13569	11423	8977	8466
0:31:36	30.0	6896	5315	5423	13545	11386	8953	8485
0:31:40	30.0	6918	5280	5403	13657	11469	9002	8493
0:31:44	30.0	6879	5301	5488	13629	11384	8916	8509
0:31:48	30.0	6929	5343	5438	13687	11426	8941	8561
0:31:52	30.0	6908	5266	5397	13562	11483	8940	8483
0:31:56	30.0	6878	5325	5441	13625	11422	8986	8543
0:32:00	30.0	6935	5314	5415	13594	11496	8988	8550
0:32:04	30.0	6966	5302	5421	13692	11450	9015	8586
0:32:08	30.0	6916	5288	5459	13632	11566	8983	8559
0:32:12	30.0	6897	5309	5485	13599	11566	9030	8572
0:32:16	30.0	6963	5346	5398	13711	11499	8953	8619
0:32:20	30.0	6892	5311	5437	13564	11527	8899	8537
0:32:24	30.0	6973	5357	5402	13740	11548	9083	8515
0:32:28	30.0	6929	5320	5421	13748	11611	8996	8645
0:32:32	30.0	6929	5249	5428	13750	11560	8989	8614
0:32:36	30.0	6981	5341	5423	13742	11643	9052	8634
0:32:40	30.0	6899	5319	5381	13707	11575	8994	8611
0:32:44	30.0	6929	5257	5374	13762	11523	9002	8609
0:32:48	30.0	6921	5321	5440	13759	11637	9012	8608
0:32:52	30.0	6925	5299	5349	13880	11596	9029	8670
0:32:56	30.0	6884	5338	5425	13791	11692	9036	8660
0:33:00	30.0	6941	5326	5459	13722	11624	9109	8568
0:33:04	30.0	6931	5334	5405	13851	11775	9081	8646
0:33:08	30.0	6967	5345	5410	13846	11657	9089	8610
0:33:12	30.0	6913	5276	5485	13879	11685	9082	8578
0:33:16	30.0	6994	5333	5442	13836	11745	9086	8614
0:33:20	30.0	6840	5296	5445	13786	11731	9060	8668
0:33:24	30.0	6952	5311	5429	13889	11622	9000	8614
0:33:28	30.0	6992	5333	5400	13904	11683	9037	8644
0:33:32	30.0	6937	5297	5425	13919	11707	9039	8651
0:33:36	30.0	6932	5295	5408	13998	11744	9133	8675
0:33:40	30.0	6879	5272	5447	13888	11650	9111	8696
0:33:44	30.0	6944	5254	5462	13919	11682	9095	8657
0:33:48	30.0	6944	5316	5427	13970	11696	9121	8696
0:33:52	30.0	6919	5275	5410	14013	11786	9122	8597
0:33:56	30.0	6998	5286	5447	14164	11809	9158	8716
0:34:00	30.0	6954	5287	5376	14098	11793	9135	8708
0:34:04	30.0	6927	5311	5406	14085	11825	9148	8653
0:34:08	30.0	6953	5333	5377	14061	11747	9187	8756
0:34:12	30.0	6958	5322	5438	14108	11818	9192	8819
0:34:16	30.0	6938	5285	5393	14014	11765	9179	8705
0:34:20	30.0	6973	5295	5462	14027	11916	9214	8730
0:34:24	30.0	6991	5300	5405	14098	11756	9241	8686
0:34:28	30.0	6955	5276	5411	14153	11775	9256	8689
0:34:32	30.0	6917	5272	5440	14173	11933	9172	8710
0:34:36	30.0	6955	5324	5428	14275	11889	9124	8686
0:34:40	30.0	6953	5292	5459	14200	11888	9235	8755
0:34:44	30.0	7033	5239	5396	14230	11816	9179	8706
0:34:48	30.0	6981	5285	5407	14130	11927	9177	8700
0:34:52	30.0	7028	5306	5422	14114	11882	9161	8798
0:34:56	30.0	6929	5321	5427	14243	11917	9268	8668
0:35:00	30.0	6957	5329	5428	14252	11982	9203	8698
0:35:04	30.0	6976	5286	5379	14205	12022	9172	8740
0:35:08	30.0	6954	5293	5449	14266	12046	9220	8727
0:35:12	30.0	6969	5365	5413	14302	11954	9120	8740
0:35:16	30.0	6993	5284	5447	14297	11953	9274	8799
0:35:20	30.0	6903	5305	5349	14281	12024	9193	8754
0:35:24	30.0	6994	5309	5464	14357	11994	9225	8685
0:35:28	30.0	6928	5320	5427	14353	11986	9218	8830
0:35:32	30.0	6986	5267	5418	14348	11939	9297	8801
0:35:36	30.0	6978	5345	5418	14353	11921	9280	8850
0:35:40	30.0	6941	5291	5399	14223	11986	9318	8715
0:35:44	30.0	6969	5279	5417	14284	12018	9246	8811
0:35:48	30.0	7013	5296	5422	14449	12079	9329	8778
0:35:52	30.0	6999	5275	5382	14371	11972	9285	8812
0:35:56	30.0	7020	5257	5449	14372	12074	9343	8854
0:36:00	30.0	6979	5257	5407	14387	12086	9327	8701
0:36:04	30.0	6951	5305	5444	14530	12147	9318	8808
0:36:08	30.0	7035	5288	5411	14464	12065	9309	8852
0:36:12	30.0	6963	5330	5420	14532	12061	9290	8774
0:36:16	30.0	7028	5271	5388	14330	12014	9351	8812
0:36:20	30.0	7007	5325	5423	14477	12065	9368	8865
0:36:24	30.0	7034	5267	5404	14550	12140	9327	8795
0:36:28	30.0	6932	5267	5396	14638	12170	9315	8852
0:36:32	30.0	7006	5303	5431	14523	12153	9395	8819
0:36:36	30.0	7056	5352	5430	14565	12107	9422	8879
0:36:40	30.0	7019	5281	5428	14416	12127	9338	8854
0:36:44	30.0	7051	5337	5377	14530	12227	9349	8875
0:36:48	30.0	7005	5291	5419	14581	12141	9381	8932
0:36:52	30.0	7017	5318	5445	14430	12164	9430	8785
0:36:56	30.0	6995	5309	5423	14529	12312	9404	8902
0:37:00	30.0	6981	5264	5435	14581	12294	9347	8959
0:37:04	30.0	7043	5318	5404	14537	12228	9336	8893
0:37:08	30.0	7018	5271	5408	14675	12168	9417	8833
0:37:12	30.0	6970	5272	5402	14617	12225	9369	8912
0:37:16	30.0	7022	5290	5420	14642	12308	9390	8859
0:37:20	30.0	7048	5291	5419	14650	12296	9355	8833
0:37:24	30.0	6983	5313	5417	14661	12277	9399	8913
0:37:28	30.0	6994	5334	5440	14705	12368	9369	8890
0:37:32	30.0	7042	5336	5397	14586	12251	9464	8928
0:37:36	30.0	7069	5347	5353	14685	12253	9512	8919
0:37:40	30.0	7013	5328	5460	14731	12274	9510	8921
0:37:44	30.0	7026	5333	5427	14728	12343	9487	8941
0:37:48	30.0	6965	5309	5388	14718	12400	9524	9004
0:37:52	30.0	6962	5321	5420	14762	12321	9474	9000
0:37:56	30.0	6999	5372	5450	14708	12333	9503	9064
0:38:00	30.0	6956	5295	5379	14907	12350	9522	8879
0:38:04	30.0	7017	5274	5390	14796	12399	9511	8910
0:38:08	30.0	7067	5311	5377	14875	12349	9453	8974
0:38:12	30.0	6984	5262	5395	14857	12407	9575	8822
0:38:16	30.0	7040	5283	5410	14870	12492	9490	8995
0:38:20	30.0	6955	5244	5470	14784	12399	9445	8962
0:38:24	30.0	6992	5264	5390	14904	12398	9553	8884
0:38:28	30.0	7058	5288	5385	14911	12470	9557	8975
0:38:32	30.0	7069	5290	5437	14821	12444	9517	8990
0:38:36	30.0	7054	5297	5407	14966	12486	9570	9001
0:38:40	30.0	7028	5335	5404	14875	12540	9537	8986
0:38:44	30.0	7061	5225	5422	14866	12421	9535	8942
0:38:48	30.0	7065	5284	5389	14864	12517	9568	9048
0:38:52	30.0	6991	5274	5399	14901	12467	9464	9041
0:38:56	30.0	7079	5282	5402	15020	12482	9488	9053
0:39:00	30.0	7007	5239	5437	14971	12547	9500	9063
0:39:04	30.0	7059	5333	5379	14943	12609	9568	9025
0:39:08	30.0	7073	5248	5397	14953	12483	9467	8998
0:39:12	30.0	7106	5319	5366	15019	12544	9633	8985
0:39:16	30.0	7083	5303	5459	14984	12599	9646	8982
0:39:20	30.0	7113	5345	5428	14985	12588	9583	9019
0:39:24	30.0	7029	5302	5427	15154	12588	9600	9055
0:39:28	30.0	7002	5275	5412	15017	12596	9616	9052
0:39:32	30.0	7001	5291	5443	15015	12474	9584	9027
0:39:36	30.0	7030	5316	5392	15020	12560	9712	9113
0:39:40	30.0	7060	5262	5391	15094	12563	9623	9102
0:39:44	30.0	7090	5294	5404	15134	12650	9613	9096
0:39:48	30.0	7078	5317	5438	15246	12659	9607	9028
0:39:52	30.0	7032	5297	5440	15149	12711	9610	9055
0:39:56	30.0	7081	5329	5393	15066	12708	9713	9080
0:40:00	30.0	7020	5324	5424	15041	12690	9737	9170
0:40:04	30.0	7088	5354	5397	15049	12579	9570	9041
0:40:08	30.0	7019	5268	5429	15287	12694	9693	9123
0:40:12	30.0	7024	5249	5399	15146	12596	9617	9126
0:40:16	30.0	7061	5335	5442	15098	12824	9648	9124
0:40:20	30.0	7062	5262	5442	14979	12662	9645	9094
0:40:24	30.0	7031	5313	5419	15177	12795	9711	9079
0:40:28	30.0	7055	5306	5419	15299	12605	9787	9105
0:40:32	30.0	7108	5309	5366	15180	12719	9668	9166
0:40:36	30.0	7042	5314	5398	15192	12738	9685	9158
0:40:40	30.0	7014	5278	5374	15210	12772	9712	9167
0:40:44	30.0	7054	5301	5398	15334	12735	9626	9155
0:40:48	30.0	7042	5275	5395	15334	12865	9728	9146
0:40:52	30.0	7104	5279	5358	15314	12678	9773	9178
0:40:56	30.0	7090	5304	5426	15357	12913	9749	9123
0:41:00	30.0	7096	5284	5401	15294	12709	9752	9178
0:41:04	30.0	7115	5320	5427	15276	12816	9706	9181
0:41:08	30.0	7066	5283	5381	15214	12807	9698	9135
0:41:12	30.0	7071	5327	5397	15404	12848	9689	9071
0:41:16	30.0	7124	5347	5347	15350	12794	9857	9162
0:41:20	30.0	7166	5300	5440	15313	12718	9818	9083
0:41:24	30.0	7083	5304	5402	15541	12843	9793	9199
0:41:28	30.0	7083	5243	5434	15481	12910	9682	9218
0:41:32	30.0	7111	5303	5433	15544	12914	9802	9184
0:41:36	30.0	7084	5278	5398	15426	12854	9764	9239
0:41:40	30.0	7016	5302	5372	15539	12869	9740	9179
0:41:44	30.0	7160	5247	5389	15400	12863	9707	9189
0:41:48	30.0	7050	5327	5406	15405	12893	9853	9253
0:41:52	30.0	7107	5259	5372	15341	12972	9798	9177
0:41:56	30.0	7146	5255	5421	15455	13034	9819	9224
0:42:00	30.0	7199	5276	5382	15395	12895	9876	9245
0:42:04	30.0	7063	5244	5442	15515	12961	9857	9195
0:42:08	30.0	7121	5294	5407	15492	12948	9828	9283
0:42:12	30.0	7119	5301	5403	15591	12906	9798	9190
0:42:16	30.0	7132	5257	5388	15590	13018	9866	9266
0:42:20	30.0	7121	5276	5372	15394	13012	9868	9207
0:42:24	30.0	7152	5231	5375	15484	13045	9810	9296
0:42:28	30.0	7071	5307	5404	15566	13002	9792	9198
0:42:32	30.0	7080	5237	5392	15531	12991	9830	9243
0:42:36	30.0	7120	5304	5410	15628	13042	9919	9208
0:42:40	30.0	7105	5291	5414	15561	13049	9872	9269
0:42:44	30.0	7148	5292	5411	15665	12969	9926	9238
0:42:48	30.0	7114	5293	5431	15517	13002	9911	9242
0:42:52	30.0	7138	5288	5390	15444	13104	9946	9210
0:42:56	30.0	7108	5299	5373	15704	13116	9939	9300
0:43:00	30.0	7153	5292	5378	15640	13005	9916	9295
0:43:04	30.0	7153	5301	5407	15671	13175	9892	9242
0:43:08	30.0	7100	5255	5412	15694	13039	9955	9251
0:43:12	30.0	7114	5302	5427	15711	13120	9831	9290
0:43:16	30.0	7130	5257	5395	15746	13159	9826	9418
0:43:20	30.0	7126	5293	5425	15598	13151	9943	9311
0:43:24	30.0	7086	5298	5398	15717	13246	9868	9330
0:43:28	30.0	7106	5260	5393	15793	13025	9964	9255
0:43:32	30.0	7127	5247	5413	15767	13176	9801	9352
0:43:36	30.0	7092	5291	5373	15659	13297	10013	9321
0:43:40	30.0	7162	5301	5417	15718	13232	9873	9367
0:43:44	30.0	7142	5301	5363	15761	13236	9903	9342
0:43:48	30.0	7222	5256	5413	15722	13108	9908	9298
0:43:52	30.0	7125	5307	5401	15823	13093	9907	9261
0:43:56	30.0	7147	5307	5418	15831	13235	9977	9375
0:44:00	30.0	7175	5263	5411	15776	13297	9949	9381
0:44:04	30.0	7132	5273	5447	15927	13276	9931	9388
0:44:08	30.0	7205	5274	5424	15790	13302	10068	9295
0:44:12	30.0	7124	5260	5394	15789	13260	10001	9380
0:44:16	30.0	7104	5297	5395	15839	13209	9963	9401
0:44:20	30.0	7168	5280	5408	15853	13264	10042	9407
0:44:24	30.0	7135	5233	5430	15908	13256	10034	9470
0:44:28	30.0	7199	5250	5413	15863	13454	10007	9418
0:44:32	30.0	7129	5273	5449	15982	13267	9991	9380
0:44:36	30.0	7103	5301	5375	15757	13218	9995	9458
0:44:40	30.0	7171	5301	5441	15946	13356	9994	9407
0:44:44	30.0	7157	5274	5370	15930	13288	10069	9444
0:44:48	30.0	7089	5266	5383	15838	13396	10132	9471
0:44:52	30.0	7209	5285	5350	15722	13397	9961	9408
0:44:56	30.0	7147	5310	5370	15920	13249	10105	9382
0:45:00	30.0	7158	5326	5389	15915	13379	9988	9455
0:45:04	30.0	7108	5250	5407	15980	13388	10046	9402
0:45:08	30.0	7187	5323	5416	15893	13545	10011	9441
0:45:12	30.0	7157	5295	5421	16027	13460	10101	9415
0:45:16	30.0	7183	5312	5372	16040	13426	9994	9455
0:45:20	30.0	7260	5268	5405	15957	13398	10111	9425
0:45:24	30.0	7150	5290	5433	16142	13416	10031	9530
0:45:28	30.0	7163	5242	5393	15888	13436	10114	9468
0:45:32	30.0	7162	5240	5439	16012	13378	10100	9387
0:45:36	30.0	7209	5269	5393	16022	13524	10206	9523
0:45:40	30.0	7211	5275	5379	15906	13481	10226	9552
0:45:44	30.0	7167	5241	5387	16036	13516	10100	9408
0:45:48	30.0	7187	5287	5378	16120	13524	10066	9527
0:45:52	30.0	7192	5301	5398	16120	13559	10158	9533
0:45:56	30.0	7230	5325	5427	16162	13510	10145	9578
0:46:00	30.0	7231	5278	5402	16037	13613	10189	9458
0:46:04	30.0	7185	5310	5406	16184	13578	10226	9586
0:46:08	30.0	7194	5207	5406	16201	13566	10129	9512
0:46:12	30.0	7161	5275	5451	16162	13394	10153	9562
0:46:16	30.0	7181	5243	5426	16120	13539	10122	9471
0:46:20	30.0	7199	5259	5391	16021	13687	10175	9543
0:46:24	30.0	7194	5287	5381	16227	13489	10171	9498
0:46:28	30.0	7169	5317	5385	16093	13465	10166	9651
0:46:32	30.0	7228	5250	5405	16277	13536	10173	9542
0:46:36	30.0	7143	5210	5435	16317	13632	10194	9526
0:46:40	30.0	7184	5250	5381	16216	13596	10159	9459
0:46:44	30.0	7213	5301	5398	16143	13548	10216	9570
0:46:48	30.0	7201	5273	5372	16139	13645	10209	9581
0:46:52	30.0	7214	5293	5398	16193	13673	10171	9571
0:46:56	30.0	7250	5271	5387	16203	13517	10224	9472
0:47:00	30.0	7222	5321	5424	16112	13660	10130	9618
0:47:04	30.0	7216	5271	5428	16296	13596	10278	9617
0:47:08	30.0	7211	5307	5384	16275	13656	10177	9610
0:47:12	30.0	7223	5250	5406	16199	13732	10274	9581
0:47:16	30.0	7194	5263	5388	16328	13661	10271	9524
0:47:20	30.0	7209	5212	5419	16216	13660	10297	9605
0:47:24	30.0	7271	5263	5387	16353	13761	10240	9538
0:47:28	30.0	7209	5289	5392	16181	13723	10321	9658
0:47:32	30.0	7221	5278	5381	16387	13779	10246	9561
0:47:36	30.0	7226	5310	5415	16232	13619	10339	9637
0:47:40	30.0	7141	5278	5415	16275	13815	10318	9605
0:47:44	30.0	7167	5248	5375	16325	13640	10246	9550
0:47:48	30.0	7194	5285	5419	16249	13651	10252	9628
0:47:52	30.0	7157	5274	5404	16364	13788	10406	9623
0:47:56	30.0	7186	5237	5412	16418	13675	10313	9670
0:48:00	30.0	7214	5270	5396	16435	13759	10378	9653
0:48:04	30.0	7229	5309	5388	16353	13775	10323	9653
0:48:08	30.0	7222	5323	5414	16301	13846	10256	9664
0:48:12	30.0	7262	5257	5378	16454	13798	10328	9619
0:48:16	30.0	7190	5249	5426	16461	13822	10324	9559
0:48:20	30.0	7188	5288	5414	16341	13859	10279	9558
0:48:24	30.0	7226	5285	5402	16392	13799	10319	9670
0:48:28	30.0	7195	5313	5400	16322	13832	10336	9594
0:48:32	30.0	7248	5272	5365	16479	13975	10416	9594
0:48:36	30.0	7258	5273	5396	16428	13945	10416	9664
0:48:40	30.0	7265	5281	5397	16330	13872	10355	9661
0:48:44	30.0	7245	5218	5395	16565	13805	10364	9709
0:48:48	30.0	7229	5272	5441	16500	13805	10367	9688
0:48:52	30.0	7258	5317	5393	16353	13946	10331	9657
0:48:56	30.0	7210	5250	5424	16446	13890	10423	9746
0:49:00	30.0	7270	5262	5376	16396	13879	10412	9718
0:49:04	30.0	7225	5301	5335	16558	13851	10386	9690
0:49:08	30.0	7164	5291	5375	16531	13900	10498	9762
0:49:12	30.0	7299	5255	5382	16533	13931	10454	9748
0:49:16	30.0	7221	5237	5383	16611	13927	10487	9760
0:49:20	30.0	7230	5233	5366	16426	13923	10454	9654
0:49:24	30.0	7280	5258	5367	16659	13970	10438	9720
0:49:28	30.0	7309	5240	5409	16545	14040	10487	9680
0:49:32	30.0	7292	5328	5401	16513	14046	10489	9741
0:49:36	30.0	7232	5282	5392	16631	13917	10516	9666
0:49:40	30.0	7308	5286	5397	16703	14061	10489	9709
0:49:44	30.0	7251	5280	5337	16631	14030	10464	9783
0:49:48	30.0	7292	5283	5383	16586	13987	10416	9830
0:49:52	30.0	7279	5319	5391	16685	13936	10434	9768
0:49:56	30.0	7259	5287	5389	16677	14008	10426	9705
0:50:00	30.0	7271	5315	5430	16636	14035	10457	9831
0:50:04	30.0	7276	5251	5390	16620	13975	10442	9792
0:50:08	30.0	7286	5262	5386	16534	14077	10492	9741
0:50:12	30.0	7278	5278	5400	16590	14119	10510	9728
0:50:16	30.0	7257	5318	5406	16710	14054	10509	9890
0:50:20	30.0	7297	5360	5401	16647	14091	10578	9691
0:50:24	30.0	7213	5304	5385	16605	14047	10632	9836
0:50:28	30.0	7266	5278	5415	16700	14182	10549	9757
0:50:32	30.0	7226	5243	5381	16628	14041	10490	9744
0:50:36	30.0	7265	5223	5354	16554	14093	10549	9803
0:50:40	30.0	7348	5284	5389	16838	14090	10488	9866
0:50:44	30.0	7271	5251	5352	16750	14177	10536	9797
0:50:48	30.0	7209	5291	5444	16715	14097	10548	9835
0:50:52	30.0	7328	5224	5416	16769	14159	10554	9919
0:50:56	30.0	7280	5300	5375	16799	14060	10477	9835
0:51:00	30.0	7327	5248	5346	16734	14210	10660	9907
0:51:04	30.0	7245	5270	5380	16744	14115	10536	9867
0:51:08	30.0	7317	5261	5398	16741	14257	10593	9895
0:51:12	30.0	7279	5269	5410	16725	14143	10509	9783
0:51:16	30.0	7268	5244	5381	16765	14310	10593	9878
0:51:20	30.0	7280	5289	5399	16796	14268	10592	9869
0:51:24	30.0	7219	5272	5418	16805	14193	10581	9821
0:51:28	30.0	7283	5269	5331	16883	14241	10608	9867
0:51:32	30.0	7302	5301	5407	16569	14086	10637	9845
0:51:36	30.0	7265	5271	5376	16817	14295	10521	9788
0:51:40	30.0	7301	5268	5346	16697	14334	10607	9843
0:51:44	30.0	7363	5318	5392	16718	14217	10721	9988
0:51:48	30.0	7250	5259	5412	16828	14330	10554	9894
0:51:52	30.0	7252	5261	5409	16745	14288	10720	9926
0:51:56	30.0	7317	5298	5365	16891	14227	10573	9891
0:52:00	30.0	7328	5268	5421	16692	14315	10723	9855
0:52:04	30.0	7275	5301	5349	16709	14317	10685	9888
0:52:08	30.0	7306	5279	5367	16728	14327	10608	9928
0:52:12	30.0	7288	5201	5374	16894	14424	10658	9843
0:52:16	30.0	7330	5270	5379	16785	14365	10599	9944
0:52:20	30.0	7295	5251	5427	16779	14274	10688	9907
0:52:24	30.0	7294	5251	5400	16937	14405	10725	9952
0:52:28	30.0	7279	5283	5396	16824	14379	10700	9976
0:52:32	30.0	7348	5283	5393	16839	14377	10623	9937
0:52:36	30.0	7333	5259	5379	16770	14456	10704	9910
0:52:40	30.0	7278	5262	5382	16851	14332	10709	9932
0:52:44	30.0	7293	5263	5390	16974	14464	10759	9883
0:52:48	30.0	7344	5300	5366	16824	14342	10689	9928
0:52:52	30.0	7350	5254	5391	16930	14427	10644	10002
0:52:56	30.0	7333	5275	5355	16780	14492	10665	9910
0:53:00	30.0	7331	5258	5430	17093	14334	10714	10021
0:53:04	30.0	7310	5208	5353	16899	14389	10659	9862
0:53:08	30.0	7310	5238	5396	16941	14507	10663	9974
0:53:12	30.0	7344	5265	5414	16953	14504	10664	10008
0:53:16	30.0	7331	5288	5408	16923	14450	10763	10011
0:53:20	30.0	7338	5270	5410	16952	14384	10607	9999
0:53:24	30.0	7307	5284	5344	16960	14591	10800	9978
0:53:28	30.0	7312	5259	5390	16984	14599	10771	10007
0:53:32	30.0	7360	5266	5370	16890	14551	10790	10086
0:53:36	30.0	7325	5258	5387	16973	14464	10858	9960
0:53:40	30.0	7327	5263	5349	17070	14552	10840	10047
0:53:44	30.0	7358	5276	5395	17123	14468	10790	9994
0:53:48	30.0	7350	5281	5372	17011	14592	10760	9956
0:53:52	30.0	7347	5270	5393	16987	14502	10851	10000
0:53:56	30.0	7305	5258	5419	17007	14565	10790	10113
0:54:00	30.0	7337	5288	5389	16895	14631	10713	10044
0:54:04	30.0	7313	5264	5373	16917	14507	10844	10082
0:54:08	30.0	7344	5265	5386	16914	14592	10807	10039
0:54:12	30.0	7265	5276	5342	17061	14637	10701	9971
0:54:16	30.0	7352	5257	5418	16980	14645	10813	10166
0:54:20	30.0	7328	5269	5376	17038	14644	10880	10075
0:54:24	30.0	7347	5265	5382	17095	14644	10842	10065
0:54:28	30.0	7379	5254	5390	17067	14562	10922	10079
0:54:32	30.0	7336	5244	5407	17038	14575	10892	10147
0:54:36	30.0	7376	5226	5414	17091	14626	10939	10119
0:54:40	30.0	7287	5228	5380	17008	14554	10845	10094
0:54:44	30.0	7352	5264	5383	16962	14592	10789	10087
0:54:48	30.0	7323	5281	5423	17110	14737	10886	10106
0:54:52	30.0	7337	5199	5411	17178	14580	10980	10114
0:54:56	30.0	7382	5258	5384	17066	14763	10938	10175
0:55:00	30.0	7344	5278	5392	17103	14619	10952	10196
0:55:04	30.0	7401	5240	5455	17085	14604	10867	9990
0:55:08	30.0	7347	5234	5427	17047	14643	10817	10059
0:55:12	30.0	7295	5290	5382	17155	14673	10939	10055
0:55:16	30.0	7358	5225	5431	17194	14716	10891	10075
0:55:20	30.0	7332	5257	5429	17019	14657	10935	10130
0:55:24	30.0	7335	5285	5333	17031	14733	10980	10151
0:55:28	30.0	7355	5242	5378	17051	14776	10931	10125
0:55:32	30.0	7422	5227	5382	17082	14639	10944	10072
0:55:36	30.0	7401	5288	5344	17234	14768	10912	10170
0:55:40	30.0	7338	5264	5354	17088	14869	10981	10103
0:55:44	30.0	7338	5260	5433	17091	14732	10972	10132
0:55:48	30.0	7405	5245	5412	17017	15005	11008	10126
0:55:52	30.0	7388	5241	5414	17186	14700	10896	10183
0:55:56	30.0	7290	5207	5388	17171	14875	10987	10193
0:56:00	30.0	7366	5273	5399	17118	14797	11024	10149
0:56:04	30.0	7390	5286	5428	17271	14707	11024	10174
0:56:08	30.0	7371	5227	5309	17154	14887	11043	10109
0:56:12	30.0	7375	5244	5416	17284	14750	10943	10257
0:56:16	30.0	7382	5287	5365	17161	14781	10992	10228
0:56:20	30.0	7390	5252	5369	17170	14822	10941	10082
0:56:24	30.0	7433	5261	5333	17163	14775	10996	10169
0:56:28	30.0	7385	5271	5389	17183	14780	10913	10256
0:56:32	30.0	7434	5316	5368	17206	14909	11011	10179
0:56:36	30.0	7378	5238	5359	17154	14980	10976	10287
0:56:40	30.0	7430	5235	5366	17088	14887	10964	10189
0:56:44	30.0	7360	5201	5405	17280	14936	10989	10220
0:56:48	30.0	7440	5247	5384	17234	14984	11049	10163
0:56:52	30.0	7460	5281	5354	17127	14928	11135	10144
0:56:56	30.0	7367	5238	5439	17294	14831	11050	10242
0:57:00	30.0	7419	5257	5408	17151	14805	11009	10258
0:57:04	30.0	7478	5248	5370	17211	15064	11031	10186
0:57:08	30.0	7445	5283	5388	17202	15014	11025	10157
0:57:12	30.0	7417	5261	5340	17261	14947	11087	10195
0:57:16	30.0	7368	5245	5357	17016	14982	11097	10264
0:57:20	30.0	7386	5274	5404	17256	14997	11156	10324
0:57:24	30.0	7420	5299	5371	17185	15070	11128	10189
0:57:28	30.0	7377	5290	5394	17103	14991	11110	10263
0:57:32	30.0	7424	5246	5361	17086	15018	11028	10158
0:57:36	30.0	7420	5253	5345	17230	15124	11066	10266
0:57:40	30.0	7402	5228	5399	17171	14968	11126	10250
0:57:44	30.0	7468	5294	5386	17150	15141	11150	10297
0:57:48	30.0	7400	5268	5355	17389	15021	11013	10286
0:57:52	30.0	7411	5269	5360	17257	15025	11149	10157
0:57:56	30.0	7415	5253	5375	17188	14932	11201	10247
0:58:00	30.0	7455	5259	5368	17323	15065	11138	10336
0:58:04	30.0	7463	5259	5364	17257	14989	11153	10360
0:58:08	30.0	7427	5297	5357	17370	14952	11086	10195
0:58:12	30.0	7413	5292	5392	17125	15201	11030	10324
0:58:16	30.0	7401	5273	5382	17317	15168	11135	10225
0:58:20	30.0	7413	5271	5387	17336	15150	11146	10282
0:58:24	30.0	7499	5256	5398	17260	15187	11149	10322
0:58:28	30.0	7423	5265	5385	17241	15011	11210	10245
0:58:32	30.0	7458	5280	5382	17336	15116	11140	10271
0:58:36	30.0	7452	5289	5366	17304	15133	11272	10288
0:58:40	30.0	7429	5267	5340	17328	15125	11223	10381
0:58:44	30.0	7433	5285	5382	17178	15130	11153	10261
0:58:48	30.0	7473	5248	5373	17330	15178	11201	10267
0:58:52	30.0	7455	5269	5373	17276	15152	11163	10372
0:58:56	30.0	7419	5288	5327	17278	15209	11177	10430
0:59:00	30.0	7463	5272	5366	17322	15193	11209	10415
0:59:04	30.0	7419	5286	5393	17279	15182	11230	10380
0:59:08	30.0	7429	5236	5329	17437	15214	11215	10454
0:59:12	30.0	7454	5236	5360	17163	15134	11291	10341
0:59:16	30.0	7445	5280	5369	17234	15227	11184	10384
0:59:20	30.0	7457	5310	5385	17171	15254	11250	10367
0:59:24	30.0	7405	5234	5424	17186	15331	11236	10364
0:59:28	30.0	7496	5282	5428	17307	15109	11283	10328
0:59:32	30.0	7447	5264	5365	17172	15225	11273	10334
0:59:36	30.0	7509	5289	5419	17320	15279	11332	10359
0:59:40	30.0	7496	5251	5385	17205	15226	11333	10382
0:59:44	30.0	7452	5274	5329	17313	15311	11324	10370
0:59:48	30.0	7497	5271	5366	17325	15269	11293	10379
0:59:52	30.0	7490	5274	5403	17406	15425	11178	10431
0:59:56	30.0	7500	5252	5403	17285	15214	11240	10435
1:00:00	30.0	7476	5274	5322	17394	15396	11351	10483

Results
	1	2	3	4	5	6	7	8	9	10	11	12
A	6660000.000	-1755000.000	-1785000.000	-4710000.000	-4575000.000	3180000.000	-3090000.000						Max V [425,457]
	1.000	1.000	1.000	1.000	1.000	1.000	1.000						R-Squared [425,457]
	0:02:10	0:07:38	0:56:06	0:51:30	0:55:50	0:43:34	0:55:02						t at Max V [425,457]
	0:02:07	0:07:39	0:56:09	0:53:43	0:57:41	0:42:24	0:56:16						Lagtime [425,457]
B													Max V [425,457]
													R-Squared [425,457]
													t at Max V [425,457]
													Lagtime [425,457]
C													Max V [425,457]
													R-Squared [425,457]
													t at Max V [425,457]
													Lagtime [425,457]
D													Max V [425,457]
													R-Squared [425,457]
													t at Max V [425,457]
													Lagtime [425,457]
E													Max V [425,457]
													R-Squared [425,457]
													t at Max V [425,457]
													Lagtime [425,457]
F													Max V [425,457]
													R-Squared [425,457]
													t at Max V [425,457]
													Lagtime [425,457]
G													Max V [425,457]
													R-Squared [425,457]
													t at Max V [425,457]
													Lagtime [425,457]
H													Max V [425,457]
													R-Squared [425,457]
													t at Max V [425,457]
													Lagtime [425,457]

