

Software Version	3.03.14



Experiment File Path:	C:\Users\Public\Documents\Experiments\Tina\20190130_GAP_assay2.xpt
Protocol File Path:	C:\Users\Public\Documents\Protocols\Tina\GAP_sensor_assay.prt



Plate Number	Plate 1
Date	1/30/2019
Time	4:38:55 PM
Reader Type:	Synergy H1
Reader Serial Number:	1803011C
Reading Type	Reader

Procedure Details

Plate Type	Costar 96 well half area
Set Temperature	Setpoint 30°C
Start Kinetic	Runtime 1:23:00 (HH:MM:SS), Interval 0:00:05, 997 Reads
    Read	Fluorescence Endpoint
	A1..A12
	Filter Set 1
	    Excitation: 425,  Emission: 457
	    Optics: Bottom,  Gain: 57
	Light Source: Xenon Flash,  Lamp Energy: High
	Read Speed: Normal,  Delay: 0 msec,  Measurements/Data Point: 5
	Read Height: 7 mm
End Kinetic	

Layout
	1	2	3	4	5	6	7	8	9	10	11	12
A	SPL1	SPL2	SPL3	SPL4	SPL5	SPL6	SPL7	SPL8	SPL9	SPL10	SPL11	SPL12	Well ID
B													Well ID
C													Well ID
D													Well ID
E													Well ID
F													Well ID
G													Well ID
H													Well ID

425,457

Time	T° 425,457	A1	A2	A3	A4	A5	A6	A7	A8	A9	A10	A11	A12
0:00:00	30.0	3626	3777	3834	3924	3706	4161	5624	5921	6301	6518	6680	5136
0:00:05	30.0	3648	3784	3855	3943	3751	4174	5600	5997	6350	6500	6731	5117
0:00:10	30.0	3656	3789	3876	3955	3724	4191	5635	5926	6346	6521	6680	5149
0:00:15	30.0	3637	3822	3923	3999	3781	4251	5692	5997	6356	6548	6780	5160
0:00:20	30.0	3702	3834	3910	3966	3739	4251	5687	5972	6354	6583	6778	5156
0:00:25	30.0	3686	3836	3903	3997	3734	4234	5675	6058	6340	6573	6790	5131
0:00:30	30.0	3682	3801	3948	4000	3758	4233	5670	6055	6350	6656	6777	5192
0:00:35	30.0	3670	3836	3927	4002	3771	4195	5716	5966	6308	6594	6743	5189
0:00:40	30.0	3699	3834	3933	4020	3776	4235	5702	5988	6351	6525	6704	5159
0:00:45	30.0	3702	3883	3911	3990	3770	4212	5738	6027	6402	6565	6748	5200
0:00:50	30.0	3689	3852	3936	3989	3767	4247	5756	6013	6354	6598	6772	5176
0:00:55	30.0	3718	3864	3966	4019	3749	4251	5721	6011	6399	6564	6759	5155
0:01:00	30.0	3704	3915	3946	4035	3791	4263	5736	6026	6373	6636	6788	5158
0:01:05	30.0	3728	3906	3985	4032	3783	4300	5733	6034	6407	6576	6817	5198
0:01:10	30.0	3714	3912	3970	4030	3801	4265	5706	6091	6411	6584	6730	5189
0:01:15	30.0	3717	3930	3989	4035	3799	4251	5772	6071	6397	6651	6824	5189
0:01:20	30.0	3717	3940	4017	4031	3787	4296	5736	6059	6431	6565	6724	5208
0:01:25	30.0	3706	3918	4021	4053	3821	4297	5776	6055	6339	6601	6808	5156
0:01:30	30.0	3740	3933	4037	4081	3753	4288	5748	6081	6392	6690	6771	5190
0:01:35	30.0	3733	3981	4017	4064	3790	4279	5729	6081	6409	6575	6702	5172
0:01:40	30.0	3710	3980	4013	4050	3778	4345	5700	6124	6392	6682	6808	5154
0:01:45	30.0	3727	4011	4079	4087	3767	4307	5759	6102	6388	6610	6777	5154
0:01:50	30.0	3760	3971	4042	4118	3804	4321	5740	6082	6447	6658	6788	5163
0:01:55	30.0	3739	3969	4086	4091	3820	4334	5782	6062	6443	6672	6793	5197
0:02:00	30.0	3741	3992	4029	4079	3796	4303	5741	6062	6431	6687	6817	5156
0:02:05	30.0	3751	3983	4053	4093	3826	4331	5770	6080	6505	6626	6794	5236
0:02:10	30.0	3743	3984	4035	4072	3814	4345	5749	6094	6454	6696	6869	5165
0:02:15	30.0	3728	3993	4085	4106	3827	4391	5756	6079	6467	6649	6822	5179
0:02:20	30.0	3738	3954	4031	4089	3840	4375	5754	6085	6495	6668	6908	5182
0:02:25	30.0	3753	3970	4047	4127	3835	4389	5763	6076	6430	6644	6824	5152
0:02:30	30.0	3752	4007	4064	4129	3809	4378	5805	6084	6492	6606	6860	5174
0:02:35	30.0	3724	3961	4073	4153	3810	4356	5764	6101	6547	6697	6871	5169
0:02:40	30.0	3733	3922	4040	4129	3879	4382	5794	6118	6448	6730	6808	5194
0:02:45	30.0	3768	3946	4065	4155	3817	4381	5781	6136	6475	6682	6826	5180
0:02:50	30.0	3748	3977	4042	4143	3793	4391	5778	6110	6518	6671	6831	5144
0:02:55	30.0	3745	3986	4078	4160	3851	4412	5778	6121	6531	6673	6856	5187
0:03:00	30.0	3750	3994	4070	4183	3843	4409	5803	6111	6499	6701	6922	5169
0:03:05	30.0	3763	3980	4071	4141	3901	4446	5787	6129	6469	6742	6888	5189
0:03:10	30.0	3714	3981	4065	4138	3846	4380	5756	6140	6484	6710	6881	5215
0:03:15	30.0	3747	4011	4025	4155	3850	4457	5829	6089	6514	6716	6887	5209
0:03:20	30.0	3763	3990	4076	4183	3869	4472	5803	6141	6540	6790	6857	5216
0:03:25	30.0	3743	3973	4108	4213	3811	4470	5767	6187	6517	6731	6896	5142
0:03:30	30.0	3716	3977	4060	4193	3862	4445	5824	6127	6463	6731	6886	5155
0:03:35	30.0	3732	3958	4045	4214	3842	4439	5816	6164	6498	6694	6860	5162
0:03:40	30.0	3746	3954	4081	4178	3836	4451	5867	6130	6545	6709	6992	5169
0:03:45	30.0	3745	3993	4067	4207	3838	4473	5770	6120	6519	6769	6870	5134
0:03:50	30.0	3741	3961	4079	4213	3822	4485	5821	6135	6568	6698	6895	5175
0:03:55	30.0	3762	4002	4086	4233	3859	4458	5870	6188	6537	6740	6897	5165
0:04:00	30.0	3763	3983	4074	4192	3852	4499	5849	6180	6549	6743	6919	5144
0:04:05	30.0	3734	3970	4102	4181	3899	4503	5815	6152	6546	6735	6914	5177
0:04:10	30.0	3726	3990	4060	4228	3836	4479	5849	6139	6519	6700	6930	5143
0:04:15	30.0	3740	3984	4110	4199	3860	4492	5815	6180	6521	6746	6925	5142
0:04:20	30.0	3717	3985	4106	4220	3843	4490	5837	6125	6577	6745	6980	5167
0:04:25	30.0	3755	3997	4053	4225	3874	4450	5835	6191	6605	6736	6963	5218
0:04:30	30.0	3752	4005	4085	4227	3831	4534	5812	6209	6567	6781	6973	5178
0:04:35	30.0	3761	3965	4110	4243	3844	4492	5811	6185	6587	6766	6924	5144
0:04:40	30.0	3730	3998	4082	4202	3886	4510	5828	6207	6576	6764	6989	5162
0:04:45	30.0	3753	3971	4090	4248	3858	4504	5836	6212	6541	6773	7011	5184
0:04:50	30.0	3750	4017	4075	4235	3859	4533	5821	6187	6556	6794	6986	5171
0:04:55	30.0	3723	3981	4092	4219	3854	4565	5795	6162	6599	6786	7053	5182
0:05:00	30.0	3718	3976	4133	4232	3849	4502	5823	6197	6622	6830	6999	5192
0:05:05	30.0	3741	4003	4118	4250	3819	4522	5899	6213	6578	6813	6996	5190
0:05:10	30.0	3785	4012	4127	4253	3842	4561	5845	6221	6567	6804	7015	5182
0:05:15	30.0	3754	3948	4089	4241	3851	4526	5871	6232	6590	6817	7018	5151
0:05:20	30.0	3760	4007	4076	4220	3830	4525	5839	6246	6583	6770	7059	5159
0:05:25	30.0	3732	3969	4116	4250	3815	4513	5868	6230	6584	6854	6999	5190
0:05:30	30.0	3730	4022	4096	4244	3856	4508	5891	6223	6653	6802	7006	5115
0:05:35	30.0	3678	4005	4105	4249	3817	4543	5823	6219	6610	6794	6966	5155
0:05:40	30.0	3794	3977	4134	4246	3832	4549	5837	6277	6596	6818	6970	5214
0:05:45	30.0	3720	4002	4092	4260	3866	4521	5898	6241	6650	6824	6978	5200
0:05:50	30.0	3743	4040	4100	4253	3874	4536	5903	6225	6643	6779	6995	5188
0:05:55	30.0	3763	4020	4108	4241	3837	4560	5877	6234	6684	6798	7030	5205
0:06:00	30.0	3761	4010	4147	4254	3843	4542	5922	6246	6610	6795	7026	5230
0:06:05	30.0	3761	3984	4081	4235	3854	4530	5936	6304	6661	6823	7050	5198
0:06:10	30.0	3722	4044	4115	4228	3830	4556	5852	6263	6664	6843	7056	5217
0:06:15	30.0	3765	4011	4131	4285	3849	4582	5891	6220	6649	6823	7029	5143
0:06:20	30.0	3755	3978	4126	4274	3824	4543	5920	6210	6608	6822	7034	5179
0:06:25	30.0	3752	4033	4141	4281	3838	4554	5937	6213	6603	6882	7077	5177
0:06:30	30.0	3733	4030	4149	4274	3841	4574	5897	6256	6679	6874	7054	5183
0:06:35	30.0	3742	3986	4122	4306	3852	4555	5963	6325	6682	6850	7009	5169
0:06:40	30.0	3752	4041	4125	4275	3823	4540	5893	6300	6639	6860	7074	5186
0:06:45	30.0	3755	4017	4102	4234	3863	4581	5932	6259	6598	6833	7110	5197
0:06:50	30.0	3754	3994	4122	4256	3810	4553	5912	6267	6687	6919	7035	5212
0:06:55	30.0	3729	4022	4136	4319	3868	4566	5948	6255	6689	6844	7041	5202
0:07:00	30.0	3739	4016	4117	4258	3818	4582	5909	6261	6687	6805	7098	5233
0:07:05	30.0	3768	4053	4160	4299	3807	4568	5971	6297	6653	6866	7138	5196
0:07:10	30.0	3796	4013	4115	4232	3826	4577	5891	6253	6673	6873	7033	5226
0:07:15	30.0	3768	3972	4135	4291	3828	4541	5927	6257	6640	6863	7073	5157
0:07:20	30.0	3763	4012	4134	4310	3832	4614	5897	6326	6681	6852	7057	5209
0:07:25	30.0	3756	4014	4109	4264	3811	4544	5972	6332	6721	6916	7084	5207
0:07:30	30.0	3760	4023	4086	4266	3845	4602	5869	6293	6749	6889	7141	5172
0:07:35	30.0	3768	4072	4153	4305	3859	4603	5938	6314	6705	6864	7081	5185
0:07:40	30.0	3764	4011	4138	4280	3827	4583	5950	6283	6642	6854	7097	5189
0:07:45	30.0	3778	4009	4141	4306	3851	4583	5942	6287	6667	6926	7162	5162
0:07:50	30.0	3751	4010	4144	4282	3844	4583	5914	6268	6717	6900	7011	5213
0:07:55	30.0	3785	4021	4159	4324	3788	4614	5987	6332	6772	6911	7118	5198
0:08:00	30.0	3757	4026	4140	4286	3807	4612	5943	6275	6665	6852	7141	5203
0:08:05	30.0	3781	4041	4136	4298	3848	4633	5975	6299	6678	6928	7088	5225
0:08:10	30.0	3775	4031	4168	4307	3814	4631	5963	6391	6712	6873	7131	5181
0:08:15	30.0	3755	4069	4152	4314	3833	4631	5983	6336	6706	6868	7143	5215
0:08:20	30.0	3789	4054	4131	4316	3813	4680	5936	6345	6702	6921	7112	5233
0:08:25	30.0	3760	4062	4166	4320	3830	4619	5931	6303	6723	6906	7093	5182
0:08:30	30.0	3769	4063	4135	4354	3825	4667	5990	6295	6733	6890	7196	5166
0:08:35	30.0	3751	3997	4122	4289	3831	4647	6005	6301	6685	6931	7203	5148
0:08:40	30.0	3742	4013	4141	4330	3835	4638	5944	6374	6725	6973	7159	5209
0:08:45	30.0	3777	4029	4144	4314	3797	4665	5962	6304	6789	6959	7204	5197
0:08:50	30.0	3794	4040	4146	4326	3852	4655	5965	6342	6758	6960	7117	5190
0:08:55	30.0	3729	4067	4182	4320	3806	4655	5981	6361	6689	6923	7213	5170
0:09:00	30.0	3768	4041	4178	4297	3806	4624	5954	6341	6784	6906	7131	5228
0:09:05	30.0	3795	4012	4158	4343	3810	4700	5987	6368	6777	6917	7198	5193
0:09:10	30.0	3778	4027	4156	4335	3805	4702	5940	6295	6759	7007	7163	5191
0:09:15	30.0	3754	4022	4178	4346	3841	4644	5969	6373	6763	6972	7184	5182
0:09:20	30.0	3806	4057	4174	4337	3841	4649	5965	6317	6824	6962	7224	5165
0:09:25	30.0	3807	4054	4163	4329	3857	4695	6016	6330	6835	6976	7158	5200
0:09:30	30.0	3772	4032	4185	4335	3847	4659	5994	6317	6752	6981	7177	5169
0:09:35	30.0	3795	4044	4202	4367	3822	4670	5993	6379	6700	6933	7143	5234
0:09:40	30.0	3803	4054	4182	4374	3820	4693	5986	6350	6773	7012	7216	5203
0:09:45	30.0	3767	4054	4185	4338	3791	4681	6039	6369	6810	6991	7247	5190
0:09:50	30.1	3774	4049	4181	4385	3817	4685	6002	6434	6811	6962	7241	5218
0:09:55	30.0	3810	4064	4135	4383	3800	4702	5971	6391	6832	6982	7191	5199
0:10:00	30.0	3793	4050	4146	4341	3845	4692	5965	6380	6782	7014	7162	5147
0:10:05	30.0	3773	4081	4185	4357	3818	4766	6069	6410	6797	6998	7214	5209
0:10:10	30.0	3787	4033	4166	4372	3815	4692	5981	6369	6790	7009	7197	5237
0:10:15	30.0	3816	4074	4217	4377	3847	4670	6010	6422	6832	6988	7207	5218
0:10:20	30.0	3811	4072	4184	4412	3827	4680	6006	6363	6812	7045	7193	5169
0:10:25	30.0	3813	4104	4204	4370	3821	4719	6052	6404	6862	7058	7227	5189
0:10:30	30.0	3769	4070	4194	4363	3788	4723	6001	6364	6846	7020	7281	5196
0:10:35	30.0	3813	4060	4207	4387	3828	4731	6005	6396	6779	7055	7205	5190
0:10:40	30.0	3837	4031	4203	4337	3806	4763	6041	6430	6858	7003	7282	5182
0:10:45	30.0	3798	4093	4205	4387	3832	4735	6057	6437	6800	7043	7231	5221
0:10:50	30.0	3820	4106	4180	4366	3830	4721	6018	6401	6934	7026	7287	5121
0:10:55	30.0	3792	4059	4169	4369	3818	4734	6030	6363	6810	7049	7306	5184
0:11:00	30.0	3775	4090	4203	4418	3822	4760	6017	6387	6833	7046	7264	5156
0:11:05	30.0	3781	4059	4183	4346	3807	4729	5978	6423	6831	7069	7262	5196
0:11:10	30.0	3779	4049	4220	4427	3831	4713	6016	6397	6896	7083	7256	5209
0:11:15	30.0	3829	4126	4233	4417	3812	4773	6050	6401	6858	7034	7217	5221
0:11:20	30.0	3804	4052	4215	4408	3802	4733	6096	6422	6872	7017	7245	5194
0:11:25	30.0	3774	4097	4228	4423	3806	4791	6072	6368	6869	7077	7333	5215
0:11:30	30.0	3824	4090	4184	4399	3831	4749	6052	6448	6872	7061	7307	5175
0:11:35	30.0	3855	4065	4197	4443	3821	4752	6058	6413	6847	7084	7299	5210
0:11:40	30.0	3819	4083	4218	4402	3844	4751	6056	6448	6799	7127	7351	5166
0:11:45	30.0	3797	4076	4193	4430	3788	4749	6104	6476	6838	7118	7318	5238
0:11:50	30.0	3829	4059	4236	4429	3817	4739	6053	6473	6852	7074	7357	5206
0:11:55	30.0	3809	4099	4230	4438	3783	4771	6041	6375	6886	7061	7323	5216
0:12:00	30.0	3816	4091	4194	4431	3810	4799	6063	6448	6914	7081	7351	5214
0:12:05	30.0	3783	4096	4197	4461	3806	4750	6104	6472	6865	7138	7286	5188
0:12:10	30.0	3829	4092	4206	4471	3828	4779	6080	6409	6864	7101	7334	5258
0:12:15	30.0	3827	4095	4244	4441	3806	4794	6111	6472	6941	7159	7326	5192
0:12:20	30.0	3858	4144	4214	4486	3788	4771	6071	6414	6914	7144	7362	5217
0:12:25	30.0	3823	4100	4207	4413	3809	4741	6101	6410	6934	7161	7354	5189
0:12:30	30.0	3835	4102	4249	4466	3813	4791	6017	6408	6916	7125	7367	5218
0:12:35	30.0	3836	4128	4246	4444	3809	4743	6085	6449	6920	7104	7340	5185
0:12:40	30.0	3810	4117	4248	4463	3796	4753	6111	6459	6880	7129	7350	5192
0:12:45	30.0	3804	4106	4256	4509	3802	4747	6105	6409	6894	7102	7391	5186
0:12:50	30.0	3849	4095	4249	4475	3835	4822	6085	6461	6929	7152	7353	5235
0:12:55	30.0	3818	4114	4245	4424	3814	4848	6088	6479	6982	7142	7379	5193
0:13:00	30.0	3796	4133	4268	4510	3806	4826	6132	6521	6972	7116	7365	5169
0:13:05	30.0	3852	4093	4217	4511	3814	4794	6081	6443	6911	7137	7389	5216
0:13:10	30.0	3847	4106	4231	4482	3809	4800	6145	6463	6928	7169	7375	5162
0:13:15	30.0	3831	4107	4253	4440	3814	4838	6134	6445	6964	7090	7320	5169
0:13:20	30.0	3829	4118	4243	4437	3802	4805	6127	6481	6865	7174	7374	5199
0:13:25	30.0	3799	4108	4260	4458	3790	4827	6090	6508	6888	7217	7355	5200
0:13:30	30.0	3799	4087	4249	4490	3809	4832	6087	6502	6923	7139	7404	5187
0:13:35	30.0	3846	4127	4237	4454	3816	4862	6087	6493	6979	7172	7417	5135
0:13:40	30.0	3853	4168	4267	4481	3792	4815	6120	6580	6934	7167	7458	5232
0:13:45	30.0	3833	4108	4268	4468	3829	4809	6104	6496	6915	7153	7413	5168
0:13:50	30.0	3840	4128	4236	4501	3802	4866	6200	6492	6946	7139	7380	5147
0:13:55	30.0	3852	4110	4223	4513	3819	4877	6180	6527	6961	7151	7361	5208
0:14:00	30.0	3819	4123	4276	4447	3820	4845	6142	6531	6950	7140	7453	5238
0:14:05	30.0	3834	4125	4247	4475	3790	4870	6149	6528	7020	7237	7442	5215
0:14:10	30.0	3857	4101	4237	4494	3784	4905	6114	6478	6970	7172	7422	5220
0:14:15	30.0	3860	4134	4256	4504	3826	4854	6124	6498	7013	7179	7424	5202
0:14:20	30.0	3859	4138	4297	4514	3824	4860	6148	6554	6955	7235	7435	5172
0:14:25	30.0	3839	4128	4313	4477	3780	4883	6172	6517	6992	7228	7441	5183
0:14:30	30.0	3853	4144	4222	4497	3774	4912	6079	6463	7011	7210	7432	5182
0:14:35	30.0	3865	4130	4315	4481	3795	4846	6186	6481	6972	7182	7422	5146
0:14:40	30.0	3824	4153	4288	4519	3803	4874	6154	6528	6999	7162	7459	5192
0:14:45	30.0	3854	4112	4278	4514	3800	4912	6164	6486	6990	7165	7464	5195
0:14:50	30.1	3846	4123	4271	4496	3826	4867	6141	6503	6979	7234	7460	5178
0:14:55	30.1	3855	4150	4264	4490	3844	4899	6159	6614	6971	7308	7526	5214
0:15:00	30.1	3883	4168	4297	4547	3801	4919	6153	6578	7084	7260	7436	5201
0:15:05	30.0	3860	4146	4273	4511	3786	4911	6167	6544	6965	7222	7475	5177
0:15:10	30.1	3824	4128	4296	4529	3770	4902	6172	6573	6965	7235	7504	5204
0:15:15	30.1	3847	4121	4264	4530	3797	4921	6105	6563	6957	7298	7490	5134
0:15:20	30.0	3869	4154	4280	4536	3822	4930	6151	6539	7026	7236	7437	5219
0:15:25	30.1	3859	4119	4300	4564	3811	4861	6213	6569	7014	7263	7522	5212
0:15:30	30.1	3811	4164	4289	4542	3803	4914	6139	6536	7045	7261	7526	5218
0:15:35	30.1	3835	4171	4277	4539	3805	4958	6139	6496	7097	7326	7519	5222
0:15:40	30.1	3900	4125	4309	4600	3824	4944	6143	6592	7055	7246	7585	5139
0:15:45	30.1	3865	4156	4320	4558	3797	4937	6159	6560	7058	7280	7521	5227
0:15:50	30.1	3880	4164	4317	4569	3781	4913	6225	6575	7032	7283	7518	5189
0:15:55	30.0	3877	4150	4305	4565	3792	4933	6208	6582	7122	7310	7564	5168
0:16:00	30.0	3875	4157	4287	4554	3791	4936	6197	6608	7091	7297	7594	5199
0:16:05	30.1	3870	4145	4295	4560	3801	4937	6170	6584	7050	7300	7541	5196
0:16:10	30.1	3859	4153	4291	4579	3817	4944	6198	6575	7061	7230	7540	5174
0:16:15	30.1	3872	4132	4310	4543	3819	4970	6232	6601	7054	7252	7508	5147
0:16:20	30.1	3839	4169	4311	4598	3776	4933	6191	6587	7126	7281	7515	5216
0:16:25	30.1	3860	4147	4327	4558	3809	4969	6215	6576	7049	7283	7542	5143
0:16:30	30.1	3836	4158	4323	4575	3831	4976	6143	6547	7131	7331	7590	5195
0:16:35	30.0	3859	4144	4330	4597	3800	4977	6224	6589	7138	7285	7550	5220
0:16:40	30.1	3847	4160	4322	4615	3768	4957	6277	6578	7095	7419	7592	5176
0:16:45	30.0	3858	4166	4299	4586	3807	4965	6230	6626	7085	7379	7568	5167
0:16:50	30.1	3889	4186	4300	4570	3800	4965	6212	6572	7131	7383	7566	5250
0:16:55	30.1	3882	4177	4355	4596	3833	5002	6237	6595	7055	7316	7538	5221
0:17:00	30.1	3823	4188	4330	4598	3799	4992	6231	6587	7112	7369	7613	5178
0:17:05	30.1	3833	4171	4319	4583	3821	4939	6219	6627	7169	7306	7633	5266
0:17:10	30.1	3856	4143	4304	4556	3777	5029	6227	6615	7123	7350	7595	5236
0:17:15	30.1	3851	4141	4315	4593	3808	4952	6215	6592	7051	7351	7575	5158
0:17:20	30.0	3825	4161	4295	4582	3828	5007	6276	6576	7172	7419	7602	5142
0:17:25	30.0	3851	4185	4354	4594	3830	4949	6279	6646	7144	7376	7638	5193
0:17:30	30.1	3895	4205	4316	4625	3811	5033	6233	6629	7138	7415	7621	5221
0:17:35	30.1	3876	4172	4304	4565	3816	5026	6288	6641	7167	7378	7629	5219
0:17:40	30.1	3875	4182	4344	4595	3808	5046	6213	6650	7124	7360	7624	5203
0:17:45	30.1	3861	4172	4361	4635	3820	5021	6241	6650	7100	7353	7558	5184
0:17:50	30.1	3872	4144	4355	4653	3806	5039	6269	6672	7191	7342	7631	5214
0:17:55	30.1	3830	4176	4365	4600	3805	4980	6295	6653	7174	7451	7586	5164
0:18:00	30.1	3863	4178	4364	4641	3817	5004	6256	6654	7093	7373	7709	5213
0:18:05	30.0	3873	4194	4341	4602	3776	5028	6295	6598	7155	7403	7709	5176
0:18:10	30.1	3874	4169	4308	4645	3814	5017	6252	6646	7159	7442	7618	5197
0:18:15	30.1	3916	4219	4301	4597	3777	5042	6247	6644	7142	7450	7610	5205
0:18:20	30.1	3869	4149	4364	4610	3799	5046	6284	6677	7168	7400	7693	5202
0:18:25	30.1	3867	4176	4372	4648	3799	5078	6280	6679	7146	7452	7703	5180
0:18:30	30.1	3872	4188	4373	4604	3798	5030	6263	6667	7198	7394	7691	5157
0:18:35	30.1	3888	4186	4375	4609	3800	5046	6265	6685	7217	7420	7747	5189
0:18:40	30.1	3852	4222	4360	4640	3791	5077	6260	6699	7188	7455	7701	5205
0:18:45	30.1	3856	4215	4350	4638	3793	5082	6267	6685	7208	7433	7662	5186
0:18:50	30.0	3855	4199	4398	4638	3783	5024	6231	6641	7223	7404	7657	5201
0:18:55	30.1	3884	4206	4378	4660	3776	5063	6248	6686	7169	7465	7700	5199
0:19:00	30.1	3860	4197	4380	4639	3790	5053	6306	6646	7185	7432	7747	5178
0:19:05	30.1	3876	4208	4346	4655	3786	5096	6321	6650	7221	7470	7700	5193
0:19:10	30.1	3866	4215	4364	4621	3830	5077	6339	6711	7190	7433	7736	5167
0:19:15	30.1	3858	4202	4400	4664	3800	5081	6291	6705	7185	7484	7742	5204
0:19:20	30.0	3886	4174	4335	4680	3794	5110	6339	6691	7208	7446	7715	5228
0:19:25	30.1	3892	4208	4364	4640	3808	5099	6343	6737	7226	7411	7720	5240
0:19:30	30.0	3886	4230	4365	4673	3823	5059	6267	6720	7291	7460	7799	5195
0:19:35	30.1	3879	4234	4396	4654	3807	5073	6268	6718	7196	7485	7745	5193
0:19:40	30.1	3880	4197	4359	4622	3816	5096	6368	6725	7284	7486	7709	5186
0:19:45	30.1	3861	4220	4334	4660	3790	5110	6312	6741	7180	7469	7732	5216
0:19:50	30.1	3904	4193	4335	4697	3813	5114	6369	6714	7241	7526	7724	5237
0:19:55	30.1	3893	4245	4393	4653	3796	5149	6277	6760	7267	7481	7823	5193
0:20:00	30.1	3897	4185	4396	4663	3800	5075	6365	6786	7246	7522	7740	5172
0:20:05	30.0	3860	4209	4375	4654	3791	5098	6316	6756	7282	7544	7771	5173
0:20:10	30.1	3912	4210	4418	4647	3812	5127	6287	6730	7231	7482	7742	5223
0:20:15	30.1	3859	4219	4386	4670	3816	5108	6281	6767	7189	7461	7841	5133
0:20:20	30.1	3867	4228	4411	4651	3801	5095	6328	6786	7228	7508	7773	5190
0:20:25	30.1	3917	4213	4370	4680	3835	5120	6352	6699	7267	7541	7770	5181
0:20:30	30.1	3873	4227	4392	4653	3811	5151	6308	6754	7240	7499	7787	5201
0:20:35	30.1	3877	4196	4419	4734	3790	5138	6368	6712	7282	7537	7844	5194
0:20:40	30.1	3867	4223	4368	4704	3775	5091	6287	6756	7304	7538	7766	5210
0:20:45	30.1	3891	4208	4373	4683	3825	5137	6358	6740	7314	7502	7762	5197
0:20:50	30.0	3874	4223	4376	4721	3798	5155	6328	6716	7311	7505	7804	5183
0:20:55	30.0	3901	4224	4367	4713	3797	5116	6353	6783	7316	7519	7819	5189
0:21:00	30.1	3873	4227	4401	4730	3836	5136	6341	6747	7321	7557	7821	5213
0:21:05	30.1	3907	4257	4424	4703	3792	5162	6332	6796	7240	7563	7792	5202
0:21:10	30.1	3910	4215	4379	4670	3796	5157	6416	6794	7297	7574	7902	5197
0:21:15	30.1	3890	4249	4397	4675	3800	5191	6387	6736	7316	7538	7831	5203
0:21:20	30.1	3860	4240	4382	4731	3771	5174	6354	6744	7314	7579	7905	5195
0:21:25	30.1	3908	4216	4410	4697	3800	5162	6391	6753	7263	7562	7879	5168
0:21:30	30.1	3902	4228	4395	4747	3784	5232	6398	6772	7364	7595	7865	5183
0:21:35	30.0	3902	4205	4414	4739	3821	5203	6428	6799	7330	7618	7854	5190
0:21:40	30.1	3909	4228	4424	4684	3791	5249	6374	6770	7400	7589	7840	5159
0:21:45	30.1	3891	4248	4411	4759	3774	5189	6394	6762	7345	7600	7900	5150
0:21:50	30.1	3910	4235	4449	4712	3788	5174	6303	6838	7358	7580	7903	5220
0:21:55	30.1	3902	4254	4446	4778	3813	5188	6382	6849	7375	7604	7839	5177
0:22:00	30.1	3868	4264	4406	4729	3797	5187	6359	6820	7315	7649	7869	5193
0:22:05	30.1	3858	4203	4406	4757	3784	5204	6345	6776	7397	7648	7851	5154
0:22:10	30.1	3924	4263	4415	4743	3802	5203	6425	6803	7376	7609	7899	5188
0:22:15	30.1	3900	4239	4402	4776	3787	5231	6413	6788	7342	7623	7845	5211
0:22:20	30.0	3895	4247	4406	4768	3791	5193	6398	6798	7323	7666	7940	5168
0:22:25	30.1	3911	4275	4399	4756	3805	5238	6450	6810	7355	7696	7954	5191
0:22:30	30.1	3887	4242	4438	4729	3795	5171	6370	6815	7408	7627	7892	5207
0:22:35	30.1	3917	4237	4467	4745	3803	5235	6401	6832	7415	7707	7892	5181
0:22:40	30.1	3922	4282	4453	4783	3783	5296	6397	6855	7405	7605	7896	5192
0:22:45	30.1	3886	4260	4416	4762	3755	5164	6372	6879	7436	7629	7903	5215
0:22:50	30.1	3899	4231	4411	4803	3783	5301	6419	6863	7463	7597	7925	5148
0:22:55	30.1	3897	4248	4427	4758	3801	5202	6449	6842	7406	7646	7908	5169
0:23:00	30.1	3899	4269	4418	4773	3794	5224	6417	6814	7372	7614	7949	5160
0:23:05	30.1	3900	4263	4456	4766	3763	5316	6373	6835	7397	7601	7958	5204
0:23:10	30.1	3879	4304	4454	4783	3775	5246	6431	6822	7397	7662	7948	5172
0:23:15	30.1	3896	4291	4462	4815	3750	5277	6439	6842	7365	7711	7983	5169
0:23:20	30.1	3939	4265	4448	4739	3771	5243	6476	6862	7445	7677	7969	5144
0:23:25	30.1	3912	4260	4461	4738	3804	5277	6447	6823	7388	7696	7952	5172
0:23:30	30.1	3895	4241	4427	4799	3765	5282	6442	6965	7393	7687	8045	5195
0:23:35	30.1	3855	4259	4471	4789	3805	5230	6492	6838	7390	7666	7919	5206
0:23:40	30.1	3892	4267	4484	4807	3787	5280	6390	6890	7463	7632	7924	5199
0:23:45	30.1	3885	4243	4490	4766	3819	5241	6548	6923	7429	7647	8042	5160
0:23:50	30.1	3920	4227	4475	4830	3750	5271	6454	6915	7470	7727	7950	5191
0:23:55	30.1	3905	4290	4445	4780	3799	5313	6408	6861	7520	7736	7952	5154
0:24:00	30.1	3898	4260	4456	4820	3776	5295	6436	6903	7474	7756	8046	5146
0:24:05	30.1	3965	4265	4474	4799	3794	5284	6447	6882	7394	7680	7973	5124
0:24:10	30.1	3900	4257	4491	4795	3781	5269	6494	6858	7500	7686	8040	5174
0:24:15	30.1	3907	4281	4461	4801	3795	5317	6499	6942	7541	7667	8025	5186
0:24:20	30.1	3898	4294	4478	4827	3803	5345	6463	6841	7496	7692	8049	5179
0:24:25	30.1	3900	4274	4447	4824	3811	5329	6463	6933	7504	7711	7997	5193
0:24:30	30.1	3915	4259	4474	4823	3773	5286	6524	6838	7450	7679	8039	5181
0:24:35	30.1	3895	4222	4472	4784	3804	5289	6445	6900	7536	7701	7963	5180
0:24:40	30.1	3918	4291	4470	4761	3778	5360	6445	6858	7457	7763	8052	5178
0:24:45	30.1	3929	4293	4455	4795	3750	5335	6502	6907	7468	7740	8072	5174
0:24:50	30.1	3920	4228	4493	4849	3753	5325	6484	6915	7489	7708	8082	5118
0:24:55	30.1	3932	4250	4480	4839	3784	5321	6484	6933	7488	7723	8050	5171
0:25:00	30.1	3932	4285	4492	4858	3811	5347	6423	6921	7492	7751	8065	5138
0:25:05	30.1	3933	4297	4514	4821	3804	5334	6524	6899	7486	7732	8026	5136
0:25:10	30.1	3894	4305	4461	4826	3758	5349	6495	6965	7563	7708	8105	5201
0:25:15	30.1	3927	4279	4472	4823	3795	5355	6501	6910	7536	7742	8053	5168
0:25:20	30.1	3926	4297	4475	4816	3793	5393	6526	6902	7505	7741	8026	5172
0:25:25	30.1	3905	4237	4482	4848	3766	5394	6512	6953	7523	7739	8103	5134
0:25:30	30.1	3922	4298	4503	4817	3801	5385	6492	6856	7508	7787	8034	5148
0:25:35	30.1	3923	4257	4454	4876	3772	5385	6472	6939	7482	7796	8031	5177
0:25:40	30.1	3943	4293	4441	4820	3766	5336	6457	6922	7492	7758	8051	5152
0:25:45	30.1	3927	4292	4472	4848	3796	5367	6499	6928	7524	7787	8080	5161
0:25:50	30.1	3897	4300	4470	4824	3764	5338	6534	6886	7536	7751	8097	5180
0:25:55	30.1	3904	4281	4477	4867	3781	5417	6525	6970	7626	7810	8069	5147
0:26:00	30.1	3913	4277	4462	4835	3794	5351	6482	6933	7552	7791	8098	5140
0:26:05	30.1	3920	4255	4475	4803	3775	5415	6503	6973	7566	7800	8090	5165
0:26:10	30.1	3943	4272	4481	4839	3810	5405	6455	6955	7532	7812	8095	5124
0:26:15	30.1	3931	4282	4516	4829	3724	5360	6475	6932	7588	7794	8129	5142
0:26:20	30.1	3922	4313	4513	4826	3779	5389	6561	6916	7530	7809	8124	5142
0:26:25	30.1	3948	4288	4503	4819	3764	5338	6460	6957	7598	7826	8176	5153
0:26:30	30.1	3883	4297	4552	4886	3769	5436	6520	7025	7575	7764	8170	5166
0:26:35	30.1	3927	4279	4483	4838	3792	5410	6540	6981	7559	7771	8134	5177
0:26:40	30.1	3906	4303	4554	4849	3778	5376	6541	6935	7596	7832	8140	5181
0:26:45	30.1	3928	4289	4547	4848	3743	5444	6489	6998	7584	7813	8155	5175
0:26:50	30.1	3926	4290	4499	4874	3789	5427	6545	7011	7569	7850	8158	5153
0:26:55	30.1	3901	4280	4498	4857	3765	5382	6556	6935	7563	7863	8101	5153
0:27:00	30.1	3932	4287	4521	4868	3775	5369	6493	6994	7579	7871	8121	5156
0:27:05	30.1	3895	4265	4486	4858	3806	5416	6519	6966	7550	7867	8104	5160
0:27:10	30.1	3912	4278	4500	4885	3758	5396	6523	6993	7551	7826	8156	5151
0:27:15	30.1	3945	4319	4521	4870	3755	5441	6532	7010	7556	7828	8112	5150
0:27:20	30.1	3927	4297	4473	4882	3749	5435	6547	7030	7538	7810	8176	5098
0:27:25	30.1	3948	4324	4500	4875	3774	5480	6568	7027	7649	7830	8138	5136
0:27:30	30.1	3941	4326	4467	4878	3766	5410	6522	7019	7665	7859	8181	5141
0:27:35	30.1	3917	4274	4499	4871	3768	5391	6598	6986	7608	7840	8115	5151
0:27:40	30.1	3902	4336	4531	4918	3779	5402	6582	7050	7594	7847	8184	5137
0:27:45	30.1	3920	4332	4526	4878	3752	5468	6555	7043	7603	7920	8206	5172
0:27:50	30.1	3916	4308	4542	4913	3786	5447	6567	6945	7612	7839	8211	5142
0:27:55	30.1	3932	4320	4532	4910	3745	5468	6562	7047	7635	7813	8202	5116
0:28:00	30.1	3933	4339	4525	4911	3742	5462	6579	7027	7664	7876	8233	5151
0:28:05	30.1	3937	4283	4515	4870	3788	5478	6577	7033	7640	7870	8216	5151
0:28:10	30.1	3932	4329	4527	4915	3772	5481	6521	7005	7643	7917	8180	5094
0:28:15	30.1	3971	4256	4512	4894	3746	5491	6589	7039	7586	7898	8223	5165
0:28:20	30.1	3929	4326	4530	4907	3762	5493	6546	7022	7609	7870	8170	5163
0:28:25	30.1	3933	4329	4558	4932	3785	5421	6566	7101	7629	7868	8232	5148
0:28:30	30.1	3912	4291	4527	4896	3734	5525	6571	7023	7642	7903	8265	5155
0:28:35	30.1	3912	4290	4501	4914	3739	5476	6586	7010	7590	7884	8239	5176
0:28:40	30.1	3913	4305	4529	4942	3769	5446	6594	7029	7633	7975	8281	5090
0:28:45	30.1	3958	4381	4564	4909	3742	5545	6553	7038	7635	7884	8216	5142
0:28:50	30.1	3920	4323	4572	4922	3761	5509	6557	7029	7637	7900	8220	5101
0:28:55	30.1	3928	4290	4535	4909	3728	5462	6639	7075	7651	7893	8211	5118
0:29:00	30.1	3942	4290	4576	4962	3785	5495	6603	7014	7666	7939	8313	5142
0:29:05	30.1	3941	4321	4542	4945	3745	5519	6663	7103	7687	7924	8233	5140
0:29:10	30.1	3890	4311	4512	4921	3762	5534	6591	7029	7718	7886	8248	5165
0:29:15	30.1	3898	4295	4531	4922	3777	5507	6518	7055	7730	7921	8225	5152
0:29:20	30.1	3904	4292	4527	4961	3756	5515	6547	7067	7670	7976	8266	5146
0:29:25	30.1	3894	4339	4554	4964	3744	5522	6651	7058	7702	7947	8312	5176
0:29:30	30.1	3950	4338	4568	4978	3738	5532	6677	7072	7687	7926	8223	5122
0:29:35	30.1	3932	4335	4549	5017	3804	5521	6591	7076	7721	7970	8244	5152
0:29:40	30.1	3948	4319	4578	4971	3767	5532	6608	7122	7710	7958	8310	5186
0:29:45	30.1	3926	4328	4532	4935	3797	5501	6636	7018	7744	7976	8258	5107
0:29:50	30.1	3945	4310	4563	4961	3749	5556	6633	7024	7690	8040	8285	5153
0:29:55	30.1	3938	4345	4571	4940	3770	5517	6622	7146	7724	8028	8342	5114
0:30:00	30.1	3946	4332	4579	4988	3803	5550	6616	7116	7692	7980	8313	5121
0:30:05	30.1	3912	4345	4563	4992	3772	5549	6597	7062	7757	8005	8285	5114
0:30:10	30.1	3919	4344	4578	4936	3744	5592	6662	7010	7688	8023	8322	5147
0:30:15	30.1	3941	4324	4557	4964	3784	5566	6596	7098	7769	7933	8316	5115
0:30:20	30.1	3933	4323	4598	4972	3790	5523	6618	7091	7695	7997	8280	5130
0:30:25	30.1	3912	4310	4578	4969	3778	5542	6638	7112	7722	7981	8286	5155
0:30:30	30.1	3944	4329	4584	4996	3754	5590	6613	7093	7735	8036	8321	5168
0:30:35	30.1	3918	4329	4515	5016	3728	5524	6647	7129	7772	8037	8372	5137
0:30:40	30.1	3975	4336	4550	4945	3762	5617	6706	7131	7803	8018	8365	5124
0:30:45	30.1	3940	4327	4591	5015	3756	5548	6693	7159	7780	8052	8305	5130
0:30:50	30.1	3923	4342	4561	4978	3734	5609	6687	7095	7783	7983	8336	5149
0:30:55	30.1	3930	4337	4590	4948	3773	5570	6676	7103	7809	8061	8386	5143
0:31:00	30.1	3925	4362	4570	4956	3755	5561	6612	7111	7851	8013	8407	5127
0:31:05	30.1	3934	4337	4575	4986	3750	5614	6697	7133	7761	8051	8318	5137
0:31:10	30.1	3915	4322	4577	4991	3746	5613	6666	7104	7754	8028	8355	5168
0:31:15	30.1	3922	4333	4594	5021	3747	5589	6685	7194	7798	8077	8380	5089
0:31:20	30.1	3932	4302	4607	5050	3732	5627	6634	7178	7803	8046	8342	5179
0:31:25	30.1	3953	4361	4590	5028	3716	5671	6704	7182	7768	7987	8369	5146
0:31:30	30.1	3959	4348	4624	5019	3767	5654	6658	7137	7807	8059	8404	5174
0:31:35	30.1	3903	4315	4621	4964	3782	5590	6690	7085	7827	8114	8414	5156
0:31:40	30.1	3920	4388	4597	5022	3746	5622	6662	7150	7807	8084	8426	5156
0:31:45	30.1	3943	4331	4585	5013	3739	5561	6718	7164	7795	8067	8387	5118
0:31:50	30.1	3957	4381	4639	5043	3751	5629	6717	7161	7831	8105	8406	5143
0:31:55	30.1	3966	4349	4618	5035	3784	5599	6701	7166	7841	8124	8389	5127
0:32:00	30.1	3946	4351	4625	5030	3778	5622	6730	7190	7850	8095	8422	5107
0:32:05	30.1	3993	4329	4578	5046	3740	5654	6653	7216	7839	8072	8442	5152
0:32:10	30.1	3969	4403	4603	5046	3720	5633	6711	7153	7818	8109	8424	5152
0:32:15	30.1	3924	4379	4585	5004	3760	5643	6716	7177	7848	8101	8429	5149
0:32:20	30.1	3954	4338	4611	5004	3759	5682	6666	7174	7847	8101	8511	5138
0:32:25	30.1	3914	4408	4615	5062	3768	5666	6707	7133	7794	8103	8338	5182
0:32:30	30.1	3953	4322	4587	5039	3771	5632	6718	7212	7879	8113	8454	5148
0:32:35	30.1	3957	4393	4616	5013	3758	5675	6704	7235	7888	8067	8564	5090
0:32:40	30.1	3947	4383	4640	5016	3728	5647	6752	7194	7911	8120	8472	5141
0:32:45	30.1	3937	4371	4590	5036	3724	5633	6699	7242	7941	8100	8481	5111
0:32:50	30.1	3975	4369	4619	5018	3773	5673	6732	7186	7852	8119	8480	5185
0:32:55	30.1	3973	4349	4607	4986	3760	5702	6767	7214	7870	8088	8517	5135
0:33:00	30.1	3934	4379	4600	5054	3753	5667	6753	7244	7898	8209	8529	5148
0:33:05	30.1	3985	4388	4588	5085	3712	5658	6772	7204	7839	8151	8511	5165
0:33:10	30.1	3950	4380	4624	5042	3781	5678	6756	7217	7950	8208	8555	5191
0:33:15	30.1	3947	4368	4635	5098	3783	5669	6752	7265	7980	8202	8495	5126
0:33:20	30.1	3916	4397	4630	5091	3767	5687	6729	7156	7908	8253	8574	5098
0:33:25	30.1	3948	4356	4647	5030	3741	5708	6771	7289	7875	8188	8530	5156
0:33:30	30.1	3952	4370	4652	5073	3787	5697	6748	7271	7937	8150	8459	5146
0:33:35	30.1	3950	4377	4647	5090	3782	5713	6700	7224	7925	8188	8492	5160
0:33:40	30.1	3961	4372	4644	5094	3768	5722	6730	7280	7888	8220	8529	5160
0:33:45	30.1	3959	4412	4636	5072	3749	5753	6834	7284	7937	8211	8543	5158
0:33:50	30.1	3989	4370	4611	5059	3775	5727	6829	7301	7929	8142	8520	5126
0:33:55	30.1	3953	4412	4633	5044	3730	5730	6791	7282	7924	8222	8535	5126
0:34:00	30.1	3990	4361	4652	5061	3729	5719	6799	7259	8012	8231	8518	5157
0:34:05	30.1	3927	4349	4623	5095	3745	5766	6764	7274	7978	8223	8576	5134
0:34:10	30.1	3976	4395	4647	5057	3788	5712	6735	7306	7942	8169	8576	5152
0:34:15	30.1	3986	4404	4622	5067	3766	5745	6805	7296	7971	8209	8558	5107
0:34:20	30.1	3959	4396	4626	5107	3762	5722	6838	7265	7982	8232	8577	5151
0:34:25	30.1	3955	4390	4611	5111	3742	5733	6766	7298	7986	8261	8621	5128
0:34:30	30.1	3953	4399	4670	5073	3750	5788	6784	7267	7974	8275	8540	5136
0:34:35	30.1	3934	4397	4668	5071	3745	5769	6765	7295	7970	8213	8563	5153
0:34:40	30.1	3958	4425	4662	5115	3730	5795	6847	7285	7947	8240	8567	5131
0:34:45	30.1	3970	4392	4660	5059	3736	5782	6760	7253	7985	8214	8602	5142
0:34:50	30.1	3957	4430	4655	5096	3725	5764	6791	7281	8051	8208	8589	5126
0:34:55	30.1	3957	4416	4651	5110	3744	5767	6846	7306	7971	8284	8558	5135
0:35:00	30.1	3947	4370	4643	5083	3775	5777	6859	7328	7907	8259	8624	5113
0:35:05	30.1	3943	4419	4702	5081	3771	5783	6813	7290	7959	8270	8636	5139
0:35:10	30.1	3959	4388	4663	5135	3792	5811	6815	7337	7997	8219	8608	5110
0:35:15	30.1	3977	4404	4655	5096	3754	5831	6827	7361	7942	8240	8676	5167
0:35:20	30.1	3998	4445	4663	5084	3735	5816	6850	7357	8014	8286	8627	5168
0:35:25	30.1	3981	4409	4679	5159	3745	5796	6830	7285	8009	8252	8677	5137
0:35:30	30.1	3984	4380	4672	5126	3772	5779	6814	7335	7992	8317	8685	5150
0:35:35	30.1	3991	4436	4631	5135	3768	5756	6862	7305	8026	8245	8708	5154
0:35:40	30.1	3992	4390	4692	5139	3774	5784	6838	7344	8007	8295	8588	5186
0:35:45	30.1	3966	4457	4686	5060	3736	5784	6822	7355	8046	8331	8651	5122
0:35:50	30.1	3959	4444	4653	5125	3746	5872	6819	7315	8055	8339	8689	5152
0:35:55	30.1	3983	4414	4645	5137	3742	5825	6836	7368	8085	8349	8697	5121
0:36:00	30.1	3919	4390	4704	5144	3747	5810	6900	7315	8094	8340	8727	5202
0:36:05	30.1	3991	4418	4707	5155	3758	5825	6890	7276	8056	8302	8718	5150
0:36:10	30.1	3975	4405	4658	5120	3766	5805	6846	7334	8040	8378	8651	5165
0:36:15	30.1	3980	4401	4675	5171	3760	5841	6919	7384	8080	8367	8726	5153
0:36:20	30.1	3987	4451	4683	5155	3726	5891	6859	7392	8041	8397	8708	5166
0:36:25	30.1	3985	4398	4667	5134	3770	5806	6869	7364	8090	8331	8699	5169
0:36:30	30.1	3980	4453	4702	5165	3751	5849	6879	7352	8105	8354	8741	5126
0:36:35	30.1	4000	4443	4716	5154	3761	5889	6870	7323	8047	8365	8736	5128
0:36:40	30.1	4008	4395	4720	5164	3745	5857	6866	7342	8112	8382	8765	5172
0:36:45	30.1	4010	4449	4729	5170	3761	5846	6890	7303	8118	8374	8760	5147
0:36:50	30.1	4002	4431	4705	5196	3707	5848	6887	7350	8054	8333	8799	5144
0:36:55	30.1	3984	4456	4705	5162	3792	5950	6929	7379	8033	8390	8735	5164
0:37:00	30.1	4015	4450	4688	5128	3771	5923	6865	7384	8105	8316	8688	5130
0:37:05	30.1	3961	4446	4729	5158	3743	5837	6892	7337	8130	8426	8787	5157
0:37:10	30.1	3986	4419	4720	5216	3763	5954	6859	7419	8121	8336	8798	5159
0:37:15	30.1	3978	4411	4670	5170	3778	5862	6919	7392	8156	8420	8812	5120
0:37:20	30.1	3997	4445	4712	5187	3767	5911	6889	7442	8172	8360	8784	5213
0:37:25	30.1	3979	4485	4694	5153	3761	5899	6893	7366	8075	8375	8787	5179
0:37:30	30.1	3961	4445	4673	5189	3755	5960	6938	7402	8127	8471	8800	5131
0:37:35	30.1	4036	4444	4743	5185	3776	5885	6938	7426	8135	8420	8817	5094
0:37:40	30.1	3966	4467	4715	5187	3773	5899	6908	7440	8156	8392	8767	5132
0:37:45	30.1	3977	4450	4726	5191	3777	5877	6933	7451	8158	8439	8804	5173
0:37:50	30.1	4004	4482	4728	5204	3757	5946	6941	7393	8169	8387	8747	5143
0:37:55	30.1	3976	4457	4747	5201	3732	5911	6939	7465	8194	8450	8870	5149
0:38:00	30.1	3996	4473	4755	5210	3777	5893	7003	7447	8204	8425	8846	5112
0:38:05	30.1	4000	4451	4729	5203	3741	5904	6907	7413	8194	8401	8805	5121
0:38:10	30.1	3993	4452	4710	5236	3782	5976	6897	7472	8211	8485	8882	5151
0:38:15	30.1	4006	4454	4731	5231	3727	5929	6931	7466	8215	8469	8828	5131
0:38:20	30.1	4000	4479	4744	5231	3721	5967	6946	7456	8168	8462	8838	5134
0:38:25	30.1	4014	4457	4728	5186	3749	5938	6919	7481	8182	8456	8843	5151
0:38:30	30.1	4031	4484	4746	5175	3747	5943	6919	7493	8197	8436	8887	5166
0:38:35	30.1	3991	4432	4733	5232	3761	5958	6940	7562	8163	8439	8851	5152
0:38:40	30.1	4008	4452	4768	5209	3718	5974	6974	7468	8204	8464	8818	5135
0:38:45	30.1	4014	4442	4777	5217	3760	5948	6930	7449	8215	8486	8878	5163
0:38:50	30.0	3995	4437	4768	5207	3747	5950	6977	7492	8230	8639	8876	5127
0:38:55	30.1	3985	4442	4773	5248	3774	5994	6961	7517	8249	8503	8867	5174
0:39:00	30.0	4026	4506	4786	5252	3783	5994	6983	7485	8235	8488	8935	5137
0:39:05	30.1	3986	4461	4753	5259	3734	6023	7008	7517	8229	8547	8852	5189
0:39:10	30.1	4027	4471	4733	5203	3741	6014	6969	7433	8291	8495	8896	5172
0:39:15	30.1	3978	4467	4738	5213	3752	6020	6923	7535	8286	8524	8885	5134
0:39:20	30.1	4012	4480	4743	5229	3752	5921	6953	7474	8291	8562	8908	5173
0:39:25	30.1	4001	4441	4783	5236	3776	5994	7001	7566	8269	8530	8875	5152
0:39:30	30.1	4046	4489	4765	5262	3748	5944	7023	7487	8248	8564	8933	5134
0:39:35	30.0	3976	4448	4757	5288	3729	5994	6994	7475	8262	8564	8951	5223
0:39:40	30.0	3982	4498	4742	5254	3762	5994	6961	7534	8195	8582	8907	5178
0:39:45	30.1	4032	4457	4739	5264	3739	6031	6921	7590	8218	8530	8909	5200
0:39:50	30.1	3995	4494	4739	5231	3711	5978	6953	7479	8283	8506	8862	5169
0:39:55	30.1	4007	4509	4801	5291	3768	5997	6976	7510	8251	8532	8889	5129
0:40:00	30.1	4003	4448	4765	5258	3783	6051	7026	7562	8317	8523	9027	5140
0:40:05	30.1	3990	4464	4791	5240	3799	6056	6986	7533	8319	8572	8959	5171
0:40:10	30.1	4016	4472	4774	5276	3753	5995	6982	7597	8228	8566	8936	5166
0:40:15	30.1	4019	4491	4762	5267	3795	6056	6989	7629	8305	8546	9025	5172
0:40:20	30.0	4008	4420	4817	5269	3722	6010	7018	7523	8243	8550	8954	5159
0:40:25	30.1	4001	4474	4766	5296	3738	6074	6992	7521	8341	8529	8940	5159
0:40:30	30.0	3986	4529	4786	5288	3766	6022	6993	7558	8295	8663	8964	5163
0:40:35	30.1	4004	4476	4823	5263	3733	6057	6973	7522	8342	8577	8997	5144
0:40:40	30.1	3985	4514	4807	5266	3757	6079	7108	7533	8240	8560	9076	5174
0:40:45	30.1	3999	4508	4818	5283	3782	6069	7029	7567	8317	8648	9019	5149
0:40:50	30.1	4007	4518	4807	5287	3781	6038	6978	7552	8337	8607	8998	5132
0:40:55	30.1	4001	4515	4780	5295	3773	6087	7050	7603	8319	8585	8956	5145
0:41:00	30.1	3993	4477	4820	5287	3774	6043	7062	7589	8389	8602	8993	5164
0:41:05	30.0	4010	4528	4797	5272	3757	6067	7024	7592	8358	8635	9060	5140
0:41:10	30.1	3977	4488	4822	5287	3762	6098	7062	7517	8395	8630	9026	5197
0:41:15	30.0	3993	4499	4748	5275	3760	6066	7059	7592	8413	8579	9010	5109
0:41:20	30.1	4005	4485	4769	5301	3761	6097	7078	7666	8307	8586	9102	5179
0:41:25	30.1	4006	4519	4785	5342	3777	6061	7076	7632	8414	8694	9132	5160
0:41:30	30.1	3996	4494	4810	5306	3766	6109	7033	7591	8376	8664	9048	5158
0:41:35	30.1	4022	4491	4767	5306	3726	6117	7052	7576	8386	8701	9038	5152
0:41:40	30.1	4007	4513	4787	5315	3769	6153	7081	7548	8410	8736	9101	5121
0:41:45	30.0	3996	4512	4798	5323	3770	6120	7110	7585	8404	8609	9102	5161
0:41:50	30.1	4064	4550	4783	5325	3777	6106	7061	7621	8435	8683	9051	5174
0:41:55	30.1	4025	4529	4780	5321	3769	6126	7076	7582	8440	8696	9049	5163
0:42:00	30.1	4005	4489	4835	5314	3765	6095	7080	7612	8493	8693	9140	5192
0:42:05	30.1	4028	4479	4809	5313	3755	6192	7082	7589	8368	8712	9080	5168
0:42:10	30.1	4028	4505	4838	5344	3765	6135	7095	7570	8361	8698	9183	5156
0:42:15	30.1	4030	4503	4844	5333	3737	6174	7119	7595	8406	8655	9076	5210
0:42:20	30.1	4026	4513	4828	5325	3739	6124	7172	7691	8412	8657	9119	5148
0:42:25	30.1	4031	4533	4842	5360	3800	6101	7062	7621	8396	8756	9127	5149
0:42:30	30.0	4003	4524	4828	5306	3787	6108	7097	7650	8403	8718	9159	5160
0:42:35	30.0	3987	4508	4825	5339	3767	6160	7075	7619	8444	8727	9150	5118
0:42:40	30.1	4018	4507	4855	5322	3768	6146	7169	7726	8397	8689	9138	5145
0:42:45	30.1	3996	4553	4828	5344	3772	6149	7147	7725	8503	8698	9095	5151
0:42:50	30.1	4036	4522	4798	5340	3747	6101	7153	7674	8471	8782	9140	5183
0:42:55	30.1	4046	4494	4819	5344	3779	6172	7121	7689	8435	8694	9195	5163
0:43:00	30.1	4023	4536	4856	5361	3782	6179	7143	7717	8414	8756	9147	5182
0:43:05	30.1	4026	4531	4782	5322	3762	6212	7120	7605	8432	8816	9161	5143
0:43:10	30.1	4017	4535	4864	5332	3739	6172	7095	7647	8465	8740	9211	5221
0:43:15	30.0	4028	4548	4818	5369	3753	6202	7150	7692	8484	8782	9225	5153
0:43:20	30.0	4001	4520	4848	5390	3744	6165	7152	7711	8529	8826	9183	5185
0:43:25	30.1	4004	4572	4830	5372	3789	6198	7147	7634	8484	8804	9159	5224
0:43:30	30.1	4023	4554	4854	5419	3749	6218	7179	7658	8436	8736	9152	5183
0:43:35	30.1	4021	4541	4876	5377	3744	6134	7103	7681	8483	8833	9139	5164
0:43:40	30.1	3998	4489	4840	5362	3782	6173	7170	7677	8444	8790	9181	5150
0:43:45	30.1	4086	4553	4845	5409	3765	6182	7136	7733	8509	8771	9237	5157
0:43:50	30.1	4029	4499	4789	5382	3777	6192	7186	7752	8492	8745	9157	5178
0:43:55	30.0	4045	4536	4866	5352	3788	6209	7145	7634	8526	8771	9218	5159
0:44:00	30.0	4035	4515	4851	5399	3758	6186	7171	7724	8486	8783	9167	5140
0:44:05	30.1	4037	4543	4864	5365	3775	6265	7097	7731	8544	8815	9212	5156
0:44:10	30.1	4078	4534	4810	5412	3784	6227	7191	7826	8554	8808	9259	5172
0:44:15	30.1	4042	4542	4861	5454	3768	6247	7195	7679	8530	8851	9214	5133
0:44:20	30.1	4018	4554	4850	5390	3753	6224	7189	7753	8488	8764	9261	5185
0:44:25	30.1	4053	4542	4908	5396	3781	6218	7227	7763	8462	8828	9235	5117
0:44:30	30.1	4039	4535	4867	5393	3786	6275	7211	7724	8531	8777	9259	5168
0:44:35	30.1	4075	4583	4894	5376	3700	6236	7179	7767	8565	8813	9229	5177
0:44:40	30.0	4035	4581	4862	5368	3798	6277	7180	7727	8502	8822	9295	5152
0:44:45	30.1	4066	4515	4877	5383	3776	6234	7209	7726	8532	8841	9296	5106
0:44:50	30.1	4040	4569	4874	5466	3770	6227	7154	7837	8540	8843	9347	5152
0:44:55	30.1	4027	4575	4888	5376	3780	6274	7203	7722	8572	8813	9265	5154
0:45:00	30.1	4053	4561	4896	5408	3775	6266	7202	7748	8626	8928	9295	5122
0:45:05	30.1	4033	4558	4871	5391	3766	6251	7196	7747	8571	8842	9346	5170
0:45:10	30.1	4057	4554	4858	5410	3760	6276	7251	7793	8594	8929	9317	5137
0:45:15	30.1	4037	4581	4877	5413	3788	6265	7167	7809	8638	8890	9292	5206
0:45:20	30.1	4034	4543	4918	5423	3782	6335	7203	7775	8584	8932	9338	5163
0:45:25	30.0	4014	4544	4894	5429	3724	6283	7261	7803	8597	8879	9276	5217
0:45:30	30.1	4095	4568	4864	5473	3755	6323	7149	7809	8654	8928	9298	5176
0:45:35	30.1	4069	4532	4910	5387	3802	6308	7278	7857	8637	8919	9320	5238
0:45:40	30.1	4038	4579	4886	5440	3761	6328	7222	7802	8620	8865	9356	5197
0:45:45	30.1	4044	4559	4846	5434	3764	6362	7242	7731	8622	8869	9350	5169
0:45:50	30.1	4050	4581	4928	5460	3776	6305	7300	7790	8563	8954	9310	5192
0:45:55	30.1	4049	4549	4869	5412	3752	6300	7219	7801	8638	8941	9306	5184
0:46:00	30.1	4057	4614	4899	5408	3754	6305	7237	7800	8634	8871	9304	5089
0:46:05	30.0	4079	4564	4912	5440	3755	6368	7331	7888	8597	8909	9351	5153
0:46:10	30.0	4015	4585	4935	5424	3734	6332	7301	7787	8648	8997	9414	5161
0:46:15	30.1	4045	4545	4854	5479	3796	6353	7292	7843	8671	9046	9336	5170
0:46:20	30.1	4061	4579	4907	5406	3764	6364	7267	7877	8659	8992	9399	5174
0:46:25	30.1	4056	4558	4903	5417	3750	6333	7270	7855	8591	9014	9481	5178
0:46:30	30.1	4076	4627	4912	5471	3790	6292	7274	7832	8637	8990	9360	5150
0:46:35	30.1	4034	4573	4869	5447	3781	6328	7341	7775	8685	8878	9373	5168
0:46:40	30.1	4066	4603	4919	5494	3771	6342	7294	7816	8722	8993	9431	5167
0:46:45	30.0	4042	4592	4916	5473	3747	6314	7218	7855	8682	8947	9451	5136
0:46:50	30.0	4073	4577	4905	5470	3738	6386	7248	7857	8708	9000	9427	5180
0:46:55	30.1	4056	4601	4908	5441	3742	6431	7270	7872	8732	8946	9384	5232
0:47:00	30.1	4039	4606	4930	5460	3770	6401	7263	7844	8683	8980	9465	5169
0:47:05	30.1	4029	4565	4909	5447	3770	6364	7284	7938	8666	8990	9421	5166
0:47:10	30.1	4042	4577	4909	5470	3763	6395	7325	7900	8695	9033	9383	5178
0:47:15	30.1	4034	4605	4932	5473	3758	6377	7339	7828	8676	8968	9314	5153
0:47:20	30.1	4059	4613	4916	5455	3746	6429	7340	7860	8721	9034	9447	5207
0:47:25	30.0	4065	4579	4927	5458	3745	6394	7281	7887	8719	9004	9397	5173
0:47:30	30.1	4078	4624	4912	5518	3758	6411	7305	7888	8719	9073	9451	5188
0:47:35	30.1	4051	4621	4898	5501	3784	6374	7329	7891	8751	9027	9478	5170
0:47:40	30.1	4055	4616	4920	5444	3753	6379	7295	7944	8772	8966	9440	5149
0:47:45	30.1	4018	4590	4958	5515	3750	6423	7322	7886	8746	9034	9395	5163
0:47:50	30.1	4010	4580	4911	5491	3748	6418	7314	7921	8706	9045	9449	5176
0:47:55	30.1	4039	4619	4896	5487	3745	6405	7354	7900	8766	8996	9502	5177
0:48:00	30.1	4066	4648	4916	5460	3745	6331	7357	7925	8740	8977	9508	5193
0:48:05	30.1	4016	4616	4907	5518	3776	6469	7307	7898	8766	9053	9434	5187
0:48:10	30.0	4046	4621	4938	5511	3771	6427	7352	7924	8805	9070	9438	5179
0:48:15	30.0	4051	4613	4913	5458	3743	6478	7316	7890	8758	9097	9397	5175
0:48:20	30.1	4055	4646	4920	5449	3776	6437	7325	7915	8781	9050	9528	5198
0:48:25	30.1	4065	4620	4936	5499	3771	6503	7333	7985	8772	9019	9532	5172
0:48:30	30.1	4038	4585	4962	5521	3738	6470	7347	7952	8767	9136	9618	5116
0:48:35	30.1	4073	4600	4888	5509	3745	6461	7439	7879	8796	9045	9496	5149
0:48:40	30.1	4073	4584	4936	5534	3791	6441	7351	7930	8699	9140	9530	5149
0:48:45	30.1	4044	4643	4937	5477	3753	6472	7364	7921	8812	9101	9532	5169
0:48:50	30.0	4083	4610	4916	5575	3771	6407	7320	7960	8807	9088	9529	5191
0:48:55	30.1	4078	4624	4942	5526	3758	6477	7377	7963	8741	9094	9535	5195
0:49:00	30.0	4039	4635	4934	5509	3769	6482	7341	7924	8780	9114	9525	5141
0:49:05	30.0	4063	4621	4919	5546	3750	6490	7340	7973	8847	9079	9486	5174
0:49:10	30.1	4042	4608	4967	5488	3783	6527	7385	8030	8847	9068	9577	5155
0:49:15	30.1	4078	4615	4970	5560	3755	6530	7357	7951	8821	9083	9555	5182
0:49:20	30.1	4058	4643	4951	5536	3786	6483	7413	7985	8860	9146	9596	5149
0:49:25	30.1	4078	4627	4972	5533	3747	6455	7395	7961	8861	9190	9625	5227
0:49:30	30.1	4078	4636	4934	5512	3752	6499	7419	7972	8753	9100	9676	5169
0:49:35	30.1	4099	4630	4959	5510	3744	6494	7369	7938	8865	9131	9565	5201
0:49:40	30.1	4079	4638	4966	5587	3789	6517	7419	8026	8847	9200	9521	5224
0:49:45	30.1	4028	4648	4958	5593	3805	6441	7419	8006	8861	9184	9564	5172
0:49:50	30.0	4084	4654	4973	5562	3761	6522	7411	7990	8835	9214	9673	5189
0:49:55	30.1	4084	4639	4993	5536	3753	6539	7411	8040	8843	9154	9588	5151
0:50:00	30.1	4108	4604	4951	5538	3779	6528	7379	8029	8820	9206	9630	5229
0:50:05	30.0	4077	4611	4971	5570	3779	6541	7499	7977	8880	9150	9561	5122
0:50:10	30.0	4110	4639	4988	5571	3787	6532	7447	8011	8851	9215	9660	5171
0:50:15	30.0	4086	4621	4942	5579	3753	6518	7429	8012	8905	9173	9652	5223
0:50:20	30.0	4119	4626	5015	5551	3778	6531	7462	8043	8835	9229	9727	5181
0:50:25	30.1	4084	4646	4979	5525	3746	6516	7395	8084	8976	9322	9733	5178
0:50:30	30.1	4058	4664	4954	5560	3751	6519	7486	7978	8880	9245	9554	5160
0:50:35	30.0	4077	4638	4950	5541	3787	6546	7474	8073	8868	9220	9674	5205
0:50:40	30.1	4064	4663	5006	5651	3812	6558	7484	8084	8887	9292	9683	5221
0:50:45	30.1	4099	4642	4969	5571	3758	6530	7430	8049	8903	9202	9652	5208
0:50:50	30.1	4095	4646	4987	5558	3766	6544	7396	8045	8934	9207	9726	5132
0:50:55	30.0	4064	4658	4990	5610	3806	6546	7484	8002	8904	9275	9625	5200
0:51:00	30.1	4122	4670	5018	5588	3775	6617	7454	8105	8900	9243	9721	5216
0:51:05	30.1	4066	4692	4985	5548	3781	6547	7469	8094	9002	9294	9679	5135
0:51:10	30.1	4092	4616	4975	5525	3776	6608	7468	8115	9002	9275	9781	5209
0:51:15	30.1	4067	4648	5012	5563	3766	6570	7506	8006	8945	9277	9653	5214
0:51:20	30.0	4079	4688	4991	5640	3822	6620	7468	8060	8958	9255	9685	5174
0:51:25	30.1	4105	4698	5072	5584	3799	6575	7506	8158	9006	9233	9768	5195
0:51:30	30.1	4081	4642	5030	5587	3791	6557	7450	8134	8991	9374	9763	5211
0:51:35	30.0	4116	4642	5020	5640	3808	6605	7520	8068	8976	9260	9748	5218
0:51:40	30.1	4085	4697	4956	5602	3754	6557	7470	8035	8994	9251	9834	5173
0:51:45	30.1	4068	4674	5012	5629	3734	6640	7526	8050	8941	9170	9734	5202
0:51:50	30.1	4093	4643	5057	5616	3788	6585	7528	8135	8977	9247	9789	5209
0:51:55	30.0	4128	4644	5007	5570	3768	6632	7471	8134	9038	9287	9820	5166
0:52:00	30.1	4087	4656	5027	5598	3789	6627	7519	8066	9035	9303	9880	5191
0:52:05	30.0	4097	4646	5019	5628	3782	6656	7537	8089	9039	9339	9704	5196
0:52:10	30.1	4118	4666	5014	5620	3772	6684	7552	8119	8987	9367	9733	5247
0:52:15	30.1	4095	4700	4998	5623	3815	6623	7521	8176	9020	9323	9797	5185
0:52:20	30.1	4121	4698	5034	5624	3740	6645	7472	8144	9075	9374	9840	5173
0:52:25	30.1	4073	4679	5068	5653	3749	6657	7536	8094	9012	9386	9789	5215
0:52:30	30.1	4101	4669	5009	5645	3799	6649	7547	8131	9067	9429	9763	5164
0:52:35	30.1	4093	4712	5021	5643	3807	6608	7472	8145	8980	9302	9767	5221
0:52:40	30.1	4120	4664	5036	5616	3826	6655	7510	8144	9002	9377	9877	5232
0:52:45	30.1	4082	4688	5027	5652	3811	6691	7483	8165	9064	9314	9893	5183
0:52:50	30.0	4118	4628	5068	5656	3785	6733	7523	8104	9121	9387	9814	5192
0:52:55	30.1	4114	4686	5023	5637	3811	6671	7541	8179	9169	9324	9864	5190
0:53:00	30.1	4091	4715	5032	5659	3757	6677	7578	8232	9062	9353	9952	5209
0:53:05	30.1	4167	4670	5046	5683	3788	6656	7559	8223	9122	9349	9929	5207
0:53:10	30.1	4145	4713	5010	5653	3807	6713	7551	8161	9109	9469	9902	5209
0:53:15	30.1	4138	4720	5032	5634	3800	6748	7495	8200	9069	9406	9863	5251
0:53:20	30.1	4082	4698	5031	5688	3791	6698	7530	8164	9067	9404	9887	5224
0:53:25	30.1	4110	4694	5070	5662	3761	6668	7563	8256	9168	9397	9907	5240
0:53:30	30.1	4118	4645	5022	5634	3746	6707	7589	8167	9142	9429	9828	5221
0:53:35	30.1	4102	4671	5014	5677	3754	6693	7578	8130	9085	9411	9911	5214
0:53:40	30.0	4110	4674	5077	5672	3786	6699	7560	8236	9122	9465	9840	5195
0:53:45	30.0	4085	4696	5063	5693	3807	6707	7576	8292	9136	9509	9887	5227
0:53:50	30.1	4112	4729	5084	5657	3818	6706	7584	8173	9151	9403	9879	5194
0:53:55	30.1	4131	4657	5094	5684	3777	6738	7630	8154	9153	9522	9955	5234
0:54:00	30.1	4115	4689	5076	5690	3770	6688	7605	8202	9165	9487	9891	5158
0:54:05	30.1	4106	4695	5052	5717	3805	6718	7570	8263	9167	9414	9879	5211
0:54:10	30.1	4080	4701	5060	5710	3787	6734	7618	8237	9210	9448	9958	5226
0:54:15	30.1	4112	4690	5066	5692	3785	6762	7584	8282	9180	9482	9915	5241
0:54:20	30.0	4116	4698	5056	5694	3781	6703	7632	8269	9061	9453	9974	5218
0:54:25	30.0	4095	4697	5091	5702	3817	6741	7567	8228	9187	9507	9975	5175
0:54:30	30.0	4130	4728	5075	5691	3803	6733	7651	8206	9201	9432	9980	5247
0:54:35	30.1	4138	4693	5075	5714	3754	6835	7630	8294	9129	9536	9950	5237
0:54:40	30.1	4126	4689	5106	5684	3797	6779	7685	8244	9087	9510	9944	5231
0:54:45	30.1	4120	4698	5061	5632	3807	6734	7647	8222	9136	9542	10015	5186
0:54:50	30.1	4156	4712	5066	5717	3814	6767	7624	8227	9166	9537	10032	5210
0:54:55	30.1	4169	4685	5082	5685	3777	6772	7576	8324	9218	9506	9973	5150
0:55:00	30.1	4102	4708	5069	5745	3762	6822	7618	8211	9206	9542	9960	5206
0:55:05	30.0	4133	4733	5090	5706	3789	6802	7553	8297	9224	9546	10079	5278
0:55:10	30.1	4130	4725	5061	5700	3811	6803	7683	8294	9200	9513	9937	5185
0:55:15	30.1	4087	4690	5105	5715	3760	6757	7644	8224	9171	9536	10067	5217
0:55:20	30.1	4107	4675	5133	5718	3789	6773	7646	8341	9208	9624	9957	5202
0:55:25	30.1	4107	4699	5129	5721	3792	6794	7679	8349	9185	9470	9978	5213
0:55:30	30.1	4120	4703	5115	5723	3799	6826	7689	8249	9162	9544	10053	5179
0:55:35	30.1	4135	4699	5140	5683	3789	6821	7715	8277	9195	9565	10039	5166
0:55:40	30.1	4137	4729	5061	5763	3784	6797	7692	8328	9194	9525	10054	5171
0:55:45	30.0	4129	4709	5106	5734	3784	6831	7717	8265	9230	9511	9971	5207
0:55:50	30.0	4090	4717	5136	5729	3806	6893	7728	8282	9206	9663	10035	5183
0:55:55	30.1	4127	4711	5108	5747	3769	6848	7741	8267	9283	9578	10166	5230
0:56:00	30.1	4089	4678	5116	5763	3763	6896	7647	8268	9229	9564	9981	5251
0:56:05	30.1	4110	4734	5105	5743	3806	6805	7659	8407	9246	9565	10056	5197
0:56:10	30.1	4125	4756	5123	5731	3792	6816	7667	8295	9275	9619	10076	5172
0:56:15	30.1	4119	4744	5105	5748	3805	6879	7740	8367	9184	9581	10119	5197
0:56:20	30.1	4126	4771	5128	5728	3812	6798	7733	8412	9345	9626	10096	5199
0:56:25	30.1	4125	4762	5093	5767	3804	6827	7706	8369	9313	9599	10135	5231
0:56:30	30.0	4115	4700	5071	5731	3801	6888	7740	8340	9338	9611	10095	5216
0:56:35	30.1	4174	4757	5099	5766	3770	6884	7690	8388	9276	9615	10136	5201
0:56:40	30.1	4132	4715	5101	5745	3803	6860	7707	8355	9269	9707	10171	5252
0:56:45	30.1	4135	4702	5139	5757	3794	6889	7689	8293	9287	9562	10169	5241
0:56:50	30.1	4129	4749	5115	5717	3808	6820	7788	8350	9317	9666	10139	5217
0:56:55	30.1	4142	4768	5115	5737	3781	6876	7718	8305	9293	9650	10129	5177
0:57:00	30.1	4125	4755	5172	5718	3795	6841	7684	8417	9307	9655	10114	5245
0:57:05	30.0	4123	4735	5080	5728	3766	6921	7666	8334	9343	9640	10095	5194
0:57:10	30.0	4144	4737	5099	5792	3782	6850	7745	8380	9306	9709	10118	5156
0:57:15	30.1	4133	4733	5123	5778	3802	6859	7704	8371	9382	9659	10096	5201
0:57:20	30.1	4140	4708	5084	5789	3810	6935	7755	8404	9328	9664	10101	5224
0:57:25	30.1	4162	4716	5103	5770	3779	6907	7727	8279	9292	9681	10156	5225
0:57:30	30.1	4104	4777	5133	5738	3791	6906	7752	8369	9377	9658	10193	5195
0:57:35	30.1	4104	4738	5119	5777	3761	6928	7669	8436	9313	9752	10117	5181
0:57:40	30.1	4122	4730	5153	5772	3775	6897	7727	8405	9310	9706	10169	5214
0:57:45	30.1	4137	4700	5140	5745	3761	6933	7736	8407	9289	9640	10164	5211
0:57:50	30.1	4149	4750	5152	5806	3781	6923	7751	8401	9354	9736	10213	5178
0:57:55	30.0	4126	4762	5150	5781	3804	6939	7727	8290	9375	9668	10186	5216
0:58:00	30.1	4131	4728	5168	5792	3755	6902	7710	8394	9349	9746	10201	5185
0:58:05	30.1	4115	4706	5147	5736	3814	6929	7722	8337	9374	9718	10141	5250
0:58:10	30.1	4137	4738	5136	5782	3760	6923	7767	8481	9444	9715	10190	5215
0:58:15	30.1	4140	4744	5129	5816	3780	6935	7827	8449	9416	9721	10190	5247
0:58:20	30.1	4137	4766	5178	5780	3793	6968	7728	8470	9419	9735	10193	5231
0:58:25	30.0	4177	4762	5112	5769	3762	6919	7817	8412	9430	9729	10134	5205
0:58:30	30.1	4110	4773	5119	5766	3805	6897	7827	8468	9409	9716	10194	5173
0:58:35	30.0	4152	4768	5141	5755	3797	6964	7804	8521	9387	9726	10194	5198
0:58:40	30.1	4135	4748	5167	5810	3825	6943	7822	8377	9389	9792	10213	5245
0:58:45	30.0	4123	4742	5158	5833	3807	6988	7754	8459	9419	9770	10207	5223
0:58:50	30.1	4180	4761	5111	5812	3757	6962	7792	8383	9450	9795	10275	5245
0:58:55	30.1	4147	4748	5139	5801	3841	6973	7781	8511	9444	9732	10271	5197
0:59:00	30.1	4154	4768	5187	5798	3823	6977	7817	8439	9483	9724	10270	5168
0:59:05	30.1	4165	4751	5178	5826	3807	6983	7779	8475	9394	9784	10212	5220
0:59:10	30.0	4126	4789	5136	5802	3810	6998	7878	8457	9500	9759	10226	5177
0:59:15	30.1	4138	4726	5167	5784	3776	6970	7807	8454	9418	9759	10178	5180
0:59:20	30.0	4133	4759	5195	5860	3797	6947	7866	8466	9454	9745	10398	5194
0:59:25	30.1	4167	4710	5172	5782	3783	6985	7836	8501	9399	9867	10268	5232
0:59:30	30.1	4144	4749	5149	5857	3775	6950	7859	8446	9388	9776	10244	5264
0:59:35	30.1	4153	4813	5141	5815	3777	6965	7764	8464	9455	9830	10293	5197
0:59:40	30.1	4156	4769	5147	5804	3837	6992	7848	8468	9500	9771	10274	5146
0:59:45	30.1	4149	4767	5183	5816	3734	7000	7851	8500	9418	9778	10293	5269
0:59:50	30.1	4150	4764	5116	5825	3824	7042	7864	8559	9454	9843	10299	5230
0:59:55	30.0	4116	4737	5138	5838	3842	7029	7806	8498	9498	9867	10220	5215
1:00:00	30.0	4182	4768	5191	5835	3805	7035	7817	8479	9497	9753	10405	5226
1:00:05	30.1	4141	4731	5202	5788	3793	7035	7847	8502	9503	9802	10354	5229
1:00:10	30.1	4132	4712	5162	5805	3787	7032	7782	8522	9550	9831	10308	5222
1:00:15	30.1	4193	4758	5170	5863	3829	6960	7870	8517	9530	9800	10327	5237
1:00:20	30.1	4125	4791	5220	5830	3788	7016	7908	8523	9507	9800	10387	5205
1:00:25	30.1	4143	4786	5169	5843	3816	7033	7872	8458	9563	9872	10446	5236
1:00:30	30.1	4167	4789	5171	5834	3797	6977	7883	8618	9488	9850	10451	5220
1:00:35	30.1	4132	4806	5191	5865	3806	6962	7860	8506	9529	9810	10382	5196
1:00:40	30.0	4162	4770	5145	5807	3797	7051	7878	8488	9513	9900	10277	5213
1:00:45	30.0	4172	4762	5148	5866	3820	7073	7886	8594	9553	9798	10435	5224
1:00:50	30.1	4119	4782	5211	5865	3784	7032	7891	8650	9624	9923	10455	5176
1:00:55	30.1	4133	4754	5181	5833	3805	7047	7887	8563	9564	9860	10423	5247
1:01:00	30.1	4151	4758	5189	5812	3790	7067	7886	8547	9537	9876	10352	5259
1:01:05	30.1	4149	4799	5175	5806	3768	7072	7894	8523	9602	9877	10389	5216
1:01:10	30.1	4145	4819	5207	5863	3786	7137	7860	8602	9563	9942	10421	5230
1:01:15	30.1	4166	4749	5186	5806	3825	7011	7916	8535	9579	9841	10452	5247
1:01:20	30.0	4160	4783	5179	5865	3821	7183	7982	8665	9638	9900	10450	5260
1:01:25	30.1	4160	4795	5191	5830	3797	7052	7876	8561	9545	9879	10433	5209
1:01:30	30.0	4163	4771	5191	5875	3812	7089	7974	8576	9606	9930	10495	5218
1:01:35	30.1	4153	4805	5171	5860	3806	7090	7904	8596	9585	9924	10472	5206
1:01:40	30.1	4130	4813	5223	5893	3785	7071	7902	8592	9541	9870	10321	5193
1:01:45	30.1	4138	4783	5221	5846	3782	7065	7977	8616	9575	9944	10468	5201
1:01:50	30.1	4163	4825	5221	5831	3769	7071	7906	8599	9594	9889	10465	5205
1:01:55	30.1	4133	4770	5205	5893	3817	7081	7946	8569	9604	9905	10551	5216
1:02:00	30.1	4155	4763	5234	5885	3783	7153	7854	8623	9620	9905	10525	5191
1:02:05	30.0	4132	4758	5205	5870	3807	7108	7840	8590	9576	9959	10426	5236
1:02:10	30.1	4185	4813	5192	5885	3777	7097	7859	8598	9576	9978	10525	5210
1:02:15	30.0	4182	4814	5182	5880	3792	7101	7977	8672	9601	9887	10514	5207
1:02:20	30.1	4162	4775	5183	5886	3770	7099	7897	8526	9647	9931	10450	5214
1:02:25	30.1	4162	4806	5229	5895	3764	7170	7891	8649	9582	9907	10403	5208
1:02:30	30.1	4168	4762	5173	5895	3776	7129	7857	8672	9666	9937	10491	5241
1:02:35	30.1	4158	4811	5172	5922	3790	7193	7958	8591	9621	9942	10542	5243
1:02:40	30.1	4145	4781	5209	5923	3777	7174	7957	8605	9677	9936	10456	5226
1:02:45	30.0	4174	4815	5221	5823	3802	7144	7977	8585	9685	9983	10509	5212
1:02:50	30.1	4174	4792	5213	5878	3758	7121	7935	8564	9603	9974	10494	5205
1:02:55	30.1	4157	4786	5230	5898	3792	7133	8053	8627	9603	9958	10512	5219
1:03:00	30.0	4159	4759	5210	5894	3813	7156	7893	8661	9628	10024	10510	5199
1:03:05	30.1	4179	4788	5207	5833	3781	7121	7893	8646	9642	10012	10508	5224
1:03:10	30.1	4181	4880	5216	5928	3734	7153	8009	8679	9713	10077	10471	5217
1:03:15	30.0	4149	4773	5213	5882	3769	7139	7988	8622	9649	10013	10480	5176
1:03:20	30.1	4184	4820	5225	5936	3816	7138	7956	8607	9696	10007	10541	5227
1:03:25	30.0	4187	4798	5195	5929	3834	7200	7985	8711	9651	9942	10452	5197
1:03:30	30.1	4139	4800	5210	5868	3782	7159	7943	8668	9715	10002	10499	5189
1:03:35	30.1	4144	4805	5186	5949	3802	7135	7979	8620	9695	10011	10533	5229
1:03:40	30.1	4158	4770	5249	5933	3804	7167	7960	8658	9714	10037	10563	5204
1:03:45	30.0	4144	4818	5229	5940	3802	7175	7920	8664	9657	10054	10520	5206
1:03:50	30.1	4184	4801	5238	5848	3820	7157	7995	8699	9687	10091	10538	5263
1:03:55	30.1	4169	4762	5211	5890	3799	7156	7985	8618	9739	10071	10479	5197
1:04:00	30.1	4168	4797	5263	5881	3807	7166	7991	8665	9722	10065	10540	5198
1:04:05	30.1	4198	4824	5220	5862	3793	7228	8001	8750	9733	10041	10587	5229
1:04:10	30.0	4168	4790	5228	5816	3774	7200	7960	8690	9665	10043	10621	5211
1:04:15	30.1	4176	4822	5215	5925	3796	7214	7941	8678	9752	10010	10673	5198
1:04:20	30.1	4192	4782	5242	5959	3759	7196	7995	8705	9720	9998	10668	5229
1:04:25	30.1	4165	4826	5273	5976	3786	7189	7971	8713	9757	10052	10663	5206
1:04:30	30.0	4194	4832	5225	5954	3793	7231	8079	8686	9762	10173	10606	5242
1:04:35	30.1	4213	4803	5226	5945	3805	7203	7988	8755	9746	10113	10641	5212
1:04:40	30.1	4160	4848	5243	5915	3779	7248	8038	8692	9696	10099	10571	5225
1:04:45	30.1	4178	4797	5208	5917	3762	7194	7995	8693	9774	10111	10678	5285
1:04:50	30.1	4139	4827	5281	5989	3783	7229	7980	8753	9734	10107	10627	5253
1:04:55	30.1	4140	4824	5264	5918	3819	7156	8067	8754	9736	10093	10556	5198
1:05:00	30.1	4137	4797	5260	5911	3772	7262	8031	8727	9818	10064	10645	5243
1:05:05	30.1	4164	4832	5275	5935	3812	7256	8036	8686	9723	10174	10617	5261
1:05:10	30.1	4192	4787	5326	5956	3780	7193	8054	8698	9858	10091	10689	5233
1:05:15	30.1	4172	4797	5269	5900	3807	7237	8051	8690	9814	10104	10686	5252
1:05:20	30.1	4172	4840	5277	5951	3829	7253	8073	8713	9723	10174	10573	5191
1:05:25	30.1	4194	4790	5301	5981	3794	7232	8086	8729	9730	10060	10659	5204
1:05:30	30.1	4168	4806	5258	6003	3805	7218	8033	8706	9786	10138	10565	5188
1:05:35	30.1	4137	4818	5221	5944	3809	7269	8047	8746	9843	10110	10741	5232
1:05:40	30.1	4176	4806	5244	5991	3788	7273	8071	8699	9770	10081	10759	5235
1:05:45	30.1	4178	4823	5257	5932	3796	7241	8082	8721	9811	10066	10684	5259
1:05:50	30.1	4181	4846	5275	5883	3839	7286	8025	8716	9787	10155	10668	5215
1:05:55	30.1	4189	4808	5243	5980	3787	7255	8082	8769	9791	10215	10769	5202
1:06:00	30.1	4172	4822	5269	5927	3805	7284	8079	8792	9851	10222	10746	5228
1:06:05	30.1	4165	4827	5290	5966	3834	7306	8068	8819	9821	10215	10697	5266
1:06:10	30.1	4157	4855	5317	5970	3793	7311	8152	8747	9773	10166	10647	5219
1:06:15	30.1	4203	4790	5300	5919	3832	7287	8140	8799	9776	10189	10664	5223
1:06:20	30.1	4170	4829	5241	5984	3793	7256	8124	8817	9846	10077	10597	5243
1:06:25	30.1	4144	4806	5283	5901	3791	7302	8065	8849	9848	10093	10778	5237
1:06:30	30.1	4177	4821	5260	5959	3771	7317	8098	8841	9761	10170	10719	5210
1:06:35	30.1	4188	4840	5293	5968	3800	7326	8110	8697	9822	10189	10758	5210
1:06:40	30.1	4194	4829	5241	5974	3814	7344	8058	8823	9903	10194	10744	5173
1:06:45	30.1	4185	4864	5304	5980	3802	7319	8074	8837	9887	10243	10719	5197
1:06:50	30.1	4195	4819	5270	5995	3801	7329	8147	8734	9837	10213	10685	5205
1:06:55	30.1	4182	4811	5281	5941	3805	7356	8068	8833	9941	10206	10764	5228
1:07:00	30.1	4152	4811	5288	5983	3825	7273	8132	8876	9729	10227	10689	5206
1:07:05	30.1	4158	4796	5279	5960	3810	7316	8081	8832	9882	10227	10777	5198
1:07:10	30.1	4194	4799	5238	5980	3776	7324	8111	8801	9840	10243	10724	5222
1:07:15	30.1	4145	4855	5310	5973	3804	7384	8121	8805	9882	10279	10791	5194
1:07:20	30.1	4198	4814	5301	5971	3809	7288	8125	8847	9794	10216	10824	5197
1:07:25	30.1	4165	4812	5278	5993	3782	7347	8117	8814	9892	10232	10825	5252
1:07:30	30.1	4205	4856	5276	5958	3779	7320	8112	8804	9886	10254	10802	5215
1:07:35	30.1	4186	4857	5307	6006	3788	7320	8146	8869	9868	10268	10831	5233
1:07:40	30.1	4197	4843	5294	6004	3807	7397	8193	8805	9892	10299	10906	5246
1:07:45	30.1	4155	4863	5257	5971	3798	7421	8073	8873	9907	10297	10885	5244
1:07:50	30.1	4167	4865	5291	5928	3807	7349	8148	8876	9935	10189	10806	5220
1:07:55	30.1	4200	4834	5269	5996	3802	7309	8096	8858	9905	10195	10826	5194
1:08:00	30.1	4174	4802	5325	5976	3803	7337	8184	8885	9876	10370	10824	5175
1:08:05	30.1	4163	4862	5294	5991	3771	7353	8159	8831	9916	10308	10879	5232
1:08:10	30.1	4183	4824	5250	5991	3810	7390	8178	8861	9929	10306	10857	5300
1:08:15	30.1	4188	4835	5313	6022	3761	7370	8181	8851	9977	10342	10823	5178
1:08:20	30.1	4158	4838	5252	5971	3821	7339	8036	8882	9945	10316	10808	5259
1:08:25	30.1	4188	4846	5321	5998	3800	7404	8165	8941	9869	10304	10843	5228
1:08:30	30.1	4154	4816	5281	6008	3793	7363	8148	8873	9975	10239	10828	5193
1:08:35	30.1	4182	4826	5272	6010	3783	7424	8162	8863	9951	10262	10788	5198
1:08:40	30.1	4190	4834	5305	5940	3797	7377	8179	8881	9948	10395	10796	5165
1:08:45	30.1	4177	4867	5313	5996	3783	7369	8171	8864	9971	10417	10811	5250
1:08:50	30.1	4153	4842	5278	6033	3781	7428	8071	8914	9914	10351	10856	5237
1:08:55	30.1	4170	4891	5311	6006	3772	7392	8191	8926	9986	10338	10873	5211
1:09:00	30.1	4189	4858	5301	5988	3783	7341	8125	8939	9901	10349	10962	5171
1:09:05	30.1	4153	4847	5308	6021	3781	7420	8209	8905	9923	10281	10919	5267
1:09:10	30.1	4209	4831	5293	6052	3825	7446	8245	8932	10046	10392	10897	5238
1:09:15	30.1	4172	4829	5245	5986	3795	7410	8211	8897	9987	10409	10922	5212
1:09:20	30.1	4148	4822	5330	5985	3826	7412	8197	8938	9968	10317	10894	5194
1:09:25	30.1	4174	4844	5330	6032	3795	7419	8199	8866	9970	10410	10809	5216
1:09:30	30.1	4185	4878	5273	6004	3821	7416	8191	8922	9987	10406	10882	5208
1:09:35	30.1	4181	4841	5306	6008	3813	7396	8209	8856	10021	10331	10996	5221
1:09:40	30.1	4167	4855	5322	6008	3790	7418	8235	8951	9962	10354	10955	5201
1:09:45	30.1	4214	4825	5275	5995	3792	7433	8185	8869	9978	10334	10967	5219
1:09:50	30.1	4173	4841	5330	5983	3774	7421	8263	8932	10121	10419	10965	5254
1:09:55	30.1	4219	4875	5323	6026	3779	7448	8237	8904	9985	10418	11011	5199
1:10:00	30.1	4165	4816	5310	6051	3784	7467	8201	8961	10086	10383	10924	5211
1:10:05	30.1	4222	4838	5322	5992	3761	7533	8183	8912	9988	10411	10945	5162
1:10:10	30.1	4175	4845	5269	6014	3824	7425	8149	8976	10092	10381	10987	5200
1:10:15	30.1	4208	4797	5324	6093	3780	7429	8222	8964	10056	10414	10957	5228
1:10:20	30.1	4167	4856	5267	6039	3787	7477	8242	8941	10038	10371	10995	5238
1:10:25	30.1	4181	4858	5347	6012	3812	7466	8284	8932	10003	10375	11037	5256
1:10:30	30.1	4199	4861	5276	6039	3803	7453	8232	8984	10002	10392	11027	5182
1:10:35	30.1	4187	4832	5340	6080	3782	7452	8244	8884	9941	10387	10950	5220
1:10:40	30.1	4174	4859	5328	6012	3815	7476	8225	8898	10137	10424	10963	5184
1:10:45	30.1	4183	4877	5305	6049	3799	7525	8185	8961	10109	10397	11016	5198
1:10:50	30.1	4194	4871	5357	6022	3768	7480	8291	8945	10033	10434	11064	5219
1:10:55	30.1	4211	4860	5343	6047	3794	7525	8262	8940	10055	10330	10994	5244
1:11:00	30.1	4199	4845	5342	6021	3814	7504	8242	9004	10054	10475	11013	5209
1:11:05	30.1	4186	4887	5300	6008	3782	7409	8271	8948	10069	10468	11002	5210
1:11:10	30.1	4196	4870	5342	6072	3773	7484	8190	9007	10072	10502	10958	5209
1:11:15	30.1	4195	4860	5317	6044	3820	7555	8269	8967	10083	10450	10901	5206
1:11:20	30.1	4165	4857	5342	6043	3805	7540	8277	8983	10131	10461	11106	5195
1:11:25	30.1	4151	4814	5315	6009	3807	7547	8231	9009	10076	10451	10994	5181
1:11:30	30.1	4209	4858	5333	6029	3798	7487	8282	9037	10156	10463	11048	5217
1:11:35	30.1	4175	4877	5324	6083	3820	7583	8245	8971	10131	10417	11004	5201
1:11:40	30.1	4180	4873	5286	6050	3800	7457	8251	9028	10099	10471	11039	5196
1:11:45	30.1	4226	4875	5332	6073	3822	7474	8263	9050	10113	10482	11065	5235
1:11:50	30.1	4179	4846	5350	6049	3795	7498	8305	9061	10110	10509	11100	5232
1:11:55	30.1	4167	4874	5329	6068	3771	7529	8308	9039	10195	10440	11035	5255
1:12:00	30.1	4178	4847	5332	6093	3784	7534	8305	8955	10073	10435	11002	5164
1:12:05	30.1	4227	4871	5355	6115	3809	7487	8285	8990	10122	10452	11068	5218
1:12:10	30.1	4192	4836	5343	6014	3801	7573	8285	9069	10181	10554	11086	5198
1:12:15	30.1	4183	4847	5311	6036	3787	7559	8313	9027	10102	10508	11109	5198
1:12:20	30.1	4232	4846	5299	6111	3765	7550	8237	8993	10109	10478	11038	5205
1:12:25	30.1	4190	4852	5382	6075	3778	7468	8265	9130	10136	10646	11203	5209
1:12:30	30.1	4180	4878	5370	6044	3795	7560	8293	9079	10198	10587	11075	5194
1:12:35	30.1	4240	4851	5340	6061	3779	7555	8232	9066	10087	10554	11193	5245
1:12:40	30.1	4224	4858	5373	6075	3771	7552	8331	9083	10191	10535	11162	5274
1:12:45	30.1	4189	4865	5345	6058	3800	7529	8255	9096	10147	10491	11149	5201
1:12:50	30.1	4185	4874	5325	6095	3772	7555	8316	9059	10175	10555	11169	5221
1:12:55	30.1	4180	4909	5365	6104	3784	7637	8284	9032	10192	10527	11141	5231
1:13:00	30.1	4193	4860	5361	6060	3801	7566	8258	9076	10169	10551	10992	5191
1:13:05	30.1	4180	4866	5370	6030	3760	7594	8316	9038	10151	10569	11150	5222
1:13:10	30.1	4210	4869	5357	6011	3790	7613	8340	9111	10176	10578	11067	5197
1:13:15	30.1	4202	4836	5339	6032	3766	7620	8376	9105	10314	10538	11063	5203
1:13:20	30.1	4179	4838	5363	6103	3783	7537	8328	9036	10239	10497	11115	5194
1:13:25	30.1	4216	4892	5360	6098	3804	7555	8352	9062	10213	10588	11112	5231
1:13:30	30.1	4174	4874	5329	6111	3751	7622	8298	9027	10221	10495	11219	5239
1:13:35	30.1	4194	4877	5339	6057	3772	7556	8363	9081	10211	10601	11180	5206
1:13:40	30.1	4196	4880	5357	6061	3780	7647	8361	9075	10258	10553	11182	5267
1:13:45	30.1	4177	4861	5330	6009	3807	7588	8249	9109	10236	10553	11194	5213
1:13:50	30.1	4189	4874	5311	6090	3820	7514	8300	9015	10195	10607	11214	5172
1:13:55	30.1	4212	4849	5385	6059	3777	7566	8360	9080	10174	10527	11078	5222
1:14:00	30.1	4188	4860	5380	6092	3805	7593	8381	9128	10268	10564	11222	5246
1:14:05	30.1	4172	4876	5315	6067	3789	7598	8289	9131	10222	10613	11234	5212
1:14:10	30.1	4188	4892	5324	6113	3781	7666	8320	9220	10281	10639	11196	5191
1:14:15	30.1	4195	4837	5369	6080	3798	7611	8322	9104	10233	10551	11163	5240
1:14:20	30.1	4197	4869	5364	6082	3794	7592	8398	9183	10285	10625	11282	5213
1:14:25	30.1	4219	4862	5299	6055	3754	7689	8355	9112	10287	10590	11200	5228
1:14:30	30.1	4202	4828	5399	6071	3809	7609	8365	9099	10233	10592	11288	5203
1:14:35	30.1	4227	4905	5323	6055	3815	7647	8432	9196	10184	10714	11178	5209
1:14:40	30.1	4185	4818	5359	6099	3786	7601	8363	9197	10187	10664	11253	5198
1:14:45	30.1	4202	4856	5428	6112	3806	7663	8325	9142	10268	10718	11198	5170
1:14:50	30.1	4179	4914	5359	6087	3778	7644	8361	9096	10315	10617	11229	5197
1:14:55	30.1	4210	4896	5359	6096	3784	7630	8402	9189	10184	10652	11247	5209
1:15:00	30.1	4212	4895	5327	6056	3773	7647	8378	9202	10166	10599	11206	5199
1:15:05	30.1	4187	4854	5363	6101	3776	7628	8377	9111	10242	10603	11297	5193
1:15:10	30.1	4162	4886	5384	6055	3763	7717	8373	9192	10269	10607	11281	5184
1:15:15	30.1	4188	4876	5387	6097	3790	7698	8374	9119	10203	10546	11338	5193
1:15:20	30.1	4175	4857	5346	6142	3747	7635	8311	9215	10363	10701	11278	5218
1:15:25	30.1	4211	4841	5327	6055	3802	7723	8337	9150	10262	10605	11272	5226
1:15:30	30.1	4201	4879	5366	6102	3775	7669	8367	9126	10330	10622	11252	5204
1:15:35	30.1	4217	4870	5383	6093	3753	7614	8394	9145	10272	10606	11347	5207
1:15:40	30.1	4202	4868	5328	6112	3770	7671	8396	9079	10312	10650	11269	5182
1:15:45	30.1	4184	4833	5359	6017	3802	7696	8481	9116	10303	10718	11270	5197
1:15:50	30.1	4197	4826	5375	6084	3765	7704	8436	9128	10286	10660	11372	5211
1:15:55	30.1	4192	4879	5334	6088	3787	7645	8400	9115	10408	10737	11258	5190
1:16:00	30.1	4185	4834	5350	6124	3783	7649	8428	9226	10379	10775	11296	5184
1:16:05	30.1	4179	4830	5386	6125	3762	7711	8384	9217	10338	10584	11200	5196
1:16:10	30.1	4204	4847	5357	6095	3804	7658	8341	9219	10360	10721	11210	5188
1:16:15	30.1	4189	4869	5375	6021	3738	7674	8436	9125	10359	10669	11270	5145
1:16:20	30.1	4194	4861	5424	6088	3798	7732	8454	9221	10392	10728	11261	5166
1:16:25	30.1	4184	4937	5368	6076	3760	7667	8451	9215	10270	10701	11262	5145
1:16:30	30.1	4149	4900	5425	6080	3764	7702	8420	9124	10417	10645	11243	5205
1:16:35	30.1	4166	4892	5406	6077	3774	7643	8475	9145	10278	10757	11242	5147
1:16:40	30.1	4174	4818	5384	6158	3741	7643	8449	9264	10358	10773	11310	5194
1:16:45	30.1	4224	4847	5354	6090	3749	7685	8425	9146	10302	10708	11275	5200
1:16:50	30.1	4177	4886	5398	6051	3764	7748	8445	9160	10321	10749	11315	5196
1:16:55	30.1	4171	4848	5387	6134	3804	7706	8498	9209	10305	10669	11213	5211
1:17:00	30.1	4149	4853	5314	6097	3799	7785	8442	9184	10348	10710	11287	5235
1:17:05	30.1	4199	4921	5375	6087	3765	7700	8457	9215	10358	10606	11352	5185
1:17:10	30.1	4174	4856	5366	6111	3772	7705	8427	9136	10309	10706	11318	5190
1:17:15	30.1	4185	4860	5358	6055	3767	7705	8420	9221	10268	10760	11234	5195
1:17:20	30.1	4160	4850	5347	6102	3737	7735	8421	9140	10398	10676	11391	5134
1:17:25	30.1	4171	4865	5344	6075	3762	7728	8430	9207	10377	10799	11329	5194
1:17:30	30.1	4139	4926	5356	6116	3784	7762	8479	9198	10433	10706	11274	5153
1:17:35	30.1	4189	4865	5298	6084	3733	7733	8415	9171	10314	10856	11363	5158
1:17:40	30.1	4191	4916	5331	6129	3762	7710	8431	9258	10393	10763	11381	5185
1:17:45	30.1	4192	4866	5357	6062	3757	7663	8451	9248	10448	10835	11395	5160
1:17:50	30.1	4194	4848	5389	6096	3772	7688	8425	9221	10314	10803	11292	5174
1:17:55	30.1	4185	4845	5366	6104	3754	7760	8480	9194	10451	10707	11367	5176
1:18:00	30.1	4205	4865	5343	6096	3778	7779	8441	9223	10323	10723	11264	5187
1:18:05	30.1	4212	4874	5364	6152	3759	7750	8482	9169	10405	10764	11367	5170
1:18:10	30.1	4152	4853	5336	6117	3788	7802	8430	9268	10444	10678	11384	5183
1:18:15	30.1	4171	4862	5400	6109	3774	7756	8448	9235	10437	10812	11316	5157
1:18:20	30.1	4166	4865	5397	6101	3782	7742	8460	9256	10522	10743	11389	5191
1:18:25	30.1	4146	4899	5403	6108	3775	7820	8481	9194	10458	10810	11360	5215
1:18:30	30.1	4207	4871	5437	6091	3755	7728	8438	9224	10467	10763	11409	5169
1:18:35	30.1	4191	4855	5370	6060	3777	7749	8423	9297	10495	10942	11416	5167
1:18:40	30.1	4159	4823	5423	6051	3797	7834	8444	9278	10464	10796	11431	5163
1:18:45	30.1	4207	4853	5366	6098	3767	7770	8455	9240	10380	10805	11412	5133
1:18:50	30.1	4205	4863	5389	6153	3767	7748	8437	9204	10458	10854	11423	5202
1:18:55	30.1	4185	4920	5363	6132	3733	7758	8517	9265	10460	10820	11465	5178
1:19:00	30.1	4151	4884	5365	6106	3747	7801	8459	9289	10454	10792	11452	5211
1:19:05	30.1	4202	4856	5394	6070	3742	7842	8517	9269	10480	10905	11438	5166
1:19:10	30.1	4193	4879	5384	6132	3767	7707	8504	9302	10502	10890	11406	5144
1:19:15	30.1	4182	4886	5362	6051	3758	7729	8457	9175	10421	10840	11353	5203
1:19:20	30.1	4229	4868	5336	6065	3763	7845	8495	9234	10478	10828	11508	5206
1:19:25	30.1	4172	4865	5385	6099	3761	7755	8552	9222	10500	10811	11380	5116
1:19:30	30.1	4191	4856	5304	6134	3754	7823	8499	9269	10510	10809	11516	5220
1:19:35	30.1	4169	4886	5416	6124	3759	7798	8395	9253	10458	10786	11410	5134
1:19:40	30.1	4157	4822	5411	6092	3771	7784	8453	9236	10440	10859	11423	5166
1:19:45	30.1	4161	4892	5415	6175	3751	7818	8455	9245	10487	10844	11479	5203
1:19:50	30.1	4211	4854	5369	6088	3774	7790	8466	9262	10505	10788	11522	5189
1:19:55	30.1	4217	4883	5359	6106	3763	7824	8490	9327	10503	10892	11479	5209
1:20:00	30.1	4150	4850	5410	6086	3797	7706	8452	9291	10563	10829	11483	5132
1:20:05	30.1	4185	4842	5367	6086	3767	7779	8532	9324	10456	10866	11454	5221
1:20:10	30.1	4168	4840	5361	6047	3732	7815	8547	9358	10521	10926	11450	5171
1:20:15	30.1	4192	4913	5362	6097	3758	7823	8498	9301	10404	10901	11438	5134
1:20:20	30.1	4168	4875	5368	6135	3763	7850	8580	9322	10450	10849	11565	5179
1:20:25	30.1	4169	4888	5442	6128	3751	7815	8562	9325	10538	10801	11505	5159
1:20:30	30.1	4216	4903	5399	6105	3745	7845	8568	9378	10479	10988	11513	5189
1:20:35	30.1	4156	4901	5408	6100	3736	7817	8505	9331	10479	10866	11557	5191
1:20:40	30.1	4183	4918	5339	6146	3750	7885	8535	9330	10495	10872	11489	5166
1:20:45	30.1	4178	4874	5429	6067	3793	7787	8497	9320	10546	10921	11491	5159
1:20:50	30.1	4152	4926	5417	6088	3740	7779	8535	9377	10518	10964	11473	5149
1:20:55	30.1	4198	4875	5354	6108	3753	7785	8586	9340	10547	10937	11494	5157
1:21:00	30.1	4150	4866	5386	6165	3718	7811	8572	9303	10543	10955	11523	5187
1:21:05	30.1	4184	4873	5393	6188	3769	7869	8567	9287	10632	10873	11598	5165
1:21:10	30.1	4180	4887	5444	6145	3761	7912	8519	9272	10548	10912	11575	5170
1:21:15	30.1	4148	4911	5417	6135	3765	7858	8602	9355	10563	10959	11574	5160
1:21:20	30.1	4218	4911	5404	6150	3766	7872	8609	9449	10625	10884	11636	5174
1:21:25	30.1	4197	4855	5387	6172	3749	7858	8651	9392	10641	11016	11622	5182
1:21:30	30.1	4165	4874	5386	6133	3759	7858	8498	9406	10524	10980	11568	5195
1:21:35	30.1	4210	4890	5398	6127	3738	7832	8609	9409	10527	10972	11658	5178
1:21:40	30.1	4176	4897	5366	6094	3794	7799	8611	9398	10686	10941	11565	5207
1:21:45	30.1	4178	4893	5394	6101	3762	7854	8661	9451	10598	11011	11562	5183
1:21:50	30.1	4186	4865	5388	6186	3766	7968	8574	9420	10625	11044	11599	5166
1:21:55	30.1	4151	4908	5416	6059	3763	7890	8612	9428	10627	10953	11539	5166
1:22:00	30.1	4184	4880	5391	6133	3760	7911	8515	9358	10583	11017	11594	5163
1:22:05	30.1	4204	4912	5447	6073	3775	7870	8558	9367	10631	11043	11658	5149
1:22:10	30.1	4171	4897	5430	6113	3747	7943	8575	9375	10495	10949	11516	5175
1:22:15	30.1	4160	4886	5402	6122	3779	7944	8551	9308	10589	10921	11594	5197
1:22:20	30.1	4142	4896	5444	6177	3795	7846	8542	9377	10682	10944	11576	5192
1:22:25	30.1	4209	4886	5382	6095	3764	7897	8561	9451	10662	11005	11648	5184
1:22:30	30.1	4176	4897	5385	6091	3757	7960	8649	9396	10635	11033	11685	5223
1:22:35	30.1	4185	4871	5435	6137	3781	7958	8624	9340	10677	11015	11607	5204
1:22:40	30.1	4196	4876	5398	6124	3786	7958	8565	9437	10602	11028	11693	5161
1:22:45	30.1	4189	4886	5404	6150	3781	7864	8612	9474	10737	11030	11650	5147
1:22:50	30.1	4194	4883	5407	6186	3757	7930	8615	9435	10681	11069	11611	5213
1:22:55	30.1	4170	4864	5439	6187	3767	7911	8633	9530	10684	11078	11685	5149
1:23:00	30.1	4223	4923	5416	6142	3757	7916	8599	9373	10726	11086	11601	5174

Results
	1	2	3	4	5	6	7	8	9	10	11	12
A	1392000.000	-1284000.000	1344000.000	-1524000.000	-1236000.000	2064000.000	-1920000.000	1920000.000	-2544000.000	-2292000.000	2640000.000	1476000.000	Max V [425,457]
	1.000	1.000	1.000	1.000	1.000	1.000	1.000	1.000	1.000	1.000	1.000	1.000	R-Squared [425,457]
	0:05:38	1:03:13	1:19:33	1:21:53	0:59:43	1:01:18	1:02:58	1:00:28	1:06:58	1:16:03	0:59:18	0:59:43	t at Max V [425,457]
	0:05:33	1:04:02	1:18:24	?????	0:59:46	0:59:52	1:04:11	0:59:06	1:08:21	1:17:51	0:57:56	0:59:40	Lagtime [425,457]
B													Max V [425,457]
													R-Squared [425,457]
													t at Max V [425,457]
													Lagtime [425,457]
C													Max V [425,457]
													R-Squared [425,457]
													t at Max V [425,457]
													Lagtime [425,457]
D													Max V [425,457]
													R-Squared [425,457]
													t at Max V [425,457]
													Lagtime [425,457]
E													Max V [425,457]
													R-Squared [425,457]
													t at Max V [425,457]
													Lagtime [425,457]
F													Max V [425,457]
													R-Squared [425,457]
													t at Max V [425,457]
													Lagtime [425,457]
G													Max V [425,457]
													R-Squared [425,457]
													t at Max V [425,457]
													Lagtime [425,457]
H													Max V [425,457]
													R-Squared [425,457]
													t at Max V [425,457]
													Lagtime [425,457]

