

Software Version	3.03.14



Experiment File Path:	C:\Users\Public\Documents\Experiments\Tina\20190129_GAP_assay.xpt
Protocol File Path:	C:\Users\Public\Documents\Protocols\Tina\GAP_sensor_assay.prt



Plate Number	Plate 1
Date	1/29/2019
Time	11:52:37 AM
Reader Type:	Synergy H1
Reader Serial Number:	1803011C
Reading Type	Reader

Procedure Details

Plate Type	Costar 96 well half area
Set Temperature	Setpoint 30°C
Start Kinetic	Runtime 4:00:00 (HH:MM:SS), Interval 0:00:15, 961 Reads
    Read	Fluorescence Endpoint
	E1..E12
	Filter Set 1
	    Excitation: 425,  Emission: 457
	    Optics: Bottom,  Gain: 57
	Light Source: Xenon Flash,  Lamp Energy: High
	Read Speed: Normal,  Delay: 0 msec,  Measurements/Data Point: 5
	Read Height: 7 mm
End Kinetic	

Layout
	1	2	3	4	5	6	7	8	9	10	11	12
A													Well ID
B													Well ID
C													Well ID
D													Well ID
E	SPL1	SPL2	SPL3	SPL4	SPL5	SPL6	SPL7	SPL8	SPL9	SPL10	SPL11	SPL13	Well ID
F													Well ID
G													Well ID
H													Well ID

425,457

Time	T° 425,457	E1	E2	E3	E4	E5	E6	E7	E8	E9	E10	E11	E12
0:00:00	30.0	26	16539	25053	17502	29026	24673	18095	15852	18108	23	18	19
0:00:15	30.0	15	16817	25125	17504	29048	24693	18127	15892	18225	19	17	18
0:00:30	30.0	12	17008	25335	17671	28863	24875	18308	16088	18215	18	20	21
0:00:45	30.0	18	16942	25415	17657	28954	25052	18425	15991	18157	17	18	21
0:01:00	30.0	24	17306	25568	17541	28899	25171	18122	16168	18137	17	18	22
0:01:15	30.0	22	17424	25479	17576	28989	25030	18439	16164	18103	21	20	11
0:01:30	30.0	20	17561	25408	17532	29016	25324	18438	16283	18140	12	21	21
0:01:45	29.9	21	17740	25440	17598	28704	25550	18472	16322	18184	19	22	27
0:02:00	30.0	19	17769	25541	17596	28719	25364	18525	16121	18098	21	17	20
0:02:15	30.0	24	17727	25458	17620	28625	25560	18476	16150	18047	25	14	20
0:02:30	30.0	19	18123	25456	17715	28472	25829	18509	16309	17925	21	18	16
0:02:45	30.0	17	18076	25353	17687	28701	25770	18721	16210	18079	23	17	14
0:03:00	30.0	19	18336	25472	17576	28536	26001	18744	16199	17980	17	14	18
0:03:15	30.0	19	18388	25550	17732	28515	26137	18900	16229	17963	12	19	17
0:03:30	30.0	18	18495	25821	17744	28682	26144	18859	16390	18008	17	18	18
0:03:45	30.0	17	18712	25576	17668	28485	26245	18912	16254	17988	19	18	23
0:04:00	30.0	19	18898	25754	17774	28375	26543	18905	16543	18109	17	19	18
0:04:15	30.0	19	18911	25815	17820	28385	26586	19015	16593	18165	20	17	23
0:04:30	30.0	20	18951	25683	17736	28521	26531	19076	16385	18168	18	20	19
0:04:45	30.0	18	19162	25815	17780	28319	26679	19214	16511	17881	24	19	19
0:05:00	30.0	13	19223	25677	17894	28348	26743	19217	16628	18040	22	19	26
0:05:15	30.0	17	19458	25843	17693	28280	26896	19489	16480	18039	16	18	18
0:05:30	30.0	17	19645	25831	17823	28376	26960	19229	16596	18059	19	14	20
0:05:45	30.0	21	19667	25944	17701	28043	27048	19452	16218	18157	24	15	18
0:06:00	30.0	20	19877	25778	17947	28221	27256	19414	16245	18045	20	23	15
0:06:15	30.0	17	19960	25842	17857	28233	27254	19542	16240	18099	19	19	20
0:06:30	30.0	19	20045	25902	17901	28350	27417	19420	16257	18104	18	17	19
0:06:45	30.0	16	20436	25915	17877	28121	27538	19743	16303	18126	22	20	20
0:07:00	30.0	15	20365	25925	17857	28269	27584	19726	16273	18094	16	21	17
0:07:15	30.0	17	20356	26061	17812	28103	27726	19687	16323	18205	21	17	22
0:07:30	30.0	24	20692	25814	17919	28188	27754	19928	16450	18229	18	16	17
0:07:45	30.0	22	20790	25845	17919	28134	27829	19882	16291	18115	21	14	20
0:08:00	30.0	20	20754	25985	17874	27975	27953	20039	16472	18119	21	18	21
0:08:15	30.0	21	20933	25988	18096	27944	27952	19969	16361	18171	15	18	22
0:08:30	30.0	19	21133	26127	17947	28061	28289	20177	16384	18256	17	20	22
0:08:45	30.0	18	21134	26086	17988	28012	28115	20055	16494	18196	16	19	15
0:09:00	30.0	23	21237	26078	17922	27793	28449	20305	16533	18287	19	17	17
0:09:15	30.0	14	21440	26385	18045	27848	28509	20310	16463	18232	20	26	11
0:09:30	30.0	17	21696	26320	17881	27764	28478	20293	16563	18236	15	18	19
0:09:45	30.0	11	21894	26165	18087	27850	28519	20386	16644	18340	23	18	19
0:10:00	30.0	17	21910	26308	17904	27836	28655	20542	16544	18254	24	17	13
0:10:15	30.0	18	21883	26428	18107	27983	28734	20604	16595	18286	18	16	15
0:10:30	30.0	20	22141	26246	18114	27866	28686	20309	16641	18390	18	19	18
0:10:45	30.0	17	22225	26335	18142	27762	28972	20662	16729	18163	19	17	19
0:11:00	30.0	19	22104	26326	18148	28005	28851	20722	16717	18366	19	18	20
0:11:15	30.0	17	22434	26505	18162	27718	28983	20870	16721	18364	22	19	19
0:11:30	30.0	13	22513	26501	18193	27849	29035	20685	16747	18277	17	20	20
0:11:45	30.0	20	22680	26557	18213	27884	29244	20919	16900	18258	25	16	20
0:12:00	30.0	18	22767	26570	18187	27745	29232	20900	16826	18376	16	15	18
0:12:15	30.0	17	22813	26604	18135	28018	29462	20895	16798	18424	26	20	19
0:12:30	30.0	22	22878	26678	18215	27741	29347	21085	16900	18352	15	16	22
0:12:45	30.0	22	23159	26727	18221	27707	29563	21117	16900	18516	18	14	16
0:13:00	30.0	16	23093	26599	18171	27815	29619	21223	17014	18382	20	12	22
0:13:15	30.0	17	23301	26680	18295	27561	29551	21213	16968	18566	17	18	17
0:13:30	30.0	16	23454	26865	18192	27617	29798	21403	16939	18481	18	18	19
0:13:45	30.0	17	23551	26653	18270	27650	29956	21498	17019	18468	21	18	18
0:14:00	30.0	15	23646	26918	18308	27737	29921	21629	17074	18550	19	20	18
0:14:15	30.0	23	23732	26708	18339	27765	29915	21598	17154	18443	21	19	17
0:14:30	30.0	17	23785	26676	18382	27548	30018	21587	17035	18664	18	19	23
0:14:45	30.0	17	24070	26864	18408	27480	30056	21754	17281	18460	20	16	21
0:15:00	30.0	13	23898	27094	18424	27692	30108	21634	17274	18486	17	20	19
0:15:15	30.0	16	24166	26733	18428	27704	30112	21782	17107	18487	14	19	21
0:15:30	30.0	15	24028	26967	18306	27621	30178	21904	17265	18362	15	18	18
0:15:45	30.0	18	24158	27028	18520	27626	30125	21822	17274	18638	17	17	23
0:16:00	30.0	14	24374	27141	18440	27435	30543	21953	17228	18607	25	14	17
0:16:15	30.0	25	24630	27091	18595	27629	30628	22206	17201	18645	19	19	20
0:16:30	30.0	11	24602	26893	18584	27585	30557	22009	17447	18585	19	18	18
0:16:45	30.0	18	24690	27094	18538	27586	30270	22035	17254	18653	21	20	16
0:17:00	30.0	18	24976	27310	18594	27551	30513	22246	17394	18683	16	16	15
0:17:15	30.0	20	24808	27172	18532	27512	30769	22176	17448	18663	14	15	18
0:17:30	30.0	14	24929	27096	18631	27336	30788	22319	17551	18499	18	19	18
0:17:45	30.0	20	25088	27187	18722	27640	30894	22428	17550	18658	19	21	14
0:18:00	30.0	18	25034	27062	18739	27714	30781	22472	17606	18801	22	18	17
0:18:15	30.0	16	25218	26933	18730	27653	30856	22469	17523	18695	15	16	18
0:18:30	30.0	19	25401	27519	18799	27420	30994	22475	17670	18948	20	19	14
0:18:45	30.1	19	25174	27382	18641	27366	31036	22584	17638	18760	19	21	18
0:19:00	30.0	16	25559	27474	18665	27583	31007	22618	17583	18937	15	18	24
0:19:15	30.0	23	25501	27524	18895	27391	30884	22791	17657	18837	20	18	20
0:19:30	30.0	17	25760	27393	18756	27468	31082	22926	17839	18840	18	15	23
0:19:45	30.0	17	25702	27569	18970	27540	31143	22858	17801	18955	16	19	18
0:20:00	30.0	19	25785	27631	18931	27423	31418	23013	17820	18885	15	18	18
0:20:15	30.0	28	25890	27664	18691	27557	31287	23030	17813	18878	18	17	23
0:20:30	30.0	15	25892	27647	18870	27529	31147	23123	17700	18838	20	17	17
0:20:45	30.0	22	25988	27644	19063	27511	31280	23149	17924	18922	19	19	17
0:21:00	30.0	15	26166	27541	18901	27539	31366	23176	18017	18975	20	19	19
0:21:15	30.0	8	26171	27889	18856	27658	31403	23337	17995	18960	22	18	22
0:21:30	30.0	17	26156	27625	19028	27516	31488	23241	17973	19010	18	23	18
0:21:45	30.0	12	26287	28137	19103	27617	31647	23359	18044	18928	19	19	19
0:22:00	30.0	18	26098	27926	19140	27570	31619	23544	18068	19041	16	16	8
0:22:15	30.0	16	25985	27769	19124	27492	31759	23634	18074	19051	14	16	19
0:22:30	30.1	18	26123	27865	18983	27645	31741	23578	18089	19156	21	14	17
0:22:45	30.0	15	26415	27942	19179	27452	31703	23516	18288	19101	21	16	18
0:23:00	30.0	20	26037	27891	19205	27280	31729	23857	18212	19146	19	26	17
0:23:15	30.0	22	26216	28054	19269	27409	31667	23797	18269	19105	17	19	21
0:23:30	30.0	17	26292	27903	19331	27587	31918	23862	18355	19200	20	15	18
0:23:45	30.0	15	26217	28173	19305	27621	31929	23855	18456	19320	20	19	16
0:24:00	30.0	20	26167	27987	19324	27441	31935	24021	18366	19211	21	20	18
0:24:15	30.0	19	26330	28097	19357	27727	32127	24000	18395	19195	25	19	20
0:24:30	30.0	19	26282	28153	19397	27586	31934	24117	18400	19240	18	13	18
0:24:45	30.0	21	26053	28203	19322	27310	31816	24236	18559	19240	17	18	19
0:25:00	30.0	17	26281	28229	19386	27217	31926	24217	18561	19191	22	18	24
0:25:15	30.0	17	26134	28287	19359	27508	32132	24311	18591	19253	17	19	19
0:25:30	30.0	17	26153	28323	19453	27754	32132	24282	18562	19155	21	19	18
0:25:45	30.0	18	26291	28524	19547	27397	31869	24356	18597	19395	19	17	19
0:26:00	30.0	22	26179	28388	19513	27583	32247	24548	18664	19537	20	25	20
0:26:15	30.0	14	26349	28499	19553	27559	32083	24671	18656	19314	17	13	17
0:26:30	30.0	17	26251	28444	19531	27453	32287	24507	18726	19395	21	17	18
0:26:45	30.0	12	26128	28300	19632	27605	32216	24698	18634	19409	17	17	14
0:27:00	30.0	14	26344	28349	19540	27548	32308	24794	18779	19342	20	18	20
0:27:15	30.1	16	26161	28373	19548	27631	32222	24891	18847	19440	20	15	18
0:27:30	30.0	17	26235	28344	19660	27613	32330	24891	18889	19628	20	17	18
0:27:45	30.0	10	26278	28662	19494	27371	32456	25175	18880	19527	20	17	21
0:28:00	30.0	18	26275	28669	19500	27490	32217	25127	18948	19503	20	19	17
0:28:15	30.0	18	26555	28701	19658	27597	32346	25008	18920	19578	17	16	18
0:28:30	30.0	18	26098	28620	19733	27586	32384	25030	18909	19529	20	17	17
0:28:45	30.0	17	25987	28392	19666	27641	32628	25101	19040	19545	24	23	14
0:29:00	30.0	26	26103	28596	19906	27672	32448	25133	19095	19597	17	20	22
0:29:15	30.0	19	26281	28726	19847	27646	32294	25159	19045	19651	23	22	19
0:29:30	30.0	18	26186	28829	19719	27545	32614	25444	19129	19676	18	19	17
0:29:45	30.0	18	26268	28617	19912	27432	32574	25417	19228	19600	22	19	20
0:30:00	30.0	18	26330	28719	19906	27479	32563	25626	19169	19769	16	16	20
0:30:15	30.0	17	26115	28888	19865	27643	32530	25595	19154	19744	20	16	25
0:30:30	30.0	16	26184	28876	19977	27603	32563	25660	19158	19789	20	18	18
0:30:45	30.0	18	26407	29018	19909	27701	32643	25614	19314	19750	19	12	15
0:31:00	30.0	15	26191	28953	19959	27380	32664	25702	19342	19949	17	17	20
0:31:15	30.0	20	26179	28951	20008	27553	32492	25830	19330	19696	16	21	19
0:31:30	30.0	17	25923	29043	20090	27621	32623	25883	19473	19757	21	20	20
0:31:45	30.0	18	26318	28908	19904	27838	32700	25958	19534	19770	24	19	18
0:32:00	30.0	14	26268	28825	20233	27666	32555	26080	19499	20010	21	17	21
0:32:15	30.0	17	26051	29031	20158	27712	32620	25988	19610	19946	18	19	18
0:32:30	30.0	13	26282	29033	20201	27482	32849	25995	19522	19927	23	15	16
0:32:45	30.0	20	26077	29363	20202	27700	32548	26071	19546	19913	17	17	21
0:33:00	30.0	14	26179	29278	20313	27347	32676	26187	19682	19974	20	16	19
0:33:15	30.0	15	26094	29344	20036	27652	32524	26351	19733	20072	15	16	18
0:33:30	30.0	24	26102	29216	20362	27570	32542	26290	19720	19940	16	24	24
0:33:45	30.0	15	26182	29141	20227	27505	32632	26336	19695	20086	20	21	20
0:34:00	30.0	15	25930	29394	20312	27667	32852	26482	19816	20061	20	21	18
0:34:15	30.0	18	26078	29191	20404	27725	32933	26401	19836	20102	18	17	13
0:34:30	30.0	19	26074	29101	20414	27691	32822	26596	19956	20018	15	23	19
0:34:45	30.0	15	26054	29435	20185	27657	32634	26640	19947	20142	17	17	18
0:35:00	30.0	18	25839	29290	20246	27389	33052	26702	19802	20054	19	22	20
0:35:15	30.0	22	26110	29201	20501	27744	32654	26603	19990	20182	17	22	21
0:35:30	30.0	14	26152	29295	20547	27542	32770	26769	19916	20227	17	18	13
0:35:45	30.0	24	26064	29410	20474	27548	32760	26843	19991	20193	20	18	20
0:36:00	30.0	14	26043	29454	20550	27837	32843	26936	20000	20255	20	19	13
0:36:15	30.0	14	26046	29319	20484	27654	32766	26840	20134	20200	14	17	22
0:36:30	30.0	18	26041	29478	20631	27905	32794	27065	20212	20261	18	18	16
0:36:45	30.1	17	26022	29557	20754	27745	32592	27049	20242	20283	18	18	15
0:37:00	30.0	20	25981	29601	20663	27480	32650	26913	20358	20341	22	19	21
0:37:15	30.0	21	26044	29454	20711	27639	32657	26967	20209	20316	20	18	21
0:37:30	30.0	18	26091	29546	20567	27716	32929	27229	20303	20423	17	14	18
0:37:45	30.0	12	26165	29586	20778	27595	32923	27108	20436	20323	17	14	24
0:38:00	30.0	17	25792	29692	20616	27759	32581	27220	20306	20179	18	14	18
0:38:15	30.0	18	26215	29590	20721	27677	32691	27437	20362	20290	22	20	18
0:38:30	30.0	19	26007	29782	20918	27770	32733	27250	20450	20475	19	21	21
0:38:45	30.0	16	26013	29519	20854	27683	32769	27435	20502	20606	21	17	15
0:39:00	30.0	17	25945	29775	20720	27737	32824	27705	20513	20469	17	16	20
0:39:15	30.0	15	26137	29788	20871	27690	32771	27500	20438	20504	17	24	20
0:39:30	30.0	18	26055	29679	20861	27739	32726	27578	20486	20537	19	18	16
0:39:45	30.0	23	25966	29621	20818	27756	32658	27608	20677	20463	21	19	20
0:40:00	30.0	19	26135	29794	20902	27647	32767	27622	20734	20432	18	20	16
0:40:15	30.0	15	25906	29752	21023	27804	32629	27703	20679	20424	22	16	18
0:40:30	30.0	20	25820	29734	20951	27870	32736	27688	20799	20496	22	18	19
0:40:45	30.0	16	25891	29829	20835	27649	32538	27897	20803	20810	17	20	21
0:41:00	30.0	17	26009	29799	20948	27731	32712	27815	20710	20638	18	18	21
0:41:15	30.0	21	25998	29814	21072	27715	32362	27811	20830	20799	23	18	19
0:41:30	30.0	15	25977	29824	21044	27702	32544	27975	20741	20785	13	20	18
0:41:45	30.0	20	26152	29812	21107	27834	32540	28128	20843	20609	16	18	18
0:42:00	30.0	18	25962	30014	21087	27853	32528	28022	20898	20640	19	18	21
0:42:15	30.0	17	25937	29877	21003	27852	32561	27975	20936	20709	24	18	16
0:42:30	30.0	17	26166	29928	21149	27841	32722	28124	20962	20803	17	17	14
0:42:45	30.0	12	25964	29876	21148	27787	32652	28212	21106	20790	16	18	20
0:43:00	30.0	19	25831	30062	21075	27940	32591	28122	21081	20907	18	15	19
0:43:15	30.0	15	26002	30040	21200	27741	32866	28149	21077	20849	17	17	22
0:43:30	30.0	20	25883	29906	21354	27806	32565	28106	21091	20876	16	18	17
0:43:45	30.0	17	25774	30130	21245	27571	32739	28256	21197	20804	22	15	19
0:44:00	30.0	17	25952	29983	21252	27599	32743	28423	21167	20819	17	17	19
0:44:15	30.0	19	26033	29847	21438	27787	32561	28465	21174	21025	23	17	22
0:44:30	30.0	17	25994	29785	21479	27769	32576	28406	21288	20780	18	15	20
0:44:45	30.0	16	26144	29870	21397	27811	32425	28477	21044	20953	19	18	24
0:45:00	30.0	18	26018	29983	21471	27744	32514	28646	21238	20828	19	13	25
0:45:15	30.0	17	26045	30151	21450	27769	32723	28710	21300	20945	13	18	10
0:45:30	30.0	17	26014	30132	21452	27937	32652	28780	21516	20958	18	18	18
0:45:45	30.0	20	25933	30226	21344	27867	32731	28839	21539	20891	20	18	18
0:46:00	30.0	18	25847	30127	21509	27941	32713	28531	21525	21000	23	19	16
0:46:15	30.0	17	25933	30034	21489	27691	32476	28709	21485	21124	15	17	14
0:46:30	30.0	18	26035	30094	21491	27965	32427	28766	21751	21105	18	17	16
0:46:45	30.0	17	26001	30202	21556	27810	32630	28824	21583	21058	21	19	19
0:47:00	30.0	20	25842	30169	21566	27985	32490	28733	21619	21031	20	18	19
0:47:15	30.0	12	25972	30178	21644	27824	32749	29004	21614	21062	19	18	18
0:47:30	30.0	18	26062	30276	21454	28308	32618	29109	21651	21312	15	21	23
0:47:45	30.0	18	25942	30042	21778	28020	32350	28992	21674	21136	19	17	18
0:48:00	30.0	13	25939	30184	21636	27869	32728	29152	21588	21321	20	13	16
0:48:15	30.0	17	25980	30415	21928	27843	32509	29052	21752	21241	18	16	17
0:48:30	30.0	16	25942	30146	21900	27979	32639	29179	21854	21184	19	19	19
0:48:45	30.0	21	26032	30257	21785	27872	32543	29320	21769	21258	21	19	19
0:49:00	30.0	18	25919	30318	21787	27868	32548	29216	21751	21211	19	17	20
0:49:15	30.0	19	26030	30164	21925	28023	32910	29354	21763	21180	17	15	19
0:49:30	30.0	19	25938	29892	21870	27967	32436	29356	21994	21297	20	16	21
0:49:45	30.0	16	25978	30406	21874	28034	32645	29561	21901	21410	23	26	19
0:50:00	30.0	17	26017	30364	21871	28105	32466	29231	22114	21340	17	16	19
0:50:15	30.1	17	25907	30190	21836	27801	32437	29407	22102	21381	16	17	15
0:50:30	30.0	22	25891	30222	21925	27889	32360	29461	22067	21454	21	19	17
0:50:45	30.0	14	25800	30392	21956	28101	32523	29550	22084	21392	19	18	18
0:51:00	30.0	24	25940	30102	22133	27882	32347	29577	22038	21491	18	18	20
0:51:15	30.0	19	25890	30380	21959	27899	32517	29475	22210	21426	24	18	17
0:51:30	30.0	14	26036	29967	22067	28001	32470	29775	22372	21463	20	23	21
0:51:45	30.0	17	26029	30043	21958	28004	32541	29537	22122	21534	24	19	25
0:52:00	30.0	17	25904	30220	22125	28185	32548	29541	22292	21325	19	17	19
0:52:15	30.0	18	25840	30165	22274	28036	32382	29616	22308	21693	19	19	16
0:52:30	30.0	17	26057	30108	22014	27980	32397	29718	22246	21671	19	22	26
0:52:45	30.0	20	25981	30405	22061	27974	32372	29712	22262	21651	17	22	23
0:53:00	30.0	16	25901	30147	22181	28145	32781	29672	22482	21594	18	20	16
0:53:15	30.0	19	25975	30213	22259	27964	32347	29636	22345	21583	21	15	18
0:53:30	30.0	18	25849	30069	22204	27930	32507	30058	22460	21709	22	10	10
0:53:45	30.0	18	25824	30139	22128	28158	32570	29962	22550	21815	19	16	18
0:54:00	30.0	21	25784	30297	22291	27854	32400	29932	22510	21580	17	18	20
0:54:15	30.0	16	25815	30310	22173	28205	32458	29946	22549	21653	17	18	19
0:54:30	30.0	16	25850	30269	22230	28063	32507	29983	22562	21766	18	14	19
0:54:45	30.0	17	26068	30376	22497	28167	32503	30187	22522	21639	15	20	15
0:55:00	30.0	22	25930	30393	22369	28047	32382	30089	22648	21721	14	12	17
0:55:15	30.0	19	25692	30147	22545	28170	32468	30165	22663	21781	22	20	23
0:55:30	30.0	18	25983	30190	22477	28027	32317	30062	22749	21668	17	19	17
0:55:45	30.0	17	25809	29916	22331	27960	32435	30064	22816	21780	19	19	16
0:56:00	30.0	12	25792	30078	22453	28023	32363	30205	22716	21939	16	17	19
0:56:15	30.0	10	25647	30076	22471	28075	32393	30367	22769	21846	15	19	16
0:56:30	30.0	21	25599	30295	22433	27965	32600	30193	22839	22037	23	17	18
0:56:45	30.0	15	25711	30154	22567	28096	32299	30170	22876	21891	19	17	23
0:57:00	30.0	19	25897	30290	22522	27878	32561	30372	22883	21735	18	19	17
0:57:15	30.0	19	25860	30253	22582	28132	32420	30143	22877	21893	17	23	17
0:57:30	30.0	14	25514	30160	22705	27929	32308	30276	22951	21988	23	15	18
0:57:45	30.0	24	25732	30160	22672	28152	32583	30359	22960	21924	17	21	17
0:58:00	30.0	16	26062	30250	22672	28197	32559	30439	23084	22023	13	18	15
0:58:15	30.0	17	25820	30010	22784	27959	32469	30065	23072	22098	15	20	18
0:58:30	30.0	17	25793	30120	22605	28053	32612	30232	23015	22083	23	23	17
0:58:45	30.0	20	25762	30134	22480	28244	32452	30659	23117	22011	13	16	19
0:59:00	30.0	17	25911	30163	22550	28020	32296	30434	22913	22079	20	14	18
0:59:15	30.0	21	26008	30276	22742	28111	32226	30669	23205	22164	21	19	18
0:59:30	30.0	13	25909	30402	22717	28121	32277	30514	23206	22036	11	18	21
0:59:45	30.0	18	25826	30071	22858	28156	32372	30629	23161	22207	17	18	19
1:00:00	30.0	16	25725	30283	23027	28084	32237	30572	23256	22055	15	17	18
1:00:15	30.0	22	25872	30310	22809	28200	32583	30584	23262	22135	20	19	10
1:00:30	30.0	19	25757	30224	22718	28311	32559	30415	23351	22258	15	23	16
1:00:45	30.0	16	25856	30109	22710	28278	32361	30630	23319	22177	19	17	19
1:01:00	30.0	17	25852	30397	22997	28087	32623	30676	23437	22247	18	16	13
1:01:15	30.0	18	25561	30118	22781	28216	32445	30784	23432	22228	18	20	18
1:01:30	30.0	16	25973	30099	22907	28249	32346	30609	23499	22316	19	24	19
1:01:45	30.0	14	25849	30050	22898	28284	32567	30909	23337	22290	16	25	18
1:02:00	30.0	19	25848	30159	22945	28388	32454	30581	23545	22306	21	15	17
1:02:15	30.0	22	25754	30319	22842	28149	32391	30854	23498	22348	13	23	15
1:02:30	30.0	18	25883	30085	23032	28128	32397	31095	23647	22330	18	19	20
1:02:45	30.0	17	25694	30032	23138	28149	32430	30803	23524	22414	18	18	16
1:03:00	30.0	18	25947	30077	23045	28417	32401	30853	23516	22219	24	18	17
1:03:15	30.0	16	25764	30036	23228	28256	32386	31449	23742	22328	13	15	16
1:03:30	30.0	14	25832	30132	23090	28315	32460	31299	23555	22428	20	15	19
1:03:45	30.0	17	25603	30168	23191	28191	32416	31175	23621	22649	17	23	19
1:04:00	30.0	16	25827	29997	23305	28483	32468	31144	23700	22485	21	21	23
1:04:15	30.0	18	25739	30165	23323	28256	32301	31116	23912	22484	19	21	21
1:04:30	30.0	12	25660	30145	23094	28197	32444	30976	23671	22451	23	21	16
1:04:45	30.0	22	25912	30044	23076	28561	32525	31091	23859	22540	20	20	17
1:05:00	30.0	18	25908	30185	23332	28306	32708	31006	23758	22490	16	20	18
1:05:15	30.0	18	25799	30095	23261	28395	32335	30985	23662	22609	18	12	17
1:05:30	30.0	14	25721	30212	23183	28185	32561	30947	24051	22699	19	15	27
1:05:45	30.0	16	25621	30454	23267	28507	32274	31275	23829	22451	18	17	20
1:06:00	30.0	13	25839	30134	23392	28454	32494	31098	23875	22635	20	21	16
1:06:15	30.0	13	25819	30261	23306	28147	32393	31294	23890	22666	21	22	22
1:06:30	30.0	22	25737	30279	23424	28269	32228	31041	24072	22595	17	17	19
1:06:45	30.0	15	25931	30079	23483	28263	32326	31163	24210	22531	20	20	18
1:07:00	30.0	15	25754	30399	23513	28307	32641	31216	23906	22777	19	20	23
1:07:15	30.0	16	25721	29871	23543	28194	32319	31277	24157	22683	18	11	26
1:07:30	30.0	18	25772	30188	23600	28399	32535	31476	23972	22722	20	19	18
1:07:45	30.0	18	25663	30322	23357	28194	32148	31638	24214	22717	16	14	15
1:08:00	30.0	19	25793	30139	23651	28231	32375	31247	24117	22812	20	22	17
1:08:15	30.0	17	25592	30072	23671	28535	32503	31568	24410	22705	13	16	23
1:08:30	30.0	19	25662	30008	23497	28287	32266	31308	24362	22759	19	17	12
1:08:45	30.0	18	25840	30072	23633	28381	32240	31479	24479	22913	18	22	19
1:09:00	30.0	19	25840	30336	23800	28503	32299	31416	24295	22958	18	20	19
1:09:15	30.0	14	25901	30186	23617	28511	32283	31528	24391	22893	16	17	18
1:09:30	30.0	18	25772	29983	23661	28321	32330	31672	24260	22848	19	14	22
1:09:45	30.0	14	25918	29897	23736	28369	32454	31675	24417	22958	9	18	16
1:10:00	30.0	23	25986	29988	23598	28444	32145	31321	24406	23027	18	16	19
1:10:15	30.0	19	25700	29897	23902	28453	32342	31387	24369	22918	18	17	14
1:10:30	30.0	16	25667	30188	23560	28450	32321	31533	24305	23060	19	17	19
1:10:45	30.0	17	25773	30122	23624	28509	32517	31703	24311	22907	18	18	16
1:11:00	30.0	17	25948	30175	23877	28512	32447	31691	24563	22957	19	20	22
1:11:15	30.0	18	25849	30406	23653	28365	32317	31639	24494	23007	18	15	17
1:11:30	30.0	23	25731	30036	23756	28563	32186	31770	24516	22751	14	20	22
1:11:45	30.0	13	25751	30091	23881	28325	32551	31508	24627	22994	16	17	20
1:12:00	30.0	22	25696	30032	23622	28642	32265	31424	24763	22900	19	17	18
1:12:15	30.0	17	25930	30100	23863	28418	32506	31768	24604	23057	25	19	15
1:12:30	30.0	17	25896	30179	23847	28478	32493	31871	24764	23129	19	22	22
1:12:45	30.0	15	25753	29976	23968	28442	32530	31742	24861	23156	15	18	19
1:13:00	30.0	19	25855	30058	24013	28344	32395	31681	24843	23159	18	10	25
1:13:15	30.0	18	25864	30085	23876	28373	32333	31509	24833	23081	17	16	15
1:13:30	30.0	18	25688	30230	24001	28544	32281	31712	24652	23087	16	18	20
1:13:45	30.0	18	25632	30183	23869	28461	32704	31489	24902	23178	19	18	20
1:14:00	30.0	20	25670	30065	24104	28572	32246	31702	24839	23099	17	17	22
1:14:15	30.0	9	25639	29952	23940	28222	32466	31569	24791	23233	16	19	18
1:14:30	30.0	14	25852	30124	23974	28515	32546	31598	24904	23279	19	20	18
1:14:45	30.0	15	25726	30131	23968	28439	32512	31763	25119	23221	15	16	13
1:15:00	30.0	18	25722	30249	24061	28744	32612	31688	25141	23464	18	20	18
1:15:15	30.0	13	25821	30168	23956	28461	32278	31535	25051	23426	18	23	20
1:15:30	30.0	14	25767	30205	24124	28243	32279	31955	25037	23284	17	18	17
1:15:45	30.0	16	25727	30089	24176	28519	32375	31735	25009	23312	17	22	14
1:16:00	30.0	17	25830	30308	24212	28351	32570	31890	25195	23203	19	17	26
1:16:15	30.0	17	25829	30103	24369	28530	32503	31977	25065	23375	18	19	20
1:16:30	30.0	13	25781	29942	24104	28579	32550	31811	25279	23267	19	17	16
1:16:45	30.0	18	25708	30032	24185	28579	32333	31784	24998	23393	15	18	19
1:17:00	30.0	15	25720	29987	24206	28580	32450	31871	25261	23450	18	19	19
1:17:15	30.0	16	25441	29987	24325	28374	32501	31832	25277	23461	23	19	29
1:17:30	30.0	12	25903	30323	24291	28471	32432	31878	25346	23473	20	17	19
1:17:45	30.0	18	25650	30131	24148	28538	32468	31780	25139	23519	15	17	16
1:18:00	30.0	18	25802	30034	24244	28446	32286	32070	25554	23240	19	18	19
1:18:15	30.0	17	25712	30093	24231	28395	32266	31851	25382	23592	19	10	15
1:18:30	30.0	15	25647	30197	24164	28501	32281	31803	25421	23411	18	16	22
1:18:45	30.0	12	25791	30211	24273	28597	32169	31842	25360	23599	22	17	20
1:19:00	30.0	19	25650	30130	24413	28604	32475	31893	25307	23371	13	16	26
1:19:15	30.0	16	25635	29894	24392	28570	32213	32019	25466	23592	18	17	17
1:19:30	30.0	17	25648	30178	24413	28370	32536	31979	25407	23549	21	18	17
1:19:45	30.0	13	25870	30142	24640	28714	32472	32021	25572	23538	17	17	20
1:20:00	30.0	14	25750	30224	24342	28543	32328	32136	25394	23434	18	18	15
1:20:15	30.0	16	25674	30136	24619	28669	31957	32042	25532	23644	20	20	18
1:20:30	30.0	18	25715	29960	24552	28414	32280	31909	25524	23650	12	18	18
1:20:45	30.0	14	25790	30066	24488	28461	32390	31735	25620	23598	16	16	23
1:21:00	30.0	17	25889	30347	24542	28624	32481	32088	25459	23619	15	13	21
1:21:15	30.0	14	25842	29973	24638	28689	32178	32018	25641	23684	18	20	18
1:21:30	30.0	16	25721	30047	24579	28575	32507	32043	25597	23589	16	19	19
1:21:45	30.0	18	25707	30037	24705	28701	32320	32037	25860	23668	18	17	13
1:22:00	30.0	16	25914	29943	24514	28801	32251	31870	25703	23524	18	19	20
1:22:15	30.0	19	25658	30131	24653	28586	32236	31868	25743	23775	22	18	18
1:22:30	30.0	17	25725	30019	24707	28712	32216	31987	25796	23740	18	17	15
1:22:45	30.0	17	25784	30207	24621	28925	32537	31850	25814	23743	19	15	21
1:23:00	30.0	18	25929	30215	24580	28843	32554	31999	26013	23901	18	17	15
1:23:15	30.0	18	25831	30074	24738	28817	32241	31988	25754	23880	18	13	19
1:23:30	30.0	16	25623	30079	24640	28715	32288	31951	26007	23720	18	16	20
1:23:45	30.0	17	25784	29941	24791	28632	32413	31929	25850	23639	19	25	19
1:24:00	30.0	17	25738	29994	24701	28809	32101	31795	26009	23962	18	11	16
1:24:15	30.0	19	25853	30197	24744	28804	32624	32092	25928	23791	22	21	17
1:24:30	30.0	13	25605	29985	24687	28566	32260	32182	25865	23853	19	14	17
1:24:45	30.0	13	25699	29764	24773	28805	32237	31956	26007	23929	16	15	19
1:25:00	30.0	18	25733	30060	25003	28660	32095	32126	25998	23928	17	23	18
1:25:15	30.0	18	25618	30265	24776	28707	32484	32056	25917	23949	20	21	18
1:25:30	30.0	19	25799	30147	24939	28697	32281	31853	26163	23829	20	19	24
1:25:45	30.0	15	25913	30035	25034	28852	32627	32107	26136	23800	21	17	23
1:26:00	30.0	20	25667	30321	24835	28573	32511	32087	26146	23819	19	16	12
1:26:15	30.0	15	25686	29865	24872	28743	32380	32133	26030	23992	14	16	23
1:26:30	30.0	15	25589	30137	25011	28422	32499	31963	25994	23884	19	23	16
1:26:45	30.0	21	25685	29990	24933	28715	32127	31955	26158	23848	23	18	20
1:27:00	30.0	16	25711	30057	25055	28518	32208	31866	26171	23971	15	25	19
1:27:15	30.0	16	25718	30082	24863	28859	32280	32161	26034	23964	19	11	17
1:27:30	30.0	17	25845	29979	25019	28647	32143	32021	26061	23937	18	23	18
1:27:45	30.0	20	25608	30090	24809	28772	32290	32116	26263	24158	19	22	20
1:28:00	30.0	16	25650	30175	24807	29020	32441	31844	26282	24181	17	20	13
1:28:15	30.0	16	25541	30108	24904	28860	32369	32091	26195	24062	19	22	16
1:28:30	30.0	14	25641	30156	24959	28756	32459	32190	26313	24044	19	18	17
1:28:45	30.0	25	25632	29871	25141	28812	32195	32019	26435	23933	24	16	15
1:29:00	30.0	16	25762	30005	25032	28863	32396	31762	26328	24225	19	17	14
1:29:15	30.0	18	25682	29857	25128	28807	32293	31972	26311	24147	18	17	20
1:29:30	30.0	18	25681	30173	24973	28755	32293	31749	26432	24162	16	22	18
1:29:45	30.0	20	25728	30180	25152	28602	32407	31934	26306	24196	17	23	15
1:30:00	30.0	18	25776	30125	25087	28637	32214	31882	26471	23999	22	18	19
1:30:15	30.0	18	25685	29897	25163	28832	32268	32026	26461	24273	23	15	17
1:30:30	30.0	13	25559	30026	24936	28669	32341	31881	26593	24129	17	18	17
1:30:45	30.0	19	25832	30118	24960	28734	32288	32024	26491	24266	18	18	19
1:31:00	30.0	17	25648	29767	25234	28688	32173	31912	26633	24213	19	17	18
1:31:15	30.0	16	25680	30213	25227	28750	32145	32049	26629	24079	19	17	14
1:31:30	30.0	19	25856	30091	25265	28730	32118	31938	26499	24189	18	20	19
1:31:45	30.0	17	25772	29867	25264	28595	32102	31935	26728	24213	18	15	14
1:32:00	30.0	15	25720	29946	25159	28754	32094	31958	26570	24366	17	17	18
1:32:15	30.0	18	25674	30088	25378	28800	32332	32120	26759	24335	20	15	16
1:32:30	30.0	15	25592	30096	25241	28683	32192	31781	26693	24390	22	24	19
1:32:45	30.0	19	25586	30060	25330	28756	32335	31915	26584	24315	17	24	19
1:33:00	30.0	19	25693	29916	25255	28748	32169	31940	26551	24402	19	18	24
1:33:15	30.0	17	25784	30179	25332	28836	32360	32015	26631	24386	25	19	17
1:33:30	30.0	16	25586	30066	25306	28780	32363	31947	26527	24250	19	18	18
1:33:45	30.0	16	25514	30140	25389	29000	32219	31975	26739	24452	18	22	16
1:34:00	30.0	17	25789	29957	25434	28954	32310	32107	26981	24387	22	22	16
1:34:15	30.0	15	25471	29936	25313	28710	32338	31947	26842	24556	22	19	20
1:34:30	30.0	14	25524	30117	25492	28812	32285	31819	26887	24539	15	15	17
1:34:45	30.0	16	25563	30053	25529	28958	32274	32085	26816	24572	19	12	23
1:35:00	30.0	17	25416	29862	25444	28780	32357	31857	26725	24347	18	15	16
1:35:15	30.0	16	25739	30075	25320	28895	32153	31820	26837	24452	23	18	18
1:35:30	30.0	16	25756	29805	25427	28779	32217	31701	26817	24406	22	18	17
1:35:45	30.0	17	25715	29952	25405	29148	32207	31934	26968	24474	17	17	17
1:36:00	30.0	21	25768	30019	25372	28855	32281	32140	26736	24563	17	14	18
1:36:15	30.0	14	25722	29987	25547	28810	31897	31967	26778	24600	22	24	21
1:36:30	30.0	18	25647	29896	25502	28959	32326	31947	27014	24464	16	18	17
1:36:45	30.0	20	25658	30156	25236	28885	32340	31852	26928	24670	22	24	14
1:37:00	30.0	18	25717	30022	25581	28999	32236	31979	27142	24687	17	23	22
1:37:15	30.0	15	25644	29992	25508	28878	32342	31939	27123	24227	21	19	13
1:37:30	30.0	23	25641	29982	25594	28963	32220	31715	27053	24425	19	20	21
1:37:45	30.0	19	25679	29977	25680	28913	32253	31963	27106	24706	16	20	16
1:38:00	30.0	21	25502	29987	25513	28998	32135	32007	27205	24443	20	17	19
1:38:15	30.0	17	25606	29845	25456	29109	32158	31884	27114	24613	17	20	18
1:38:30	30.0	16	25801	29981	25587	29022	32113	32066	27132	24877	18	20	18
1:38:45	30.0	20	25655	29888	25493	28838	32303	31904	27122	24675	19	17	14
1:39:00	30.0	17	25693	29926	25552	28778	32092	31961	27090	24667	14	16	17
1:39:15	30.0	18	25578	29997	25646	28731	32112	32131	27079	24739	18	24	19
1:39:30	30.0	17	25568	29997	25582	28794	32077	32130	27180	24592	23	23	20
1:39:45	30.0	16	25678	29955	25644	28802	32256	31988	27320	24525	23	18	21
1:40:00	30.0	15	25547	29882	25630	29145	31994	31775	27073	24837	23	13	17
1:40:15	30.0	16	25593	30088	25578	28797	32191	31885	27258	24839	19	16	24
1:40:30	30.0	17	25554	29930	25570	28951	32275	31860	27308	24674	20	17	17
1:40:45	30.0	16	25827	30062	25456	28933	32276	31982	27454	24806	18	19	24
1:41:00	30.0	16	25596	29952	25714	28759	32119	31866	27100	24673	21	18	23
1:41:15	30.0	18	25724	29994	25603	28960	32421	31806	27399	24849	21	19	22
1:41:30	30.0	18	25548	29850	25732	28846	32371	31908	27413	24870	16	22	18
1:41:45	30.0	18	25573	29922	25648	28745	31907	31836	27469	24885	15	18	16
1:42:00	30.0	16	25590	29958	25746	29127	32394	32107	27322	24803	23	17	17
1:42:15	30.0	18	25535	30090	25533	28878	32342	32017	27546	24766	17	15	21
1:42:30	30.0	16	25508	30056	25551	28793	32249	31978	27510	24828	19	17	15
1:42:45	30.0	13	25677	29857	25840	29175	31937	31906	27400	24924	23	18	18
1:43:00	30.0	18	25708	29946	25619	28869	32351	32199	27596	24661	12	22	21
1:43:15	30.0	15	25706	30051	25776	28949	32211	31625	27358	24858	16	17	16
1:43:30	30.0	22	25687	29898	26086	28779	32068	31780	27513	25027	19	23	20
1:43:45	30.0	17	25674	29973	25708	29405	31975	32002	27401	24877	17	23	13
1:44:00	30.0	13	25628	30020	25789	28928	32113	32061	27444	24880	21	20	19
1:44:15	30.0	22	25631	29916	25802	29128	32084	31872	27635	24696	22	20	19
1:44:30	30.0	18	25515	29718	25666	29038	32093	32083	27537	24811	20	14	26
1:44:45	30.0	16	25575	30184	25686	28957	32141	31851	27509	25024	18	19	18
1:45:00	30.0	17	25481	29764	25856	29094	31961	32169	27519	24911	19	21	18
1:45:15	30.0	16	25423	29891	25760	29038	32253	32028	27719	25109	19	13	24
1:45:30	30.0	18	25623	29753	25755	28950	32088	31832	27815	25007	18	19	19
1:45:45	30.0	17	25544	29993	25801	29065	32307	31895	27461	25019	21	14	21
1:46:00	30.0	25	25633	29519	25770	28966	31973	31759	27873	24850	18	20	21
1:46:15	30.0	14	25677	30256	25742	29143	32372	31750	27742	25136	14	18	14
1:46:30	30.0	18	25607	29915	25984	29028	32180	32056	27537	25105	20	18	18
1:46:45	30.0	15	25441	29872	25738	29128	32077	31889	27807	24944	22	11	19
1:47:00	30.0	19	25628	29963	25817	28958	32029	32053	27922	25042	18	19	18
1:47:15	30.0	18	25751	29867	25601	28939	32136	32025	27583	25068	17	20	17
1:47:30	30.0	15	25496	29884	25789	29098	32280	31722	27888	25125	15	14	21
1:47:45	30.0	17	25640	29821	25860	28917	32203	31795	27903	25125	16	19	16
1:48:00	30.0	17	25472	29774	25806	29067	32235	31806	27906	25257	23	14	17
1:48:15	30.0	19	25599	30046	25954	29095	32224	31969	27940	25147	17	17	21
1:48:30	30.0	17	25576	29854	25825	29209	32209	31823	27919	25104	24	18	14
1:48:45	30.0	17	25390	29695	25893	29095	32032	31869	28201	25209	17	19	19
1:49:00	30.0	16	25468	30027	25911	28914	32245	32067	27880	25190	20	16	16
1:49:15	30.0	18	25564	29896	25980	29056	32348	31939	27830	25166	16	19	17
1:49:30	30.0	15	25667	30077	25836	29178	32192	31956	28050	25128	18	13	13
1:49:45	30.0	19	25473	30122	25794	29122	32266	31973	27963	25288	13	14	20
1:50:00	30.0	18	25773	29890	25795	29115	32309	32010	28052	25328	20	18	14
1:50:15	30.0	20	25651	29870	25855	29161	32071	31764	28025	25229	21	17	15
1:50:30	30.0	16	25429	29960	25984	29024	32096	32083	28018	25196	19	18	17
1:50:45	30.0	17	25526	29645	25797	28970	32047	31946	28156	25299	16	18	25
1:51:00	30.0	16	25571	30000	25987	29109	31975	31750	28220	25204	18	22	17
1:51:15	30.0	23	25520	29790	25626	29097	32070	31851	28048	25402	24	16	22
1:51:30	30.0	16	25396	29946	25781	29137	32038	31790	27997	25152	17	18	27
1:51:45	30.0	19	25579	30094	25801	29177	32054	31827	28172	25327	15	19	18
1:52:00	30.0	15	25406	30058	26041	29086	31968	31747	28310	25119	17	13	21
1:52:15	30.0	19	25715	30107	26006	28892	32034	31833	28288	25293	18	19	14
1:52:30	30.0	16	25515	30002	25784	29111	32392	31792	27940	25330	15	17	19
1:52:45	30.0	15	25363	30005	25842	29140	32074	31614	28184	25396	18	18	13
1:53:00	30.0	15	25459	29866	25872	29257	31935	31867	28193	25212	20	18	23
1:53:15	30.0	15	25624	29659	25888	29153	32043	32007	28263	25245	18	17	20
1:53:30	30.0	15	25432	29931	25936	29112	32124	31968	28252	25405	13	19	19
1:53:45	30.0	19	25660	29816	26050	29312	32100	31807	28300	25485	22	16	17
1:54:00	30.0	17	25642	29867	25988	29188	31957	31839	28299	25325	15	18	21
1:54:15	30.0	15	25764	29669	25705	29433	31980	31674	28254	25565	17	17	13
1:54:30	30.0	18	25673	29928	25858	29245	32042	31838	28533	25494	23	17	21
1:54:45	30.0	18	25481	29792	25846	29123	32236	31968	28399	25437	19	17	22
1:55:00	30.0	15	25710	29850	25936	29162	31976	31867	28530	25455	17	19	17
1:55:15	30.0	19	25624	30057	25998	29265	32062	31788	28385	25422	17	18	17
1:55:30	30.0	19	25618	30038	25951	29059	32069	31872	28561	25633	18	16	21
1:55:45	30.0	13	25525	29805	25896	29178	32260	31790	28266	25651	17	18	18
1:56:00	30.0	21	25493	29820	25813	29295	31963	31852	28656	25555	25	18	16
1:56:15	30.0	13	25638	30083	25976	29066	32015	31867	28454	25477	17	19	17
1:56:30	30.0	19	25876	29970	25799	28999	32186	31907	28433	25601	16	26	21
1:56:45	30.0	15	25502	29831	25860	29032	32195	31715	28437	25437	17	15	17
1:57:00	30.0	17	25497	29983	25821	29244	32145	31954	28427	25610	18	19	21
1:57:15	30.0	20	25611	29973	25774	29111	31860	31958	28539	25708	20	18	15
1:57:30	30.0	26	25572	29716	26030	28996	31983	31596	28321	25583	19	18	17
1:57:45	30.0	14	25507	29865	25856	29216	32216	31945	28547	25594	18	21	13
1:58:00	30.0	19	25484	29801	25949	29258	32115	31721	28620	25563	11	18	12
1:58:15	30.0	17	25543	29874	25846	29357	32081	31746	28708	25759	19	18	14
1:58:30	30.0	15	25538	29987	25802	29113	31870	31780	28570	25500	24	26	20
1:58:45	30.0	15	25646	29804	25994	28984	32050	31822	28725	25541	15	15	15
1:59:00	30.0	18	25752	29951	26049	29167	32112	31667	28631	25737	18	18	16
1:59:15	30.0	17	25689	29860	25996	29091	32086	31888	28734	25643	18	17	20
1:59:30	30.0	17	25403	29825	25826	29180	31955	31915	28605	25748	19	19	19
1:59:45	30.0	17	25640	29921	25899	29378	31987	31785	28657	25522	17	16	19
2:00:00	30.0	9	25655	30065	25813	29129	31749	32056	28641	25535	15	17	20
2:00:15	30.0	12	25454	29839	25929	29247	32135	31837	28538	25605	17	18	17
2:00:30	30.0	20	25640	29900	25847	29037	31903	31893	28569	25822	18	21	19
2:00:45	30.0	23	25625	30050	25901	29325	32051	31803	28568	25628	16	17	20
2:01:00	30.0	17	25489	29776	25837	29234	32152	32059	28808	25645	28	16	17
2:01:15	30.0	18	25476	29930	25964	29296	32179	31806	28808	25830	19	16	17
2:01:30	30.0	15	25642	30011	26117	29315	31959	32182	28546	25813	19	17	17
2:01:45	30.0	19	25630	29927	25982	29249	32011	31603	28971	25703	19	17	29
2:02:00	30.0	19	25703	29844	25931	29297	32034	31941	28656	25841	13	18	17
2:02:15	30.0	25	25607	29877	26002	29301	32274	31926	28727	25647	17	20	18
2:02:30	30.0	19	25471	29801	25871	29273	31979	31846	28728	25825	19	16	19
2:02:45	30.0	16	25682	29929	25970	29374	32135	31832	28524	25894	18	18	15
2:03:00	30.0	22	25445	30007	25952	29215	32228	31873	28650	25675	20	17	16
2:03:15	30.0	21	25361	29844	26073	29281	32088	31829	28874	26015	13	13	18
2:03:30	30.0	18	25489	29892	25758	29379	31961	31969	28748	25765	16	18	17
2:03:45	30.0	15	25442	29783	25876	29276	32068	31683	28882	25861	16	20	19
2:04:00	30.0	19	25462	29862	26121	29249	31831	31851	28871	25968	18	13	22
2:04:15	30.0	18	25224	29831	25921	29472	32104	32005	28717	26015	16	19	22
2:04:30	30.0	16	25691	29766	25723	29367	32243	31639	28686	26009	19	20	19
2:04:45	30.0	17	25456	30128	25812	29289	32249	31714	28783	25738	16	21	15
2:05:00	30.0	9	25558	29777	26003	29482	32077	31800	28688	25777	17	12	22
2:05:15	30.0	20	25437	29728	25843	29459	31909	31986	28853	25926	19	21	17
2:05:30	30.0	18	25367	29745	25779	29284	32188	31804	28876	25927	15	22	18
2:05:45	30.0	17	25554	29859	26056	29239	32134	31868	28909	25839	14	17	18
2:06:00	30.0	18	25417	29751	25927	29234	31808	31611	28741	25853	17	19	11
2:06:15	30.0	16	25515	29844	26154	29540	32022	31873	28859	26057	17	19	15
2:06:30	30.0	17	25496	29731	26091	29388	32000	31897	28970	26021	18	19	20
2:06:45	30.0	22	25461	29916	25937	29546	32193	31548	29068	25910	18	17	14
2:07:00	30.0	16	25514	29672	26009	29501	32068	31775	29131	25999	15	21	14
2:07:15	30.0	16	25598	29848	25711	29343	32224	31817	28950	26080	17	16	18
2:07:30	30.0	19	25564	30079	25823	29384	32045	32073	29042	25994	19	18	18
2:07:45	30.0	16	25560	29923	26049	29314	31747	31938	28880	26034	18	14	17
2:08:00	30.0	15	25545	29750	25908	29421	31961	31958	29011	26119	18	16	16
2:08:15	30.0	18	25386	29767	26015	29471	31957	31914	29169	26017	17	14	20
2:08:30	30.0	21	25665	29871	25985	29490	32071	31804	29124	25895	18	16	20
2:08:45	30.0	13	25506	29976	25904	29274	32027	31884	29320	26060	20	18	17
2:09:00	30.0	25	25473	29796	25936	29413	32045	31658	29186	26028	13	21	19
2:09:15	30.0	18	25628	29897	25882	29369	32266	31644	29019	26023	21	22	17
2:09:30	30.0	17	25467	29702	25846	29417	32031	31879	29178	26268	22	18	17
2:09:45	30.0	20	25449	29974	26074	29467	32131	31853	29384	26079	19	18	22
2:10:00	30.0	20	25627	29774	25734	29524	32147	31899	28987	26043	18	17	19
2:10:15	30.0	23	25387	29942	26013	29260	31977	31804	29284	25916	17	16	18
2:10:30	30.0	15	25345	29765	25808	29362	32150	31681	29132	26275	20	18	17
2:10:45	30.0	13	25620	29756	25956	29451	31988	31644	29511	26228	21	14	18
2:11:00	30.0	19	25549	29665	25939	29557	31975	31699	29357	26089	17	12	18
2:11:15	30.0	18	25543	29730	25952	29306	31862	31824	29204	26210	17	18	16
2:11:30	30.0	17	25539	29904	25954	29475	32071	31990	29054	26217	21	20	23
2:11:45	30.0	17	25526	29964	25742	29331	31905	31701	29462	26195	22	18	17
2:12:00	30.0	14	25302	29793	25774	29570	31953	31743	29229	26050	18	18	16
2:12:15	30.0	18	25462	29756	26020	29513	32074	31723	29427	25936	20	15	17
2:12:30	30.0	18	25552	29844	25834	29448	32061	31857	29429	26063	19	18	14
2:12:45	30.0	17	25571	29616	25751	29204	31988	31748	29278	26398	20	19	16
2:13:00	30.0	17	25252	29711	25799	29744	32049	31944	29338	26233	15	19	20
2:13:15	30.0	16	25438	29595	25976	29342	32170	31784	29228	26311	18	18	18
2:13:30	30.0	23	25634	29678	25937	29385	32114	31761	29533	26073	16	19	23
2:13:45	30.0	12	25421	29678	25836	29151	32055	31646	29357	26204	21	25	22
2:14:00	30.0	18	25636	29802	25726	29259	31916	31839	29591	26056	18	16	14
2:14:15	30.0	11	25697	29606	25901	29508	32223	31715	29204	26052	20	21	19
2:14:30	30.0	20	25732	29778	26010	29441	32019	31747	29230	26433	12	17	16
2:14:45	30.0	17	25682	29709	25756	29618	31788	31811	29230	26175	22	19	17
2:15:00	30.0	12	25414	29644	25853	29431	31953	31717	29524	26360	19	18	17
2:15:15	30.0	19	25577	29723	25958	29437	31779	31759	29405	26240	19	19	11
2:15:30	30.0	18	25531	29800	25914	29410	31849	31793	29483	26325	19	23	14
2:15:45	30.0	20	25638	29690	25829	29460	32143	31512	29189	26432	14	23	13
2:16:00	30.0	19	25499	29891	26006	29565	31918	31895	29551	26443	22	20	21
2:16:15	30.0	15	25433	29695	25881	29288	31915	32042	29225	26463	18	17	23
2:16:30	30.0	15	25534	29946	26019	29515	32067	31651	29430	26328	19	18	23
2:16:45	30.0	17	25385	29853	25985	29425	32028	31847	29545	26286	19	19	18
2:17:00	30.0	18	25365	30029	25999	29351	32050	31704	29600	26477	23	14	18
2:17:15	30.0	16	25434	29750	25786	29272	32107	31647	29451	26323	23	16	18
2:17:30	30.0	18	25402	30048	25760	29485	32007	31769	29637	26313	18	27	13
2:17:45	30.0	18	25360	29813	25709	29412	31924	31606	29565	26323	18	18	17
2:18:00	30.0	18	25447	29835	25987	29468	31864	31912	29163	26283	20	17	20
2:18:15	30.0	8	25711	29651	26011	29515	32393	31761	29528	26381	19	23	24
2:18:30	30.0	22	25570	30012	26048	29427	32027	31560	29542	26312	19	13	18
2:18:45	30.0	23	25492	29800	25904	29408	32066	31550	29711	26557	18	17	16
2:19:00	30.0	20	25277	29892	25922	29379	31967	31770	29705	26261	19	21	19
2:19:15	30.0	18	25449	30019	25753	29533	32079	31701	29445	26568	17	16	15
2:19:30	30.0	23	25366	29834	25921	29475	32143	31948	29374	26470	16	18	19
2:19:45	30.0	21	25420	29766	26091	29521	31697	31839	29667	26465	17	16	16
2:20:00	30.0	13	25448	29544	25713	29334	31977	31885	29554	26514	15	14	17
2:20:15	30.0	17	25461	29852	25804	29615	32106	31998	29564	26562	18	23	19
2:20:30	30.0	15	25579	29884	25946	29500	32031	31926	29582	26603	19	14	15
2:20:45	30.0	17	25504	29881	25896	29229	32071	31686	29322	26645	20	18	17
2:21:00	30.0	16	25366	29844	25997	29755	31951	31882	29457	26460	14	12	17
2:21:15	30.0	15	25501	29592	25927	29491	32075	31953	29733	26609	18	17	16
2:21:30	30.0	22	25460	29591	25943	29590	32079	31492	29849	26539	17	19	19
2:21:45	30.0	14	25507	29736	25805	29555	32171	31582	29711	26583	15	16	21
2:22:00	30.0	9	25609	29846	25963	29638	31901	31827	29722	26537	20	16	17
2:22:15	30.0	18	25542	29862	25976	29393	31922	31636	29760	26530	18	18	17
2:22:30	30.0	15	25521	29855	25786	29520	32047	31884	29706	26576	22	15	15
2:22:45	30.0	17	25487	29774	26088	29611	32161	31665	29530	26607	16	17	16
2:23:00	30.0	17	25454	29871	26036	29460	32067	31781	29811	26822	22	18	22
2:23:15	30.0	18	25516	29868	25982	29628	32131	31744	29754	26580	19	20	18
2:23:30	30.0	11	25556	29836	25921	29507	32110	31688	29742	26405	23	17	22
2:23:45	30.0	17	25449	29825	25850	29801	31958	31923	29943	26591	19	19	16
2:24:00	30.0	14	25386	29920	26049	29522	32015	31813	29679	26570	15	17	15
2:24:15	30.0	18	25531	29966	25783	29484	32233	31766	29957	26531	23	19	23
2:24:30	30.0	16	25346	29735	25779	29656	32026	31735	29782	26840	14	18	17
2:24:45	30.0	20	25441	29583	25959	29616	32081	31739	30015	26776	18	20	19
2:25:00	30.0	12	25431	29678	25866	29507	31878	31578	29910	26632	22	20	21
2:25:15	30.0	16	25489	29694	25767	29635	31852	31851	29639	26713	20	19	23
2:25:30	30.0	16	25439	29841	26119	29485	32087	31678	29767	26829	15	18	22
2:25:45	30.0	16	25581	29884	25672	29563	31932	31812	29850	26658	20	21	14
2:26:00	30.0	18	25489	29706	25930	29737	31949	31463	29686	26603	19	21	17
2:26:15	30.0	15	25451	29806	25857	29580	31945	31575	29537	26772	16	24	18
2:26:30	30.0	16	25280	29788	25959	29493	32017	31652	29897	26619	18	23	27
2:26:45	30.0	18	25262	29800	25747	29471	31691	31740	29812	26668	19	25	26
2:27:00	30.0	22	25592	29531	25991	29658	32155	31875	29616	26653	20	22	15
2:27:15	30.0	12	25596	29934	25913	29431	31893	31637	29896	26790	19	18	15
2:27:30	30.0	24	25320	29641	25967	29744	31913	31586	29781	26747	18	18	17
2:27:45	30.0	18	25379	29805	26044	29495	32217	31729	29913	26636	14	19	16
2:28:00	30.0	16	25274	29978	25706	29601	31969	31795	29883	26710	18	18	20
2:28:15	30.0	17	25412	29681	26137	29616	31753	31489	29867	26657	18	18	17
2:28:30	30.0	22	25572	29778	25954	29668	32081	31640	29795	26693	15	16	16
2:28:45	30.0	16	25446	29733	26006	29540	32026	31568	29887	26822	29	20	19
2:29:00	30.0	16	25301	29734	25782	29676	31995	31717	29879	26790	21	17	13
2:29:15	30.0	17	25580	29762	25908	29680	31777	31659	29850	26823	20	18	17
2:29:30	30.0	15	25679	29646	25950	29759	31902	31656	29939	26640	19	21	16
2:29:45	30.0	17	25488	29818	25948	29723	32111	31597	29789	26820	15	18	19
2:30:00	30.0	21	25809	29932	26119	29618	31969	31704	30069	26815	24	19	18
2:30:15	30.0	17	25545	29593	25960	29658	32078	31885	29897	26788	23	18	18
2:30:30	30.0	17	25365	29636	25811	29676	31741	31487	30162	26805	18	16	18
2:30:45	30.0	13	25609	29688	25876	29414	31863	31733	29990	26919	20	22	26
2:31:00	30.0	19	25594	29726	25799	29556	31973	31578	29974	26759	19	16	18
2:31:15	30.1	23	25656	29805	25834	29604	31886	31771	30112	26970	17	17	12
2:31:30	30.0	18	25457	29789	25962	29514	32113	31662	29958	26738	11	16	17
2:31:45	30.0	15	25278	29686	25796	29636	32058	31544	30063	26726	19	17	19
2:32:00	30.0	17	25587	29746	25990	29583	32022	31705	30171	27074	18	14	20
2:32:15	30.0	17	25449	29807	25873	29686	31902	31758	30031	26888	17	18	17
2:32:30	30.0	12	25434	29833	25741	29641	31785	31817	30022	26863	18	17	17
2:32:45	30.0	14	25646	29749	25906	29538	31997	31874	29926	26730	17	15	23
2:33:00	30.0	14	25510	29620	25975	29472	31901	31739	30163	26805	19	16	14
2:33:15	30.0	15	25570	29601	25864	29727	31877	31562	30092	26950	22	15	16
2:33:30	30.0	17	25590	29739	25978	29831	32030	31667	30022	26841	18	18	18
2:33:45	30.0	16	25600	29940	25768	29819	31950	31762	30041	26733	14	18	19
2:34:00	30.0	26	25362	29901	25792	29831	31929	31568	30068	26844	18	16	18
2:34:15	30.0	18	25519	29804	25811	29856	31888	31916	30146	26802	17	17	18
2:34:30	30.0	16	25372	29713	25881	29526	32125	31799	30192	26867	19	15	18
2:34:45	30.0	14	25539	29658	25976	29994	32062	32029	30215	27031	19	22	14
2:35:00	30.0	16	25344	29851	25716	29888	31958	31802	29973	26731	21	15	14
2:35:15	30.0	15	25479	29800	25914	29888	31969	31642	29944	26960	18	18	17
2:35:30	30.0	14	25564	29741	26033	29539	31844	31829	30109	27037	22	19	16
2:35:45	30.0	14	25303	29794	25783	29588	32113	31664	30185	27095	18	22	15
2:36:00	30.0	19	25461	29941	26043	29863	31928	31553	30122	27139	17	20	22
2:36:15	30.0	10	25309	29630	26047	29889	31944	31759	30238	27218	18	25	17
2:36:30	30.0	18	25427	29511	25798	29623	31972	31655	29961	26926	17	17	22
2:36:45	30.0	22	25484	29712	25896	29793	31848	31674	30149	26979	18	16	18
2:37:00	30.0	15	25285	29694	25743	29733	32136	31770	30175	26932	14	17	22
2:37:15	30.0	18	25578	29813	25996	29773	31852	31851	30234	27034	17	23	17
2:37:30	30.0	16	25463	29523	25863	29727	31977	31863	30216	27163	21	18	15
2:37:45	30.0	16	25602	29672	25831	29584	31864	31782	30227	26924	23	16	20
2:38:00	30.0	18	25422	29927	26033	29665	31950	31650	30236	27140	19	16	11
2:38:15	30.0	17	25371	29543	25882	29695	31977	31626	30089	27202	19	17	21
2:38:30	30.0	17	25454	29742	25655	29713	31947	31784	30190	27044	13	18	15
2:38:45	30.0	13	25573	29917	25815	29795	32088	31575	30372	27197	28	16	16
2:39:00	30.0	13	25464	29923	25812	29847	31926	31613	30295	27171	19	18	15
2:39:15	30.0	15	25494	29577	25735	29671	31963	31674	30158	27137	19	18	14
2:39:30	30.0	17	25492	29699	25839	29743	32048	31690	30022	27007	10	21	18
2:39:45	30.0	19	25327	29919	25808	29763	31932	31696	30071	27080	10	19	18
2:40:00	30.0	19	25488	29676	25910	29904	31996	31710	30314	27102	19	17	15
2:40:15	30.0	16	25344	29673	25932	29713	31875	31595	30279	27196	24	18	18
2:40:30	30.0	22	25512	29865	25797	29664	32015	31852	30439	27092	17	18	18
2:40:45	30.0	16	25310	29609	25866	29787	32074	31822	30036	27215	14	18	11
2:41:00	30.0	18	25328	29742	25785	29695	32041	31663	30095	27243	18	15	19
2:41:15	30.0	18	25198	29885	25969	29617	31995	31956	30368	27065	18	15	19
2:41:30	30.0	14	25460	29943	26109	29612	31820	31580	30303	27208	19	19	17
2:41:45	30.0	18	25528	29727	25762	29842	31930	31590	30251	26871	17	19	21
2:42:00	30.0	13	25281	29769	25892	29829	31766	31667	30236	26956	18	18	18
2:42:15	30.0	14	25466	29649	25826	29766	31861	31624	30233	27200	12	16	18
2:42:30	30.0	21	25220	29779	25888	29753	32051	31609	30082	27065	23	14	19
2:42:45	30.0	16	25491	29636	25749	29618	31896	31959	30180	27257	22	19	19
2:43:00	30.0	17	25347	29610	25794	29814	31844	31560	30205	27042	14	16	17
2:43:15	30.0	17	25344	29555	25616	30023	31730	31614	30137	27094	14	15	16
2:43:30	30.0	15	25330	29832	25799	29812	32013	31631	30112	27409	22	16	18
2:43:45	30.0	14	25502	29649	25876	29644	31729	31532	30102	27363	19	21	18
2:44:00	30.0	17	25391	30045	25736	29847	31816	31578	30271	27398	17	17	18
2:44:15	30.0	22	25384	29794	25858	29973	31869	31709	30302	27219	20	16	19
2:44:30	30.0	13	25630	29673	25821	29806	32042	31660	30016	27205	16	12	19
2:44:45	30.0	18	25307	29598	25927	29855	31905	31631	30074	27297	17	23	18
2:45:00	30.0	22	25475	29777	25776	29702	31831	31513	30248	27239	16	17	16
2:45:15	30.0	18	25317	29575	25901	30003	31996	31792	30353	27266	19	9	17
2:45:30	30.0	17	25243	29750	25747	29822	31977	31591	30334	27200	16	21	16
2:45:45	30.0	16	25361	29606	25846	29971	31968	31798	30216	27166	17	16	17
2:46:00	30.0	21	25417	29744	25891	29732	31938	31628	30233	27301	19	16	17
2:46:15	30.0	16	25329	29518	25880	29711	31884	31729	30338	27092	18	18	22
2:46:30	30.0	11	25316	29668	25795	29714	31968	31645	30228	27509	20	16	19
2:46:45	30.0	15	25499	29687	25803	29772	32061	31625	30269	27260	19	16	19
2:47:00	30.0	17	25214	29486	26102	29758	31865	31782	30525	27107	20	22	19
2:47:15	30.0	19	25408	29774	25835	29852	32088	31633	30313	27267	11	11	17
2:47:30	30.0	16	25544	29854	25941	29878	31773	31592	30165	27324	21	17	20
2:47:45	30.0	14	25472	29829	25800	29810	31927	31443	30315	27312	13	11	21
2:48:00	30.0	13	25415	29835	25704	29971	31913	31506	30169	27161	15	18	18
2:48:15	30.0	19	25252	29773	25744	29866	32031	31918	30339	27368	16	14	14
2:48:30	30.0	18	25528	29695	25833	29843	32051	31692	30119	27199	23	16	18
2:48:45	30.0	23	25366	29544	25803	29915	31805	31965	30251	27503	18	19	18
2:49:00	30.0	14	25558	29747	25685	29851	31884	31719	30225	27297	11	16	20
2:49:15	30.0	18	25320	29689	25952	29803	31986	31841	30324	27538	20	17	13
2:49:30	30.0	20	25516	29790	25898	29830	31884	31644	30259	27179	18	16	18
2:49:45	30.1	14	25393	29634	25898	29913	31993	31831	30259	27338	19	18	22
2:50:00	30.0	22	25306	29592	25830	29511	32102	31762	30205	27508	18	15	17
2:50:15	30.0	20	25344	29739	25950	29679	31921	31501	30271	27491	21	21	23
2:50:30	30.1	19	25345	29785	25904	29837	31855	31955	30278	27220	14	11	20
2:50:45	30.1	15	25239	29527	25863	29767	32037	31610	30304	27424	19	18	9
2:51:00	30.1	18	25317	29747	25845	29928	31880	31538	30212	27282	17	16	20
2:51:15	30.1	17	25393	29536	25763	29868	31916	31757	30237	27443	17	17	15
2:51:30	30.1	12	25408	29820	25681	29791	31810	31645	30325	27387	16	18	24
2:51:45	30.0	14	25414	29752	25890	29732	32061	31423	30148	27365	27	23	18
2:52:00	30.1	18	25382	29498	25782	29670	31904	31722	30211	27713	18	25	17
2:52:15	30.1	14	25290	29751	25773	29744	31967	31698	30144	27546	24	19	18
2:52:30	30.0	18	25586	29655	25875	30029	31954	31649	30403	27484	20	18	16
2:52:45	30.1	17	25391	29764	25713	29771	32252	31813	30239	27577	15	15	11
2:53:00	30.1	14	25267	29691	25695	29743	31963	31502	30333	27692	18	15	18
2:53:15	30.0	17	25381	29681	25858	29769	31889	31604	30183	27521	14	19	21
2:53:30	30.0	18	25264	29781	25770	29714	31713	31421	30292	27650	20	18	20
2:53:45	30.1	21	25243	29715	25692	30013	31961	31807	30415	27397	17	18	13
2:54:00	30.0	22	25279	29966	25758	29976	32174	31855	30008	27469	19	19	17
2:54:15	30.0	15	25340	29657	25765	29918	31924	31378	30255	27630	18	15	13
2:54:30	30.1	13	25343	29733	25940	29833	31885	31867	30455	27577	16	16	22
2:54:45	30.0	17	25497	29765	25819	29857	32049	31581	30069	27502	18	18	16
2:55:00	30.1	15	25406	29594	25825	30018	31948	31587	30181	27329	17	16	18
2:55:15	30.1	16	25420	29753	25924	29733	32092	31548	30449	27498	18	19	19
2:55:30	30.0	19	25545	29677	25717	29861	31805	31624	30291	27357	17	16	17
2:55:45	30.1	20	25396	29579	25671	29969	31972	31474	30374	27562	14	21	19
2:56:00	30.1	17	25266	29715	25965	30096	31776	31466	30423	27664	16	18	18
2:56:15	30.1	16	25255	29730	25839	30058	31829	31582	30159	27647	16	22	17
2:56:30	30.1	17	25432	29880	25934	29901	31979	31551	30205	27417	18	26	19
2:56:45	30.1	21	25252	29633	25891	30077	31680	31636	30408	27576	18	16	16
2:57:00	30.0	20	25438	29692	25633	29842	32028	31647	30366	27423	16	22	19
2:57:15	30.1	20	25331	29762	25908	29862	31801	31688	30061	27606	19	21	14
2:57:30	30.1	15	25426	29623	25779	29881	31997	31702	30270	27725	19	16	19
2:57:45	30.0	11	25301	29861	25794	30016	31977	31627	30249	27640	17	18	20
2:58:00	30.1	18	25443	29761	25662	30042	31799	31532	30247	27623	22	19	23
2:58:15	30.1	17	25417	29631	25949	29932	31867	31559	30466	27570	23	18	16
2:58:30	30.0	16	25392	29443	25858	30016	31811	31755	30222	27790	19	16	17
2:58:45	30.1	18	25432	29527	25750	29861	31715	31501	30140	27838	20	19	18
2:59:00	30.1	18	25345	29745	25791	29958	31981	31411	30260	27703	16	13	17
2:59:15	30.1	18	25336	29732	25881	29843	31954	31715	30334	27494	14	21	18
2:59:30	30.1	23	25385	29631	25673	29873	32104	31438	30200	27622	19	18	18
2:59:45	30.1	17	25484	29928	25789	29984	31981	31374	30087	27662	17	18	13
3:00:00	30.1	12	25501	29642	25816	29763	32027	31495	30380	27594	20	21	20
3:00:15	30.1	26	25490	29712	26055	29882	31752	31594	30233	27687	19	21	17
3:00:30	30.0	13	25359	29620	25713	29810	31912	31657	30212	27678	19	15	18
3:00:45	30.1	15	25479	29753	25800	29641	32018	31734	30216	27703	22	17	22
3:01:00	30.1	14	25360	29472	25833	29848	31859	31799	30243	27592	17	12	17
3:01:15	30.0	15	25425	29691	25806	29868	31884	31879	30340	27625	17	18	15
3:01:30	30.1	17	25240	29695	25807	29994	31920	31519	30368	27618	17	18	17
3:01:45	30.1	21	25369	29583	25802	30211	31766	31445	30181	27727	12	16	16
3:02:00	30.0	19	25522	29566	25922	29951	31875	31618	30313	27527	18	16	18
3:02:15	30.1	17	25335	29574	25812	29938	31867	31786	30160	27642	21	17	16
3:02:30	30.1	17	25383	29706	26001	29883	31784	31856	30385	27717	19	19	19
3:02:45	30.0	18	25467	29779	25803	29817	31971	31699	30297	27573	18	14	15
3:03:00	30.1	19	25322	29653	25664	29877	32021	31485	30157	27829	20	15	17
3:03:15	30.1	19	25357	29581	25827	29929	31917	31466	30170	27749	18	17	18
3:03:30	30.0	16	25340	29758	25827	30007	31993	31547	30149	27879	17	15	21
3:03:45	30.1	19	25361	29834	25681	30076	31839	31643	30327	27672	18	14	23
3:04:00	30.1	17	25399	29738	25747	30120	31903	31754	30177	27662	22	13	17
3:04:15	30.0	16	25331	29772	25653	29964	31680	31548	30217	27618	18	18	22
3:04:30	30.1	20	25331	29668	25878	29827	31649	31682	30120	27737	19	18	18
3:04:45	30.1	17	25426	29733	25597	30115	31938	31794	30266	27724	18	21	24
3:05:00	30.1	16	25306	29743	25817	29850	31934	31572	30092	27623	15	17	17
3:05:15	30.1	22	25300	29717	25750	29959	32053	31412	30212	27765	16	17	23
3:05:30	30.1	17	25420	29740	25901	30029	31806	31651	30244	27672	21	16	12
3:05:45	30.0	17	25395	29551	25794	29986	31978	31489	30414	27533	17	17	22
3:06:00	30.1	9	25249	29413	25838	30001	31953	31626	30152	27766	18	18	17
3:06:15	30.1	16	25335	29758	25847	30007	32011	31678	30280	27677	16	18	19
3:06:30	30.0	17	25253	29654	25686	30020	31819	31479	30065	27626	20	18	17
3:06:45	30.1	19	25335	29612	25867	30003	31687	31691	30070	27845	20	17	14
3:07:00	30.1	21	25368	29757	25994	29931	32011	31547	30448	27881	19	18	17
3:07:15	30.1	23	25206	29594	25768	29999	31994	31791	30214	27843	17	18	19
3:07:30	30.1	15	25358	29597	25753	30070	32006	31720	30287	27792	7	17	18
3:07:45	30.1	14	25299	29668	25748	29878	31927	31471	30314	27746	15	18	18
3:08:00	30.1	24	25315	29709	25766	30239	31769	31620	30440	27826	14	17	11
3:08:15	30.1	19	25436	29588	25678	30270	31906	31574	30140	27718	17	16	17
3:08:30	30.1	18	25384	29638	25727	29969	31886	31706	30291	27652	19	17	24
3:08:45	30.0	18	25304	29502	25846	29987	31811	31536	30246	27722	18	19	21
3:09:00	30.1	16	25279	29564	25747	30014	32013	31642	30206	27924	18	17	18
3:09:15	30.1	17	25467	29669	25795	29984	31823	31321	30199	27779	18	20	13
3:09:30	30.1	14	25325	29421	25771	30111	31709	31586	30053	27818	18	27	14
3:09:45	30.1	19	25425	29642	25683	30043	31595	31611	30339	27804	20	17	17
3:10:00	30.1	17	25381	29701	25964	30137	31651	31578	30291	27754	18	18	17
3:10:15	30.1	18	25357	29543	25810	30031	31819	31546	30048	27641	20	19	16
3:10:30	30.1	15	25298	29641	25726	29863	31963	31724	30329	27794	14	16	18
3:10:45	30.1	12	25359	29566	25812	30049	31824	31463	30051	27823	13	18	13
3:11:00	30.1	16	25336	29581	25830	30032	31932	31679	30181	27873	19	17	19
3:11:15	30.1	20	25387	29697	25656	30063	32020	31616	30220	27896	16	15	19
3:11:30	30.1	18	25410	29766	25683	30133	31807	31556	30135	27907	23	20	17
3:11:45	30.1	18	25245	29468	25739	29968	32044	31627	30361	27625	18	18	20
3:12:00	30.1	22	25345	29705	25803	30165	32084	31451	30212	27905	19	16	22
3:12:15	30.0	21	25293	29675	25814	29969	31831	31355	30337	27985	17	20	18
3:12:30	30.1	16	25192	30003	25736	29964	32045	31606	30309	27973	13	17	24
3:12:45	30.0	18	25422	29647	25662	29944	31928	31370	30443	27987	18	18	19
3:13:00	30.0	15	25335	29452	25814	30031	31750	31502	30220	27644	17	15	15
3:13:15	30.1	19	25396	29724	25725	30044	31854	31420	29973	27707	20	17	18
3:13:30	30.0	22	25321	29582	25685	29928	31816	31532	30191	28018	17	17	18
3:13:45	30.1	18	25344	29669	25831	30116	31791	31614	30230	27828	20	14	23
3:14:00	30.1	14	25468	29389	25826	30135	31724	31763	30350	28009	15	7	16
3:14:15	30.1	16	25279	29477	25711	30073	32175	31412	30186	27980	15	22	22
3:14:30	30.1	22	25158	29606	25662	30131	31867	31460	30202	27783	17	11	17
3:14:45	30.1	15	25342	29701	25836	30027	31696	31663	30213	27866	21	17	10
3:15:00	30.1	23	25368	29480	25868	30085	32018	31708	30196	27953	17	21	16
3:15:15	30.1	16	25208	29820	25943	30082	31892	31770	30406	27824	14	17	8
3:15:30	30.1	18	25351	29777	25866	30022	31722	31441	29930	27934	13	14	14
3:15:45	30.0	16	25262	29649	25707	30046	32021	31732	30185	27923	12	17	16
3:16:00	30.1	13	25454	29740	25679	29915	31855	31594	30347	27832	17	15	19
3:16:15	30.1	18	25326	29548	25911	30241	31948	31494	30482	27905	27	13	15
3:16:30	30.1	15	25363	29585	25971	30004	31804	31692	30270	27927	19	15	23
3:16:45	30.1	17	25305	29907	25748	29979	31851	31500	30184	27795	14	21	16
3:17:00	30.0	16	25299	29581	25762	29998	31883	31577	30317	27887	19	24	18
3:17:15	30.0	14	25257	29540	25692	29950	31875	31753	30074	27928	16	18	17
3:17:30	30.1	19	25419	29650	25744	30043	31831	31561	30218	27990	10	18	18
3:17:45	30.0	21	25259	29738	25712	29984	31786	31612	30227	28020	17	18	16
3:18:00	30.1	15	25372	29510	25839	29856	31920	31490	30160	27787	15	19	19
3:18:15	30.1	15	25220	29627	25785	30158	31841	31530	30339	27691	11	18	12
3:18:30	30.1	18	25053	29611	25655	30094	31883	31470	30213	28117	20	18	22
3:18:45	30.1	17	25177	29668	25710	30021	31842	31622	30283	28103	19	16	18
3:19:00	30.1	17	25289	29681	25750	30104	31737	31589	30117	28015	23	19	23
3:19:15	30.1	15	25389	29605	25778	29729	32088	31459	30209	27974	19	17	19
3:19:30	30.1	27	25317	29627	25840	30056	32054	31454	30332	28081	16	14	19
3:19:45	30.1	21	25171	29969	25817	30193	31874	31543	30424	28110	20	22	18
3:20:00	30.1	21	25378	29683	25764	30195	31802	31585	30115	27832	18	17	21
3:20:15	30.1	12	25148	29606	25830	30045	31826	31691	30490	28064	15	23	17
3:20:30	30.1	17	25318	29530	25634	29891	31788	31681	30187	27853	23	17	19
3:20:45	30.1	17	25216	29654	25755	29983	31756	31419	30368	28236	17	14	17
3:21:00	30.1	14	25204	29765	25692	30066	31804	31462	30177	27904	13	17	24
3:21:15	30.1	17	25382	29606	25785	29949	31787	31448	29993	27978	24	15	22
3:21:30	30.1	21	25258	29600	25539	30073	31727	31353	29942	27970	16	20	13
3:21:45	30.1	17	25084	29485	25818	30214	31769	31488	30277	28058	20	19	18
3:22:00	30.1	14	25440	29577	25860	30064	31852	31420	30071	27986	18	17	17
3:22:15	30.1	16	25342	29669	25619	29930	31829	31587	30069	27878	16	16	10
3:22:30	30.1	13	25253	29495	25849	30056	31570	31208	30154	27880	16	19	17
3:22:45	30.1	14	25154	29391	25614	29929	31783	31396	30167	27904	18	15	16
3:23:00	30.1	19	25365	29317	25659	29837	31723	31393	30196	28020	19	17	16
3:23:15	30.1	17	25049	29537	25681	30014	31792	31499	30002	27802	16	15	17
3:23:30	30.1	14	25337	29535	25545	29991	31700	31545	30195	27931	17	15	25
3:23:45	30.1	17	25311	29689	25577	30119	31680	31495	30169	27830	14	18	15
3:24:00	30.1	17	25187	29486	25734	30094	31714	31485	30098	27879	15	18	20
3:24:15	30.1	21	25243	29514	25668	29973	31699	31677	30208	28048	24	17	17
3:24:30	30.1	15	25326	29573	25659	30168	31663	31509	30270	28063	18	17	16
3:24:45	30.1	22	25266	29615	25948	29716	31598	31386	29909	27996	14	16	17
3:25:00	30.1	17	25213	29543	25501	29800	31978	31560	30334	28005	24	17	19
3:25:15	30.1	22	24984	29514	25609	29756	31937	31409	30000	28022	25	18	23
3:25:30	30.1	11	25256	29410	25648	29976	31536	31370	30048	28159	19	18	17
3:25:45	30.1	16	25135	29466	25571	30061	31771	31328	30188	28084	25	18	17
3:26:00	30.1	18	25198	29746	25688	30012	31761	31354	30088	27959	19	10	18
3:26:15	30.1	16	25101	29491	25586	29771	31612	31438	30032	28055	23	11	16
3:26:30	30.1	14	25226	29596	25636	30113	31660	31281	30256	27810	13	17	16
3:26:45	30.1	17	25270	29522	25726	30158	31841	31425	30160	27882	16	18	18
3:27:00	30.1	15	25215	29538	25772	30065	31580	31612	30134	27843	22	23	17
3:27:15	30.1	13	25129	29308	25592	30029	31590	31440	30029	28069	15	14	14
3:27:30	30.1	17	25265	29533	25851	30127	31680	31555	30110	27873	18	17	20
3:27:45	30.1	16	25076	29563	25703	30084	31618	31600	30115	27884	20	13	17
3:28:00	30.1	20	25250	29481	25607	30063	31766	31682	29980	27840	22	16	23
3:28:15	30.1	14	25510	29595	25661	29925	31645	31494	29924	27868	19	18	18
3:28:30	30.1	18	25188	29423	25841	30174	31643	31519	30083	28107	21	16	18
3:28:45	30.1	17	25202	29344	25598	30200	31740	31377	30101	28306	17	19	16
3:29:00	30.1	14	25185	29336	25695	30125	31688	31510	30246	27970	13	17	19
3:29:15	30.1	16	25255	29414	25697	30073	31940	31453	30037	28322	15	16	16
3:29:30	30.1	21	25222	29564	25572	30114	31952	31872	30149	28224	16	15	19
3:29:45	30.1	18	25044	29630	25802	30286	31561	31480	30045	27840	18	17	22
3:30:00	30.0	16	25411	29642	25665	30099	31946	31562	29971	28138	13	17	19
3:30:15	30.1	15	25217	29678	25838	29911	31810	31354	30049	27999	18	18	19
3:30:30	30.0	9	25344	29382	25877	30003	32056	31634	30128	28078	15	16	17
3:30:45	30.0	17	25054	29493	25619	30186	31746	31601	29985	27985	19	17	19
3:31:00	30.1	24	25254	29691	25918	30179	31707	31568	30141	27983	18	17	17
3:31:15	30.0	19	25365	29689	25790	30334	31669	31400	30157	27973	18	18	20
3:31:30	30.1	18	25137	29599	25826	30107	32058	31469	30284	28198	17	18	20
3:31:45	30.1	16	25201	29571	25705	30075	31661	31563	29967	28174	17	16	14
3:32:00	30.0	21	25248	29303	25418	30328	31762	31490	30070	28148	17	19	15
3:32:15	30.0	14	25159	29495	25726	30041	31763	31542	30293	28132	16	19	16
3:32:30	30.1	17	25255	29548	25601	30179	32042	31573	30012	27992	17	16	19
3:32:45	30.1	22	25397	29604	25985	30328	31819	31770	30301	28103	27	21	17
3:33:00	30.1	16	25192	29492	25770	29997	31837	31695	30130	28204	18	15	18
3:33:15	30.1	12	25336	29885	25714	30119	31830	31675	30174	28456	17	11	20
3:33:30	30.1	18	25103	29499	25593	30144	31752	31849	29994	28265	19	12	22
3:33:45	30.1	22	25374	29847	25710	29990	32040	31702	30274	28079	15	16	15
3:34:00	30.1	17	25509	29512	25933	30078	31913	31382	30164	28257	19	19	21
3:34:15	30.1	16	25308	29632	25778	30035	31791	31503	30134	28421	18	17	17
3:34:30	30.1	17	25293	29352	25605	30099	31895	31710	30346	28238	18	16	19
3:34:45	30.0	16	25231	29404	25801	30305	31876	31535	30193	28204	19	17	19
3:35:00	30.1	13	25171	29616	25889	30225	31778	31659	30199	28066	16	17	16
3:35:15	30.0	11	25142	29731	25564	30250	31695	31416	30280	28367	23	18	18
3:35:30	30.0	12	25404	29617	25863	30365	32137	31734	30193	28230	28	17	21
3:35:45	30.0	17	25250	29586	25765	30192	32006	31454	30196	28292	19	16	17
3:36:00	30.1	16	25304	29686	25646	29976	32079	31463	30261	28528	14	16	23
3:36:15	30.0	15	25291	29547	25824	30175	31770	31425	30289	28472	17	19	14
3:36:30	30.1	17	25264	29648	25842	30266	31995	31882	30136	28288	21	18	14
3:36:45	30.0	18	25355	29649	25839	30263	31869	31594	30393	28199	12	19	16
3:37:00	30.0	8	25298	29742	25968	30237	31869	31559	30308	28461	19	18	22
3:37:15	30.1	21	25450	29858	25885	30437	31707	31514	30028	28395	15	19	18
3:37:30	30.0	15	25466	29887	25779	30149	31731	31571	30105	28521	28	17	21
3:37:45	30.1	18	25360	29583	25911	30393	31968	31382	30100	28423	16	20	23
3:38:00	30.1	18	25221	29836	25694	30009	31766	31679	30128	28537	18	18	19
3:38:15	30.1	18	25346	29848	25747	30500	31884	31604	30192	28432	20	17	18
3:38:30	30.1	19	25426	29918	25895	30424	32224	31634	30355	28530	16	17	16
3:38:45	30.1	16	25312	29810	25919	30466	31764	31834	30345	28623	18	16	17
3:39:00	30.0	17	25261	29738	25836	30138	32133	31701	30288	28493	15	15	16
3:39:15	30.1	14	25381	29604	25882	30639	32132	32019	30366	28437	19	17	11
3:39:30	30.1	17	25354	29844	25929	30328	32001	31746	30522	28497	19	16	18
3:39:45	30.0	23	25404	29790	25841	30188	31885	31865	30431	28322	19	16	16
3:40:00	30.0	17	25468	29783	25920	30413	32044	31793	30274	28459	23	21	19
3:40:15	30.0	15	25467	29827	25840	30414	31954	31905	30408	28503	21	19	18
3:40:30	30.0	12	25482	29829	25965	30630	32059	31950	30288	28528	19	20	16
3:40:45	30.0	16	25489	29943	25968	30564	31807	31788	30481	28434	20	26	17
3:41:00	30.0	16	25333	29811	26076	30427	31807	31626	30656	28540	19	16	21
3:41:15	30.0	17	25380	29976	25973	30502	31915	31732	30374	28611	17	17	18
3:41:30	30.0	12	25532	29934	25830	30535	32202	31682	30387	28359	18	18	18
3:41:45	30.0	19	25564	29889	25795	30355	32257	32059	30413	28747	21	16	16
3:42:00	30.0	13	25644	29918	26208	30527	32054	31983	30458	28605	19	25	17
3:42:15	30.0	13	25336	29826	25987	30633	32120	31642	30661	28754	20	22	14
3:42:30	30.0	16	25464	29776	26016	30406	32000	31750	30338	28491	14	13	15
3:42:45	30.0	15	25422	29800	26086	30537	32147	32016	30699	28700	17	20	19
3:43:00	30.0	12	25448	29832	25947	30473	32132	31675	30673	28607	18	16	16
3:43:15	30.0	18	25439	29595	26125	30423	32199	31797	30326	28524	18	21	18
3:43:30	30.0	19	25495	29991	26052	30549	32194	31831	30443	28551	16	19	18
3:43:45	30.0	15	25662	29868	25960	30210	32294	31718	30367	28661	19	21	19
3:44:00	30.0	16	25539	29913	26042	30286	32205	31739	30437	28568	19	16	13
3:44:15	30.0	26	25468	29823	25929	30454	32220	31794	30496	28690	23	16	21
3:44:30	30.0	18	25323	29766	25854	30546	32246	31616	30375	28753	13	17	17
3:44:45	30.0	23	25461	29843	25951	30599	32075	31892	30395	28621	20	21	18
3:45:00	30.0	17	25425	29980	25883	30380	31985	31875	30569	28887	12	20	17
3:45:15	30.0	13	25548	29893	25944	30561	32112	32005	30521	28594	19	19	18
3:45:30	30.0	16	25587	30148	25955	30635	31995	31724	30421	28814	17	22	26
3:45:45	30.0	19	25702	29801	26134	30489	32041	31901	30435	28591	19	19	24
3:46:00	30.0	14	25677	29915	26089	30657	31965	31699	30189	28720	20	23	17
3:46:15	30.0	19	25331	29704	26080	30360	32270	31673	30343	28789	19	15	18
3:46:30	30.0	16	25547	29763	25873	30548	31847	31676	30597	28686	19	18	19
3:46:45	30.0	16	25621	29667	25936	30653	32206	31865	30549	28627	18	17	18
3:47:00	30.0	20	25614	30042	25954	30426	32130	31726	30579	28707	15	15	26
3:47:15	30.0	17	25479	29662	26140	30623	32112	31964	30496	28623	14	20	19
3:47:30	30.0	17	25524	29847	26000	30295	32150	32106	30607	28764	19	20	19
3:47:45	30.0	16	25510	30002	25872	30301	32030	31958	30442	28676	20	15	18
3:48:00	30.0	13	25635	30042	25885	30519	32081	31882	30616	28811	20	18	18
3:48:15	30.0	20	25594	29944	25979	30540	32118	31996	30499	28569	15	19	26
3:48:30	30.0	16	25748	29599	25956	30499	32417	31882	30377	28648	20	29	19
3:48:45	30.0	18	25877	29791	26076	30651	32120	31742	30767	28707	21	19	17
3:49:00	30.0	18	25548	30008	25912	30656	32113	32062	30531	28774	16	18	15
3:49:15	30.0	16	25520	29927	25927	30533	32301	31777	30410	28892	18	17	22
3:49:30	30.0	17	25559	30003	26006	30496	32063	31854	30425	28638	20	18	15
3:49:45	30.0	16	25426	29807	26054	30545	32306	31773	30437	28613	16	21	19
3:50:00	30.0	16	25368	29963	25912	30681	32285	31857	30572	28784	17	14	17
3:50:15	30.0	17	25512	30019	26019	30779	31896	31899	30625	28501	23	21	16
3:50:30	30.0	12	25485	29907	26010	30583	32181	31898	30532	28567	17	19	19
3:50:45	30.0	17	25620	29812	26022	30528	32114	31817	30702	28933	22	14	19
3:51:00	30.0	22	25468	29905	25947	30530	32082	31727	30602	28860	18	18	23
3:51:15	30.0	12	25597	30144	26018	30835	32228	31867	30686	28788	18	22	18
3:51:30	30.0	15	25716	29673	26116	30819	32025	31833	30499	28948	17	21	18
3:51:45	30.0	17	25462	30095	26051	30645	32148	32026	30590	28488	15	18	18
3:52:00	30.0	20	25643	30236	26008	30543	32211	31726	30501	28806	18	17	15
3:52:15	30.0	19	25630	29770	25848	30698	32182	31913	30601	28797	20	13	18
3:52:30	30.0	21	25671	29816	25906	30608	32283	31972	30451	28875	22	19	18
3:52:45	30.0	20	25515	29837	25993	30680	32361	31907	30399	28963	19	15	18
3:53:00	30.0	17	25538	29799	26139	30544	32102	31914	30644	28806	14	18	26
3:53:15	30.0	17	25499	30010	25964	30351	32238	32025	30440	28914	20	18	8
3:53:30	30.0	18	25736	29924	26126	30369	32226	31884	30733	28615	18	17	15
3:53:45	30.0	19	25410	29719	26206	30743	31963	32018	30478	28837	19	13	17
3:54:00	30.0	15	25496	30024	25995	30675	32385	31961	30447	28881	14	14	16
3:54:15	30.0	17	25698	29993	26311	30770	32221	31952	30556	28888	21	18	20
3:54:30	30.0	18	25527	29750	25952	30722	32425	31663	30291	29111	20	18	22
3:54:45	30.0	9	25596	30033	26026	30680	32169	31711	30397	28950	13	18	16
3:55:00	30.0	17	25790	30034	26024	30582	32183	31947	30498	28864	23	17	18
3:55:15	30.0	17	25547	29898	26003	30430	32237	31869	30456	28783	19	20	16
3:55:30	30.0	17	25377	29969	26069	30583	32094	31908	30561	28961	26	15	18
3:55:45	30.0	19	25392	29945	26028	30569	32297	31940	30304	28875	15	7	14
3:56:00	30.0	17	25490	29672	25866	30573	32163	32070	30474	28564	15	12	14
3:56:15	30.0	19	25526	30162	26049	30747	32367	31927	30424	28939	19	18	20
3:56:30	30.0	21	25472	29768	26162	30633	32366	31743	30296	28899	18	18	16
3:56:45	30.0	17	25501	29754	26151	30647	32099	31846	30280	28853	19	16	15
3:57:00	30.0	25	25465	29673	26079	30746	32096	31906	30647	28954	16	18	25
3:57:15	30.0	18	25554	30085	26175	30778	32115	31768	30494	29006	19	16	17
3:57:30	30.0	14	25572	29926	26005	30320	32268	31920	30386	28451	18	17	17
3:57:45	30.0	22	25615	30028	25752	30552	32198	31790	30630	28990	20	13	24
3:58:00	30.0	18	25526	29942	26073	30736	32366	31890	30566	28884	18	18	16
3:58:15	30.0	16	25506	29966	26059	30750	32166	31927	30498	29007	16	17	17
3:58:30	30.0	17	25559	30003	26160	30711	32059	31730	30755	28954	19	22	18
3:58:45	30.0	17	25658	30022	26015	30761	32370	31626	30522	28728	14	23	16
3:59:00	30.0	14	25542	30055	25870	30475	32236	31725	30614	29029	18	16	15
3:59:15	30.0	16	25603	30106	26081	30744	32084	31986	30599	28867	19	21	18
3:59:30	30.0	21	25658	29891	26219	30825	32078	31892	30764	28859	19	21	19
3:59:45	30.0	18	25433	29915	25909	30634	32099	31772	30593	29048	18	18	23
4:00:00	30.0	13	25622	30220	25955	30554	32067	32061	30514	28902	16	15	17

Results
	1	2	3	4	5	6	7	8	9	10	11	12
A													Max V [425,457]
													R-Squared [425,457]
													t at Max V [425,457]
													Lagtime [425,457]
B													Max V [425,457]
													R-Squared [425,457]
													t at Max V [425,457]
													Lagtime [425,457]
C													Max V [425,457]
													R-Squared [425,457]
													t at Max V [425,457]
													Lagtime [425,457]
D													Max V [425,457]
													R-Squared [425,457]
													t at Max V [425,457]
													Lagtime [425,457]
E	-56000.000	1868000.000	2948000.000	-1788000.000	2504000.000	2116000.000	2384000.000	-1904000.000	-2220000.000	60000.000	60000.000	-72000.000	Max V [425,457]
	1.000	1.000	1.000	1.000	1.000	1.000	1.000	1.000	1.000	1.000	1.000	1.000	R-Squared [425,457]
	0:16:23	2:04:23	1:46:08	2:25:38	1:43:38	2:18:08	1:03:08	3:15:23	3:57:23	2:38:38	3:14:08	3:53:08	t at Max V [425,457]
	0:16:14	1:59:36	1:44:29	2:30:19	1:43:36	2:14:36	0:57:39	3:22:54	?????	2:38:40	3:14:11	3:53:06	Lagtime [425,457]
F													Max V [425,457]
													R-Squared [425,457]
													t at Max V [425,457]
													Lagtime [425,457]
G													Max V [425,457]
													R-Squared [425,457]
													t at Max V [425,457]
													Lagtime [425,457]
H													Max V [425,457]
													R-Squared [425,457]
													t at Max V [425,457]
													Lagtime [425,457]

