plate	well	prot	fin.Ran.conc	Ran.volume	Ran.volume.2	Ran.premix.buffer.volume	GEF.stock	GEF.working	Ran.premix.to.add	GEF.nucleotide.premix.volume	date
31	A1	PE5_R108A	0.25	0.57	0.285	109	500	5	89	11	20190114
31	A2	PE5_R108A	0.5	1.15	0.575	109	500	5	89	11	20190114
31	A3	PE5_R108A	0.75	1.7	0.85	108	500	5	89	11	20190114
31	A4	PE5_R108A	1	2.28	1.14	108	500	5	89	11	20190114
31	A5	PE5_R108A	1.25	2.85	1.425	107	500	5	89	11	20190114
31	A6	PE5_R108A	1.5	3.4	1.7	107	500	5	89	11	20190114
31	A7	PE5_R108A	1.5	3.4	1.7	107	500	5	89	11	20190114
31	A8	PE5_R108A	2	4.55	2.275	105	500	5	89	11	20190114
31	A9	PE5_R108A	2.5	5.7	2.85	104	500	5	89	11	20190114
31	A10	PE5_R108A	5	11.38	5.69	99	500	5	89	11	20190114
31	A11	PE5_R108A	7.5	17.09	8.545	93	500	5	89	11	20190114
31	A12	PE5_R108A	9	20.49	10.245	90	500	5	89	11	20190114
31	A13	PE5_R108A	10	22.77	11.385	87	500	5	89	11	20190114
31	A14	PE5_R108A	11	25.04	12.52	85	500	5	89	11	20190114
31	A15	PE5_R108A	12	27.32	13.66	83	500	5	89	11	20190114
31	A16	PE14_Y157A	0.5	1.01	0.505	109	500	5	89	11	20190114
31	A17	PE14_Y157A	0.75	1.5	0.75	108	500	5	89	11	20190114
31	A18	PE14_Y157A	1	2	1	108	500	5	89	11	20190114
31	A19	PE14_Y157A	1.5	2.99	1.495	107	500	5	89	11	20190114
31	A20	PE14_Y157A	2	4	2	106	500	5	89	11	20190114
31	A21	PE14_Y157A	5	10.01	5.005	100	500	5	89	11	20190114
31	A22	PE14_Y157A	7.5	15.02	7.51	95	500	5	89	11	20190114
31	A23	PE14_Y157A	8	16.01	8.005	94	500	5	89	11	20190114
31	A24	PE14_Y157A	9	18.01	9.005	92	500	5	89	11	20190114
31	A25	PE14_Y157A	10	20.02	10.01	90	500	5	89	11	20190114
31	A26	PE14_Y157A	11	22.02	11.01	88	500	5	89	11	20190114
31	A27	PE14_Y157A	12	24.02	12.01	86	500	5	89	11	20190114
31	A28	PE30_N105L	0.25	0.51	0.255	109	500	5	89	11	20190114
31	A29	PE30_N105L	0.5	1.02	0.51	109	500	5	89	11	20190114
31	A30	PE30_N105L	0.75	1.51	0.755	108	500	5	89	11	20190114
31	A31	PE30_N105L	1	2.02	1.01	108	500	5	89	11	20190114
31	A32	PE30_N105L	1.5	3.02	1.51	107	500	5	89	11	20190114
31	A33	PE30_N105L	3	6.06	3.03	104	500	5	89	11	20190114
31	A34	PE30_N105L	5	10.1	5.05	100	500	5	89	11	20190114
31	A35	PE30_N105L	7	14.14	7.07	96	500	5	89	11	20190114
31	A36	PE30_N105L	9	18.18	9.09	92	500	5	89	11	20190114
31	A37	PE30_N105L	11	22.22	11.11	88	500	5	89	11	20190114
31	A38	PE30_N105L	13	26.26	13.13	84	500	5	89	11	20190114
31	A39	PE30_N105L	15	30.3	15.15	80	500	5	89	11	20190114
