20170630	3	A	1	Pi_sensor	16	10	NA
20170630	3	A	2	Pi_sensor	14	10	NA
20170630	3	A	3	Pi_sensor	12	10	NA
20170630	3	A	4	Pi_sensor	10	10	54934
20170630	3	A	5	Pi_sensor	8	10	46332
20170630	3	A	6	Pi_sensor	6	10	37201
20170630	3	A	7	Pi_sensor	5	10	32449
20170630	3	A	8	Pi_sensor	4	10	27234
20170630	3	A	9	Pi_sensor	3	10	22646
20170630	3	A	10	Pi_sensor	2	10	17827
20170630	3	A	11	Pi_sensor	1	10	13560
20170630	3	A	12	Pi_sensor	0	10	10422
20170630	7	A	1	Pi_sensor	16	10	NA
20170630	7	A	2	Pi_sensor	14	10	NA
20170630	7	A	3	Pi_sensor	12	10	62491
20170630	7	A	4	Pi_sensor	10	10	54904
20170630	7	A	5	Pi_sensor	8	10	46024
20170630	7	A	6	Pi_sensor	6	10	37027
20170630	7	A	7	Pi_sensor	5	10	32381
20170630	7	A	8	Pi_sensor	4	10	27307
20170630	7	A	9	Pi_sensor	3	10	22677
20170630	7	A	10	Pi_sensor	2	10	17715
20170630	7	A	11	Pi_sensor	1	10	13565
20170630	7	A	12	Pi_sensor	0	10	10523
20170630	11	A	1	Pi_sensor	16	10	NA
20170630	11	A	2	Pi_sensor	14	10	NA
20170630	11	A	3	Pi_sensor	12	10	NA
20170630	11	A	4	Pi_sensor	10	10	54677
20170630	11	A	5	Pi_sensor	8	10	46041
20170630	11	A	6	Pi_sensor	6	10	37016
20170630	11	A	7	Pi_sensor	5	10	32246
20170630	11	A	8	Pi_sensor	4	10	27114
20170630	11	A	9	Pi_sensor	3	10	22362
20170630	11	A	10	Pi_sensor	2	10	17793
20170630	11	A	11	Pi_sensor	1	10	13566
20170630	11	A	12	Pi_sensor	0	10	10415
20170630	15	A	1	Pi_sensor	16	10	NA
20170630	15	A	2	Pi_sensor	14	10	NA
20170630	15	A	3	Pi_sensor	12	10	62162
20170630	15	A	4	Pi_sensor	10	10	54781
20170630	15	A	5	Pi_sensor	8	10	45812
20170630	15	A	6	Pi_sensor	6	10	37320
20170630	15	A	7	Pi_sensor	5	10	32209
20170630	15	A	8	Pi_sensor	4	10	27085
20170630	15	A	9	Pi_sensor	3	10	22456
20170630	15	A	10	Pi_sensor	2	10	17927
20170630	15	A	11	Pi_sensor	1	10	13483
20170630	15	A	12	Pi_sensor	0	10	10428
20170630	19	A	1	Pi_sensor	16	10	NA
20170630	19	A	2	Pi_sensor	14	10	NA
20170630	19	A	3	Pi_sensor	12	10	62426
20170630	19	A	4	Pi_sensor	10	10	54593
20170630	19	A	5	Pi_sensor	8	10	45989
20170630	19	A	6	Pi_sensor	6	10	36942
20170630	19	A	7	Pi_sensor	5	10	31947
20170630	19	A	8	Pi_sensor	4	10	27214
20170630	19	A	9	Pi_sensor	3	10	22289
20170630	19	A	10	Pi_sensor	2	10	17760
20170630	19	A	11	Pi_sensor	1	10	13502
20170630	19	A	12	Pi_sensor	0	10	10487
20170630	23	A	1	Pi_sensor	16	10	NA
20170630	23	A	2	Pi_sensor	14	10	NA
20170630	23	A	3	Pi_sensor	12	10	61920
20170630	23	A	4	Pi_sensor	10	10	55059
20170630	23	A	5	Pi_sensor	8	10	45452
20170630	23	A	6	Pi_sensor	6	10	37521
20170630	23	A	7	Pi_sensor	5	10	31792
20170630	23	A	8	Pi_sensor	4	10	27154
20170630	23	A	9	Pi_sensor	3	10	22228
20170630	23	A	10	Pi_sensor	2	10	17778
20170630	23	A	11	Pi_sensor	1	10	13339
20170630	23	A	12	Pi_sensor	0	10	10347
20170630	27	A	1	Pi_sensor	16	10	NA
20170630	27	A	2	Pi_sensor	14	10	NA
20170630	27	A	3	Pi_sensor	12	10	62624
20170630	27	A	4	Pi_sensor	10	10	54542
20170630	27	A	5	Pi_sensor	8	10	45620
20170630	27	A	6	Pi_sensor	6	10	37028
20170630	27	A	7	Pi_sensor	5	10	32340
20170630	27	A	8	Pi_sensor	4	10	26962
20170630	27	A	9	Pi_sensor	3	10	22406
20170630	27	A	10	Pi_sensor	2	10	17634
20170630	27	A	11	Pi_sensor	1	10	13458
20170630	27	A	12	Pi_sensor	0	10	10349
20170630	31	A	1	Pi_sensor	16	10	NA
20170630	31	A	2	Pi_sensor	14	10	NA
20170630	31	A	3	Pi_sensor	12	10	62133
20170630	31	A	4	Pi_sensor	10	10	54637
20170630	31	A	5	Pi_sensor	8	10	45982
20170630	31	A	6	Pi_sensor	6	10	36776
20170630	31	A	7	Pi_sensor	5	10	32106
20170630	31	A	8	Pi_sensor	4	10	27127
20170630	31	A	9	Pi_sensor	3	10	22639
20170630	31	A	10	Pi_sensor	2	10	17615
20170630	31	A	11	Pi_sensor	1	10	13501
20170630	31	A	12	Pi_sensor	0	10	10371
20170630	35	A	1	Pi_sensor	16	10	NA
20170630	35	A	2	Pi_sensor	14	10	NA
20170630	35	A	3	Pi_sensor	12	10	62446
20170630	35	A	4	Pi_sensor	10	10	54530
20170630	35	A	5	Pi_sensor	8	10	45699
20170630	35	A	6	Pi_sensor	6	10	36886
20170630	35	A	7	Pi_sensor	5	10	32120
20170630	35	A	8	Pi_sensor	4	10	27364
20170630	35	A	9	Pi_sensor	3	10	22276
20170630	35	A	10	Pi_sensor	2	10	17591
20170630	35	A	11	Pi_sensor	1	10	13493
20170630	35	A	12	Pi_sensor	0	10	10360
20170630	39	A	1	Pi_sensor	16	10	NA
20170630	39	A	2	Pi_sensor	14	10	NA
20170630	39	A	3	Pi_sensor	12	10	62282
20170630	39	A	4	Pi_sensor	10	10	54128
20170630	39	A	5	Pi_sensor	8	10	45798
20170630	39	A	6	Pi_sensor	6	10	36597
20170630	39	A	7	Pi_sensor	5	10	31976
20170630	39	A	8	Pi_sensor	4	10	27176
20170630	39	A	9	Pi_sensor	3	10	22332
20170630	39	A	10	Pi_sensor	2	10	17539
20170630	39	A	11	Pi_sensor	1	10	13553
20170630	39	A	12	Pi_sensor	0	10	10458
20170630	42	A	1	Pi_sensor	16	10	NA
20170630	42	A	2	Pi_sensor	14	10	NA
20170630	42	A	3	Pi_sensor	12	10	62313
20170630	42	A	4	Pi_sensor	10	10	54169
20170630	42	A	5	Pi_sensor	8	10	45808
20170630	42	A	6	Pi_sensor	6	10	37083
20170630	42	A	7	Pi_sensor	5	10	32046
20170630	42	A	8	Pi_sensor	4	10	27065
20170630	42	A	9	Pi_sensor	3	10	22238
20170630	42	A	10	Pi_sensor	2	10	17621
20170630	42	A	11	Pi_sensor	1	10	13353
20170630	42	A	12	Pi_sensor	0	10	10353
20170630	46	A	1	Pi_sensor	16	10	NA
20170630	46	A	2	Pi_sensor	14	10	NA
20170630	46	A	3	Pi_sensor	12	10	62357
20170630	46	A	4	Pi_sensor	10	10	54094
20170630	46	A	5	Pi_sensor	8	10	45787
20170630	46	A	6	Pi_sensor	6	10	36749
20170630	46	A	7	Pi_sensor	5	10	31952
20170630	46	A	8	Pi_sensor	4	10	27128
20170630	46	A	9	Pi_sensor	3	10	22241
20170630	46	A	10	Pi_sensor	2	10	17516
20170630	46	A	11	Pi_sensor	1	10	13453
20170630	46	A	12	Pi_sensor	0	10	10432
20170630	50	A	1	Pi_sensor	16	10	NA
20170630	50	A	2	Pi_sensor	14	10	NA
20170630	50	A	3	Pi_sensor	12	10	62326
20170630	50	A	4	Pi_sensor	10	10	54182
20170630	50	A	5	Pi_sensor	8	10	45558
20170630	50	A	6	Pi_sensor	6	10	36680
20170630	50	A	7	Pi_sensor	5	10	32115
20170630	50	A	8	Pi_sensor	4	10	27038
20170630	50	A	9	Pi_sensor	3	10	22190
20170630	50	A	10	Pi_sensor	2	10	17531
20170630	50	A	11	Pi_sensor	1	10	13432
20170630	50	A	12	Pi_sensor	0	10	10335
20170630	54	A	1	Pi_sensor	16	10	NA
20170630	54	A	2	Pi_sensor	14	10	NA
20170630	54	A	3	Pi_sensor	12	10	61867
20170630	54	A	4	Pi_sensor	10	10	54043
20170630	54	A	5	Pi_sensor	8	10	45591
20170630	54	A	6	Pi_sensor	6	10	36712
20170630	54	A	7	Pi_sensor	5	10	31661
20170630	54	A	8	Pi_sensor	4	10	27001
20170630	54	A	9	Pi_sensor	3	10	22112
20170630	54	A	10	Pi_sensor	2	10	17602
20170630	54	A	11	Pi_sensor	1	10	13382
20170630	54	A	12	Pi_sensor	0	10	10461
20170630	58	A	1	Pi_sensor	16	10	NA
20170630	58	A	2	Pi_sensor	14	10	NA
20170630	58	A	3	Pi_sensor	12	10	61938
20170630	58	A	4	Pi_sensor	10	10	54061
20170630	58	A	5	Pi_sensor	8	10	45681
20170630	58	A	6	Pi_sensor	6	10	36750
20170630	58	A	7	Pi_sensor	5	10	31840
20170630	58	A	8	Pi_sensor	4	10	26922
20170630	58	A	9	Pi_sensor	3	10	22442
20170630	58	A	10	Pi_sensor	2	10	17553
20170630	58	A	11	Pi_sensor	1	10	13458
20170630	58	A	12	Pi_sensor	0	10	10371
20170630	62	A	1	Pi_sensor	16	10	NA
20170630	62	A	2	Pi_sensor	14	10	NA
20170630	62	A	3	Pi_sensor	12	10	61343
20170630	62	A	4	Pi_sensor	10	10	54662
20170630	62	A	5	Pi_sensor	8	10	45202
20170630	62	A	6	Pi_sensor	6	10	36694
20170630	62	A	7	Pi_sensor	5	10	31785
20170630	62	A	8	Pi_sensor	4	10	27065
20170630	62	A	9	Pi_sensor	3	10	22274
20170630	62	A	10	Pi_sensor	2	10	17684
20170630	62	A	11	Pi_sensor	1	10	13532
20170630	62	A	12	Pi_sensor	0	10	10403
20170630	66	A	1	Pi_sensor	16	10	NA
20170630	66	A	2	Pi_sensor	14	10	NA
20170630	66	A	3	Pi_sensor	12	10	61370
20170630	66	A	4	Pi_sensor	10	10	54101
20170630	66	A	5	Pi_sensor	8	10	45632
20170630	66	A	6	Pi_sensor	6	10	36675
20170630	66	A	7	Pi_sensor	5	10	31845
20170630	66	A	8	Pi_sensor	4	10	26999
20170630	66	A	9	Pi_sensor	3	10	22264
20170630	66	A	10	Pi_sensor	2	10	17563
20170630	66	A	11	Pi_sensor	1	10	13476
20170630	66	A	12	Pi_sensor	0	10	10361
20170630	70	A	1	Pi_sensor	16	10	NA
20170630	70	A	2	Pi_sensor	14	10	NA
20170630	70	A	3	Pi_sensor	12	10	61788
20170630	70	A	4	Pi_sensor	10	10	54011
20170630	70	A	5	Pi_sensor	8	10	45586
20170630	70	A	6	Pi_sensor	6	10	36648
20170630	70	A	7	Pi_sensor	5	10	31886
20170630	70	A	8	Pi_sensor	4	10	26922
20170630	70	A	9	Pi_sensor	3	10	22274
20170630	70	A	10	Pi_sensor	2	10	17733
20170630	70	A	11	Pi_sensor	1	10	13417
20170630	70	A	12	Pi_sensor	0	10	10343
20170630	73	A	1	Pi_sensor	16	10	NA
20170630	73	A	2	Pi_sensor	14	10	NA
20170630	73	A	3	Pi_sensor	12	10	61548
20170630	73	A	4	Pi_sensor	10	10	53962
20170630	73	A	5	Pi_sensor	8	10	45351
20170630	73	A	6	Pi_sensor	6	10	36791
20170630	73	A	7	Pi_sensor	5	10	31662
20170630	73	A	8	Pi_sensor	4	10	26803
20170630	73	A	9	Pi_sensor	3	10	22161
20170630	73	A	10	Pi_sensor	2	10	17395
20170630	73	A	11	Pi_sensor	1	10	13426
20170630	73	A	12	Pi_sensor	0	10	10336
20170630	77	A	1	Pi_sensor	16	10	NA
20170630	77	A	2	Pi_sensor	14	10	NA
20170630	77	A	3	Pi_sensor	12	10	61725
20170630	77	A	4	Pi_sensor	10	10	54123
20170630	77	A	5	Pi_sensor	8	10	45507
20170630	77	A	6	Pi_sensor	6	10	36592
20170630	77	A	7	Pi_sensor	5	10	31822
20170630	77	A	8	Pi_sensor	4	10	26782
20170630	77	A	9	Pi_sensor	3	10	22116
20170630	77	A	10	Pi_sensor	2	10	17577
20170630	77	A	11	Pi_sensor	1	10	13429
20170630	77	A	12	Pi_sensor	0	10	10327
20170630	81	A	1	Pi_sensor	16	10	NA
20170630	81	A	2	Pi_sensor	14	10	NA
20170630	81	A	3	Pi_sensor	12	10	61739
20170630	81	A	4	Pi_sensor	10	10	53371
20170630	81	A	5	Pi_sensor	8	10	45360
20170630	81	A	6	Pi_sensor	6	10	36625
20170630	81	A	7	Pi_sensor	5	10	31927
20170630	81	A	8	Pi_sensor	4	10	26918
20170630	81	A	9	Pi_sensor	3	10	22040
20170630	81	A	10	Pi_sensor	2	10	17580
20170630	81	A	11	Pi_sensor	1	10	13358
20170630	81	A	12	Pi_sensor	0	10	10390
20170630	85	A	1	Pi_sensor	16	10	NA
20170630	85	A	2	Pi_sensor	14	10	NA
20170630	85	A	3	Pi_sensor	12	10	61725
20170630	85	A	4	Pi_sensor	10	10	53416
20170630	85	A	5	Pi_sensor	8	10	45300
20170630	85	A	6	Pi_sensor	6	10	36421
20170630	85	A	7	Pi_sensor	5	10	31772
20170630	85	A	8	Pi_sensor	4	10	26979
20170630	85	A	9	Pi_sensor	3	10	22155
20170630	85	A	10	Pi_sensor	2	10	17432
20170630	85	A	11	Pi_sensor	1	10	13409
20170630	85	A	12	Pi_sensor	0	10	10293
20170630	89	A	1	Pi_sensor	16	10	NA
20170630	89	A	2	Pi_sensor	14	10	NA
20170630	89	A	3	Pi_sensor	12	10	61536
20170630	89	A	4	Pi_sensor	10	10	54012
20170630	89	A	5	Pi_sensor	8	10	44997
20170630	89	A	6	Pi_sensor	6	10	36360
20170630	89	A	7	Pi_sensor	5	10	31566
20170630	89	A	8	Pi_sensor	4	10	26790
20170630	89	A	9	Pi_sensor	3	10	22150
20170630	89	A	10	Pi_sensor	2	10	17500
20170630	89	A	11	Pi_sensor	1	10	13391
20170630	89	A	12	Pi_sensor	0	10	10360
20170630	93	A	1	Pi_sensor	16	10	NA
20170630	93	A	2	Pi_sensor	14	10	NA
20170630	93	A	3	Pi_sensor	12	10	61198
20170630	93	A	4	Pi_sensor	10	10	53624
20170630	93	A	5	Pi_sensor	8	10	45425
20170630	93	A	6	Pi_sensor	6	10	36544
20170630	93	A	7	Pi_sensor	5	10	31873
20170630	93	A	8	Pi_sensor	4	10	26815
20170630	93	A	9	Pi_sensor	3	10	22160
20170630	93	A	10	Pi_sensor	2	10	17469
20170630	93	A	11	Pi_sensor	1	10	13313
20170630	93	A	12	Pi_sensor	0	10	10450
20170630	97	A	1	Pi_sensor	16	10	NA
20170630	97	A	2	Pi_sensor	14	10	NA
20170630	97	A	3	Pi_sensor	12	10	61301
20170630	97	A	4	Pi_sensor	10	10	53584
20170630	97	A	5	Pi_sensor	8	10	45479
20170630	97	A	6	Pi_sensor	6	10	36386
20170630	97	A	7	Pi_sensor	5	10	32046
20170630	97	A	8	Pi_sensor	4	10	26738
20170630	97	A	9	Pi_sensor	3	10	22284
20170630	97	A	10	Pi_sensor	2	10	17407
20170630	97	A	11	Pi_sensor	1	10	13506
20170630	97	A	12	Pi_sensor	0	10	10296
20170630	100	A	1	Pi_sensor	16	10	NA
20170630	100	A	2	Pi_sensor	14	10	NA
20170630	100	A	3	Pi_sensor	12	10	60777
20170630	100	A	4	Pi_sensor	10	10	54081
20170630	100	A	5	Pi_sensor	8	10	44815
20170630	100	A	6	Pi_sensor	6	10	36722
20170630	100	A	7	Pi_sensor	5	10	31922
20170630	100	A	8	Pi_sensor	4	10	26811
20170630	100	A	9	Pi_sensor	3	10	22230
20170630	100	A	10	Pi_sensor	2	10	17598
20170630	100	A	11	Pi_sensor	1	10	13395
20170630	100	A	12	Pi_sensor	0	10	10163
20170630	104	A	1	Pi_sensor	16	10	NA
20170630	104	A	2	Pi_sensor	14	10	NA
20170630	104	A	3	Pi_sensor	12	10	61476
20170630	104	A	4	Pi_sensor	10	10	53728
20170630	104	A	5	Pi_sensor	8	10	44942
20170630	104	A	6	Pi_sensor	6	10	36350
20170630	104	A	7	Pi_sensor	5	10	31400
20170630	104	A	8	Pi_sensor	4	10	26852
20170630	104	A	9	Pi_sensor	3	10	21952
20170630	104	A	10	Pi_sensor	2	10	17628
20170630	104	A	11	Pi_sensor	1	10	13251
20170630	104	A	12	Pi_sensor	0	10	10320
20170630	108	A	1	Pi_sensor	16	10	NA
20170630	108	A	2	Pi_sensor	14	10	NA
20170630	108	A	3	Pi_sensor	12	10	61529
20170630	108	A	4	Pi_sensor	10	10	53882
20170630	108	A	5	Pi_sensor	8	10	45355
20170630	108	A	6	Pi_sensor	6	10	36274
20170630	108	A	7	Pi_sensor	5	10	31687
20170630	108	A	8	Pi_sensor	4	10	26962
20170630	108	A	9	Pi_sensor	3	10	22091
20170630	108	A	10	Pi_sensor	2	10	17297
20170630	108	A	11	Pi_sensor	1	10	13318
20170630	108	A	12	Pi_sensor	0	10	10310
20170630	112	A	1	Pi_sensor	16	10	NA
20170630	112	A	2	Pi_sensor	14	10	NA
20170630	112	A	3	Pi_sensor	12	10	61194
20170630	112	A	4	Pi_sensor	10	10	53000
20170630	112	A	5	Pi_sensor	8	10	45140
20170630	112	A	6	Pi_sensor	6	10	36378
20170630	112	A	7	Pi_sensor	5	10	31433
20170630	112	A	8	Pi_sensor	4	10	26682
20170630	112	A	9	Pi_sensor	3	10	22019
20170630	112	A	10	Pi_sensor	2	10	17425
20170630	112	A	11	Pi_sensor	1	10	13491
20170630	112	A	12	Pi_sensor	0	10	10309
20170630	116	A	1	Pi_sensor	16	10	NA
20170630	116	A	2	Pi_sensor	14	10	NA
20170630	116	A	3	Pi_sensor	12	10	61286
20170630	116	A	4	Pi_sensor	10	10	53346
20170630	116	A	5	Pi_sensor	8	10	44941
20170630	116	A	6	Pi_sensor	6	10	36384
20170630	116	A	7	Pi_sensor	5	10	31464
20170630	116	A	8	Pi_sensor	4	10	26579
20170630	116	A	9	Pi_sensor	3	10	21958
20170630	116	A	10	Pi_sensor	2	10	17516
20170630	116	A	11	Pi_sensor	1	10	13392
20170630	116	A	12	Pi_sensor	0	10	10284
20170630	120	A	1	Pi_sensor	16	10	NA
20170630	120	A	2	Pi_sensor	14	10	NA
20170630	120	A	3	Pi_sensor	12	10	60926
20170630	120	A	4	Pi_sensor	10	10	53143
20170630	120	A	5	Pi_sensor	8	10	45081
20170630	120	A	6	Pi_sensor	6	10	36264
20170630	120	A	7	Pi_sensor	5	10	31555
20170630	120	A	8	Pi_sensor	4	10	26574
20170630	120	A	9	Pi_sensor	3	10	21994
20170630	120	A	10	Pi_sensor	2	10	17422
20170630	120	A	11	Pi_sensor	1	10	13228
20170630	120	A	12	Pi_sensor	0	10	10303
20170630	124	A	1	Pi_sensor	16	10	NA
20170630	124	A	2	Pi_sensor	14	10	NA
20170630	124	A	3	Pi_sensor	12	10	60828
20170630	124	A	4	Pi_sensor	10	10	53355
20170630	124	A	5	Pi_sensor	8	10	45227
20170630	124	A	6	Pi_sensor	6	10	36152
20170630	124	A	7	Pi_sensor	5	10	31649
20170630	124	A	8	Pi_sensor	4	10	26478
20170630	124	A	9	Pi_sensor	3	10	22260
20170630	124	A	10	Pi_sensor	2	10	17361
20170630	124	A	11	Pi_sensor	1	10	13356
20170630	124	A	12	Pi_sensor	0	10	10359
20170630	128	A	1	Pi_sensor	16	10	NA
20170630	128	A	2	Pi_sensor	14	10	NA
20170630	128	A	3	Pi_sensor	12	10	60852
20170630	128	A	4	Pi_sensor	10	10	53103
20170630	128	A	5	Pi_sensor	8	10	45199
20170630	128	A	6	Pi_sensor	6	10	36309
20170630	128	A	7	Pi_sensor	5	10	31706
20170630	128	A	8	Pi_sensor	4	10	26619
20170630	128	A	9	Pi_sensor	3	10	21878
20170630	128	A	10	Pi_sensor	2	10	17432
20170630	128	A	11	Pi_sensor	1	10	13216
20170630	128	A	12	Pi_sensor	0	10	10285
20170630	131	A	1	Pi_sensor	16	10	NA
20170630	131	A	2	Pi_sensor	14	10	NA
20170630	131	A	3	Pi_sensor	12	10	60269
20170630	131	A	4	Pi_sensor	10	10	53128
20170630	131	A	5	Pi_sensor	8	10	44910
20170630	131	A	6	Pi_sensor	6	10	36253
20170630	131	A	7	Pi_sensor	5	10	31430
20170630	131	A	8	Pi_sensor	4	10	26487
20170630	131	A	9	Pi_sensor	3	10	21709
20170630	131	A	10	Pi_sensor	2	10	17457
20170630	131	A	11	Pi_sensor	1	10	13288
20170630	131	A	12	Pi_sensor	0	10	10402
20170630	135	A	1	Pi_sensor	16	10	NA
20170630	135	A	2	Pi_sensor	14	10	NA
20170630	135	A	3	Pi_sensor	12	10	60799
20170630	135	A	4	Pi_sensor	10	10	52786
20170630	135	A	5	Pi_sensor	8	10	45227
20170630	135	A	6	Pi_sensor	6	10	35998
20170630	135	A	7	Pi_sensor	5	10	31368
20170630	135	A	8	Pi_sensor	4	10	26214
20170630	135	A	9	Pi_sensor	3	10	22021
20170630	135	A	10	Pi_sensor	2	10	17438
20170630	135	A	11	Pi_sensor	1	10	13325
20170630	135	A	12	Pi_sensor	0	10	10239
20170630	139	A	1	Pi_sensor	16	10	NA
20170630	139	A	2	Pi_sensor	14	10	NA
20170630	139	A	3	Pi_sensor	12	10	60594
20170630	139	A	4	Pi_sensor	10	10	53138
20170630	139	A	5	Pi_sensor	8	10	44985
20170630	139	A	6	Pi_sensor	6	10	36181
20170630	139	A	7	Pi_sensor	5	10	31499
20170630	139	A	8	Pi_sensor	4	10	26488
20170630	139	A	9	Pi_sensor	3	10	22035
20170630	139	A	10	Pi_sensor	2	10	17349
20170630	139	A	11	Pi_sensor	1	10	13320
20170630	139	A	12	Pi_sensor	0	10	10289
20170630	143	A	1	Pi_sensor	16	10	NA
20170630	143	A	2	Pi_sensor	14	10	NA
20170630	143	A	3	Pi_sensor	12	10	60888
20170630	143	A	4	Pi_sensor	10	10	52842
20170630	143	A	5	Pi_sensor	8	10	45239
20170630	143	A	6	Pi_sensor	6	10	36129
20170630	143	A	7	Pi_sensor	5	10	31467
20170630	143	A	8	Pi_sensor	4	10	26704
20170630	143	A	9	Pi_sensor	3	10	21774
20170630	143	A	10	Pi_sensor	2	10	17264
20170630	143	A	11	Pi_sensor	1	10	13366
20170630	143	A	12	Pi_sensor	0	10	10237
20170630	147	A	1	Pi_sensor	16	10	NA
20170630	147	A	2	Pi_sensor	14	10	NA
20170630	147	A	3	Pi_sensor	12	10	60652
20170630	147	A	4	Pi_sensor	10	10	52679
20170630	147	A	5	Pi_sensor	8	10	44789
20170630	147	A	6	Pi_sensor	6	10	35890
20170630	147	A	7	Pi_sensor	5	10	31280
20170630	147	A	8	Pi_sensor	4	10	26469
20170630	147	A	9	Pi_sensor	3	10	22081
20170630	147	A	10	Pi_sensor	2	10	17344
20170630	147	A	11	Pi_sensor	1	10	13290
20170630	147	A	12	Pi_sensor	0	10	10314
20170630	151	A	1	Pi_sensor	16	10	NA
20170630	151	A	2	Pi_sensor	14	10	NA
20170630	151	A	3	Pi_sensor	12	10	60158
20170630	151	A	4	Pi_sensor	10	10	53140
20170630	151	A	5	Pi_sensor	8	10	44898
20170630	151	A	6	Pi_sensor	6	10	35997
20170630	151	A	7	Pi_sensor	5	10	31406
20170630	151	A	8	Pi_sensor	4	10	26606
20170630	151	A	9	Pi_sensor	3	10	21829
20170630	151	A	10	Pi_sensor	2	10	17433
20170630	151	A	11	Pi_sensor	1	10	13100
20170630	151	A	12	Pi_sensor	0	10	10280
20170630	155	A	1	Pi_sensor	16	10	NA
20170630	155	A	2	Pi_sensor	14	10	NA
20170630	155	A	3	Pi_sensor	12	10	61134
20170630	155	A	4	Pi_sensor	10	10	52712
20170630	155	A	5	Pi_sensor	8	10	44627
20170630	155	A	6	Pi_sensor	6	10	36116
20170630	155	A	7	Pi_sensor	5	10	31479
20170630	155	A	8	Pi_sensor	4	10	26651
20170630	155	A	9	Pi_sensor	3	10	21888
20170630	155	A	10	Pi_sensor	2	10	17404
20170630	155	A	11	Pi_sensor	1	10	13200
20170630	155	A	12	Pi_sensor	0	10	10266
20170630	159	A	1	Pi_sensor	16	10	NA
20170630	159	A	2	Pi_sensor	14	10	NA
20170630	159	A	3	Pi_sensor	12	10	60416
20170630	159	A	4	Pi_sensor	10	10	52864
20170630	159	A	5	Pi_sensor	8	10	44819
20170630	159	A	6	Pi_sensor	6	10	36133
20170630	159	A	7	Pi_sensor	5	10	31201
20170630	159	A	8	Pi_sensor	4	10	26325
20170630	159	A	9	Pi_sensor	3	10	21941
20170630	159	A	10	Pi_sensor	2	10	17306
20170630	159	A	11	Pi_sensor	1	10	13315
20170630	159	A	12	Pi_sensor	0	10	10269
20170630	162	A	1	Pi_sensor	16	10	NA
20170630	162	A	2	Pi_sensor	14	10	NA
20170630	162	A	3	Pi_sensor	12	10	60481
20170630	162	A	4	Pi_sensor	10	10	53039
20170630	162	A	5	Pi_sensor	8	10	44940
20170630	162	A	6	Pi_sensor	6	10	36208
20170630	162	A	7	Pi_sensor	5	10	31192
20170630	162	A	8	Pi_sensor	4	10	26292
20170630	162	A	9	Pi_sensor	3	10	22086
20170630	162	A	10	Pi_sensor	2	10	17336
20170630	162	A	11	Pi_sensor	1	10	13261
20170630	162	A	12	Pi_sensor	0	10	10396
20170630	166	A	1	Pi_sensor	16	10	NA
20170630	166	A	2	Pi_sensor	14	10	NA
20170630	166	A	3	Pi_sensor	12	10	60368
20170630	166	A	4	Pi_sensor	10	10	52649
20170630	166	A	5	Pi_sensor	8	10	44619
20170630	166	A	6	Pi_sensor	6	10	36012
20170630	166	A	7	Pi_sensor	5	10	31269
20170630	166	A	8	Pi_sensor	4	10	26569
20170630	166	A	9	Pi_sensor	3	10	21834
20170630	166	A	10	Pi_sensor	2	10	17385
20170630	166	A	11	Pi_sensor	1	10	13250
20170630	166	A	12	Pi_sensor	0	10	10351
20170630	170	A	1	Pi_sensor	16	10	NA
20170630	170	A	2	Pi_sensor	14	10	NA
20170630	170	A	3	Pi_sensor	12	10	60507
20170630	170	A	4	Pi_sensor	10	10	52818
20170630	170	A	5	Pi_sensor	8	10	44656
20170630	170	A	6	Pi_sensor	6	10	35560
20170630	170	A	7	Pi_sensor	5	10	31348
20170630	170	A	8	Pi_sensor	4	10	26451
20170630	170	A	9	Pi_sensor	3	10	21809
20170630	170	A	10	Pi_sensor	2	10	17271
20170630	170	A	11	Pi_sensor	1	10	13292
20170630	170	A	12	Pi_sensor	0	10	10301
20170630	174	A	1	Pi_sensor	16	10	NA
20170630	174	A	2	Pi_sensor	14	10	NA
20170630	174	A	3	Pi_sensor	12	10	59988
20170630	174	A	4	Pi_sensor	10	10	52874
20170630	174	A	5	Pi_sensor	8	10	44436
20170630	174	A	6	Pi_sensor	6	10	35726
20170630	174	A	7	Pi_sensor	5	10	31343
20170630	174	A	8	Pi_sensor	4	10	26430
20170630	174	A	9	Pi_sensor	3	10	21833
20170630	174	A	10	Pi_sensor	2	10	17261
20170630	174	A	11	Pi_sensor	1	10	13273
20170630	174	A	12	Pi_sensor	0	10	10360
20170630	178	A	1	Pi_sensor	16	10	NA
20170630	178	A	2	Pi_sensor	14	10	NA
20170630	178	A	3	Pi_sensor	12	10	60048
20170630	178	A	4	Pi_sensor	10	10	52517
20170630	178	A	5	Pi_sensor	8	10	44962
20170630	178	A	6	Pi_sensor	6	10	35718
20170630	178	A	7	Pi_sensor	5	10	31472
20170630	178	A	8	Pi_sensor	4	10	26304
20170630	178	A	9	Pi_sensor	3	10	21651
20170630	178	A	10	Pi_sensor	2	10	17368
20170630	178	A	11	Pi_sensor	1	10	13378
20170630	178	A	12	Pi_sensor	0	10	10241
20170630	182	A	1	Pi_sensor	16	10	NA
20170630	182	A	2	Pi_sensor	14	10	NA
20170630	182	A	3	Pi_sensor	12	10	60139
20170630	182	A	4	Pi_sensor	10	10	52478
20170630	182	A	5	Pi_sensor	8	10	44422
20170630	182	A	6	Pi_sensor	6	10	35885
20170630	182	A	7	Pi_sensor	5	10	31040
20170630	182	A	8	Pi_sensor	4	10	26361
20170630	182	A	9	Pi_sensor	3	10	21839
20170630	182	A	10	Pi_sensor	2	10	17267
20170630	182	A	11	Pi_sensor	1	10	13301
20170630	182	A	12	Pi_sensor	0	10	10288
20170630	186	A	1	Pi_sensor	16	10	NA
20170630	186	A	2	Pi_sensor	14	10	NA
20170630	186	A	3	Pi_sensor	12	10	59915
20170630	186	A	4	Pi_sensor	10	10	52658
20170630	186	A	5	Pi_sensor	8	10	44842
20170630	186	A	6	Pi_sensor	6	10	35722
20170630	186	A	7	Pi_sensor	5	10	31234
20170630	186	A	8	Pi_sensor	4	10	26260
20170630	186	A	9	Pi_sensor	3	10	21884
20170630	186	A	10	Pi_sensor	2	10	17269
20170630	186	A	11	Pi_sensor	1	10	13152
20170630	186	A	12	Pi_sensor	0	10	10259
20170630	189	A	1	Pi_sensor	16	10	NA
20170630	189	A	2	Pi_sensor	14	10	NA
20170630	189	A	3	Pi_sensor	12	10	60029
20170630	189	A	4	Pi_sensor	10	10	52439
20170630	189	A	5	Pi_sensor	8	10	44504
20170630	189	A	6	Pi_sensor	6	10	35509
20170630	189	A	7	Pi_sensor	5	10	30988
20170630	189	A	8	Pi_sensor	4	10	26127
20170630	189	A	9	Pi_sensor	3	10	21605
20170630	189	A	10	Pi_sensor	2	10	17223
20170630	189	A	11	Pi_sensor	1	10	13078
20170630	189	A	12	Pi_sensor	0	10	10252
20170630	193	A	1	Pi_sensor	16	10	NA
20170630	193	A	2	Pi_sensor	14	10	NA
20170630	193	A	3	Pi_sensor	12	10	59796
20170630	193	A	4	Pi_sensor	10	10	52436
20170630	193	A	5	Pi_sensor	8	10	44754
20170630	193	A	6	Pi_sensor	6	10	35604
20170630	193	A	7	Pi_sensor	5	10	31027
20170630	193	A	8	Pi_sensor	4	10	26144
20170630	193	A	9	Pi_sensor	3	10	21598
20170630	193	A	10	Pi_sensor	2	10	17142
20170630	193	A	11	Pi_sensor	1	10	13075
20170630	193	A	12	Pi_sensor	0	10	10228
20170630	197	A	1	Pi_sensor	16	10	NA
20170630	197	A	2	Pi_sensor	14	10	NA
20170630	197	A	3	Pi_sensor	12	10	59659
20170630	197	A	4	Pi_sensor	10	10	52598
20170630	197	A	5	Pi_sensor	8	10	44452
20170630	197	A	6	Pi_sensor	6	10	35558
20170630	197	A	7	Pi_sensor	5	10	31332
20170630	197	A	8	Pi_sensor	4	10	26276
20170630	197	A	9	Pi_sensor	3	10	21502
20170630	197	A	10	Pi_sensor	2	10	17265
20170630	197	A	11	Pi_sensor	1	10	13123
20170630	197	A	12	Pi_sensor	0	10	10291
20170630	201	A	1	Pi_sensor	16	10	NA
20170630	201	A	2	Pi_sensor	14	10	NA
20170630	201	A	3	Pi_sensor	12	10	59766
20170630	201	A	4	Pi_sensor	10	10	52491
20170630	201	A	5	Pi_sensor	8	10	44062
20170630	201	A	6	Pi_sensor	6	10	35457
20170630	201	A	7	Pi_sensor	5	10	30971
20170630	201	A	8	Pi_sensor	4	10	26032
20170630	201	A	9	Pi_sensor	3	10	21522
20170630	201	A	10	Pi_sensor	2	10	17239
20170630	201	A	11	Pi_sensor	1	10	13222
20170630	201	A	12	Pi_sensor	0	10	10272
20170630	205	A	1	Pi_sensor	16	10	NA
20170630	205	A	2	Pi_sensor	14	10	NA
20170630	205	A	3	Pi_sensor	12	10	59685
20170630	205	A	4	Pi_sensor	10	10	52223
20170630	205	A	5	Pi_sensor	8	10	44106
20170630	205	A	6	Pi_sensor	6	10	35451
20170630	205	A	7	Pi_sensor	5	10	30739
20170630	205	A	8	Pi_sensor	4	10	26194
20170630	205	A	9	Pi_sensor	3	10	21551
20170630	205	A	10	Pi_sensor	2	10	17191
20170630	205	A	11	Pi_sensor	1	10	13106
20170630	205	A	12	Pi_sensor	0	10	10297
20170630	209	A	1	Pi_sensor	16	10	NA
20170630	209	A	2	Pi_sensor	14	10	NA
20170630	209	A	3	Pi_sensor	12	10	59631
20170630	209	A	4	Pi_sensor	10	10	51996
20170630	209	A	5	Pi_sensor	8	10	44449
20170630	209	A	6	Pi_sensor	6	10	35187
20170630	209	A	7	Pi_sensor	5	10	30918
20170630	209	A	8	Pi_sensor	4	10	25956
20170630	209	A	9	Pi_sensor	3	10	21717
20170630	209	A	10	Pi_sensor	2	10	17224
20170630	209	A	11	Pi_sensor	1	10	13022
20170630	209	A	12	Pi_sensor	0	10	10210
20170630	213	A	1	Pi_sensor	16	10	NA
20170630	213	A	2	Pi_sensor	14	10	NA
20170630	213	A	3	Pi_sensor	12	10	59788
20170630	213	A	4	Pi_sensor	10	10	52348
20170630	213	A	5	Pi_sensor	8	10	43810
20170630	213	A	6	Pi_sensor	6	10	35396
20170630	213	A	7	Pi_sensor	5	10	30973
20170630	213	A	8	Pi_sensor	4	10	26195
20170630	213	A	9	Pi_sensor	3	10	21450
20170630	213	A	10	Pi_sensor	2	10	17232
20170630	213	A	11	Pi_sensor	1	10	12965
20170630	213	A	12	Pi_sensor	0	10	10217
20170630	217	A	1	Pi_sensor	16	10	NA
20170630	217	A	2	Pi_sensor	14	10	NA
20170630	217	A	3	Pi_sensor	12	10	59187
20170630	217	A	4	Pi_sensor	10	10	52233
20170630	217	A	5	Pi_sensor	8	10	44090
20170630	217	A	6	Pi_sensor	6	10	35576
20170630	217	A	7	Pi_sensor	5	10	31019
20170630	217	A	8	Pi_sensor	4	10	25983
20170630	217	A	9	Pi_sensor	3	10	21799
20170630	217	A	10	Pi_sensor	2	10	17094
20170630	217	A	11	Pi_sensor	1	10	13141
20170630	217	A	12	Pi_sensor	0	10	10229
20170630	220	A	1	Pi_sensor	16	10	NA
20170630	220	A	2	Pi_sensor	14	10	NA
20170630	220	A	3	Pi_sensor	12	10	59098
20170630	220	A	4	Pi_sensor	10	10	52099
20170630	220	A	5	Pi_sensor	8	10	43824
20170630	220	A	6	Pi_sensor	6	10	35493
20170630	220	A	7	Pi_sensor	5	10	30763
20170630	220	A	8	Pi_sensor	4	10	25953
20170630	220	A	9	Pi_sensor	3	10	21612
20170630	220	A	10	Pi_sensor	2	10	17181
20170630	220	A	11	Pi_sensor	1	10	13062
20170630	220	A	12	Pi_sensor	0	10	10205
20170630	224	A	1	Pi_sensor	16	10	NA
20170630	224	A	2	Pi_sensor	14	10	NA
20170630	224	A	3	Pi_sensor	12	10	59665
20170630	224	A	4	Pi_sensor	10	10	51940
20170630	224	A	5	Pi_sensor	8	10	44042
20170630	224	A	6	Pi_sensor	6	10	35369
20170630	224	A	7	Pi_sensor	5	10	30844
20170630	224	A	8	Pi_sensor	4	10	25953
20170630	224	A	9	Pi_sensor	3	10	21553
20170630	224	A	10	Pi_sensor	2	10	17211
20170630	224	A	11	Pi_sensor	1	10	13053
20170630	224	A	12	Pi_sensor	0	10	10244
20170630	228	A	1	Pi_sensor	16	10	NA
20170630	228	A	2	Pi_sensor	14	10	NA
20170630	228	A	3	Pi_sensor	12	10	59065
20170630	228	A	4	Pi_sensor	10	10	52174
20170630	228	A	5	Pi_sensor	8	10	43871
20170630	228	A	6	Pi_sensor	6	10	35300
20170630	228	A	7	Pi_sensor	5	10	30866
20170630	228	A	8	Pi_sensor	4	10	25985
20170630	228	A	9	Pi_sensor	3	10	21466
20170630	228	A	10	Pi_sensor	2	10	17169
20170630	228	A	11	Pi_sensor	1	10	13052
20170630	228	A	12	Pi_sensor	0	10	10346
20170630	232	A	1	Pi_sensor	16	10	NA
20170630	232	A	2	Pi_sensor	14	10	NA
20170630	232	A	3	Pi_sensor	12	10	59107
20170630	232	A	4	Pi_sensor	10	10	52262
20170630	232	A	5	Pi_sensor	8	10	44091
20170630	232	A	6	Pi_sensor	6	10	35226
20170630	232	A	7	Pi_sensor	5	10	30916
20170630	232	A	8	Pi_sensor	4	10	25799
20170630	232	A	9	Pi_sensor	3	10	21440
20170630	232	A	10	Pi_sensor	2	10	17134
20170630	232	A	11	Pi_sensor	1	10	12980
20170630	232	A	12	Pi_sensor	0	10	10129
20170630	236	A	1	Pi_sensor	16	10	NA
20170630	236	A	2	Pi_sensor	14	10	NA
20170630	236	A	3	Pi_sensor	12	10	59392
20170630	236	A	4	Pi_sensor	10	10	52050
20170630	236	A	5	Pi_sensor	8	10	43983
20170630	236	A	6	Pi_sensor	6	10	35381
20170630	236	A	7	Pi_sensor	5	10	30879
20170630	236	A	8	Pi_sensor	4	10	25786
20170630	236	A	9	Pi_sensor	3	10	21579
20170630	236	A	10	Pi_sensor	2	10	17121
20170630	236	A	11	Pi_sensor	1	10	13043
20170630	236	A	12	Pi_sensor	0	10	10269
20170630	240	A	1	Pi_sensor	16	10	NA
20170630	240	A	2	Pi_sensor	14	10	NA
20170630	240	A	3	Pi_sensor	12	10	59068
20170630	240	A	4	Pi_sensor	10	10	51823
20170630	240	A	5	Pi_sensor	8	10	44092
20170630	240	A	6	Pi_sensor	6	10	35176
20170630	240	A	7	Pi_sensor	5	10	30730
20170630	240	A	8	Pi_sensor	4	10	25856
20170630	240	A	9	Pi_sensor	3	10	21551
20170630	240	A	10	Pi_sensor	2	10	17176
20170630	240	A	11	Pi_sensor	1	10	13083
20170630	240	A	12	Pi_sensor	0	10	10144
20170630	244	A	1	Pi_sensor	16	10	NA
20170630	244	A	2	Pi_sensor	14	10	NA
20170630	244	A	3	Pi_sensor	12	10	59324
20170630	244	A	4	Pi_sensor	10	10	52308
20170630	244	A	5	Pi_sensor	8	10	43804
20170630	244	A	6	Pi_sensor	6	10	35343
20170630	244	A	7	Pi_sensor	5	10	31023
20170630	244	A	8	Pi_sensor	4	10	25723
20170630	244	A	9	Pi_sensor	3	10	21594
20170630	244	A	10	Pi_sensor	2	10	17353
20170630	244	A	11	Pi_sensor	1	10	13120
20170630	244	A	12	Pi_sensor	0	10	10332
20170630	247	A	1	Pi_sensor	16	10	NA
20170630	247	A	2	Pi_sensor	14	10	NA
20170630	247	A	3	Pi_sensor	12	10	59148
20170630	247	A	4	Pi_sensor	10	10	52041
20170630	247	A	5	Pi_sensor	8	10	44072
20170630	247	A	6	Pi_sensor	6	10	35344
20170630	247	A	7	Pi_sensor	5	10	30733
20170630	247	A	8	Pi_sensor	4	10	26050
20170630	247	A	9	Pi_sensor	3	10	21606
20170630	247	A	10	Pi_sensor	2	10	16984
20170630	247	A	11	Pi_sensor	1	10	13047
20170630	247	A	12	Pi_sensor	0	10	10297
20170630	251	A	1	Pi_sensor	16	10	NA
20170630	251	A	2	Pi_sensor	14	10	NA
20170630	251	A	3	Pi_sensor	12	10	59016
20170630	251	A	4	Pi_sensor	10	10	51772
20170630	251	A	5	Pi_sensor	8	10	43916
20170630	251	A	6	Pi_sensor	6	10	35240
20170630	251	A	7	Pi_sensor	5	10	30895
20170630	251	A	8	Pi_sensor	4	10	25763
20170630	251	A	9	Pi_sensor	3	10	21429
20170630	251	A	10	Pi_sensor	2	10	17067
20170630	251	A	11	Pi_sensor	1	10	13122
20170630	251	A	12	Pi_sensor	0	10	10217
20170630	255	A	1	Pi_sensor	16	10	NA
20170630	255	A	2	Pi_sensor	14	10	NA
20170630	255	A	3	Pi_sensor	12	10	59137
20170630	255	A	4	Pi_sensor	10	10	51753
20170630	255	A	5	Pi_sensor	8	10	43865
20170630	255	A	6	Pi_sensor	6	10	35354
20170630	255	A	7	Pi_sensor	5	10	30619
20170630	255	A	8	Pi_sensor	4	10	25889
20170630	255	A	9	Pi_sensor	3	10	21280
20170630	255	A	10	Pi_sensor	2	10	17145
20170630	255	A	11	Pi_sensor	1	10	13042
20170630	255	A	12	Pi_sensor	0	10	10216
20170630	259	A	1	Pi_sensor	16	10	NA
20170630	259	A	2	Pi_sensor	14	10	NA
20170630	259	A	3	Pi_sensor	12	10	59011
20170630	259	A	4	Pi_sensor	10	10	52042
20170630	259	A	5	Pi_sensor	8	10	43661
20170630	259	A	6	Pi_sensor	6	10	35445
20170630	259	A	7	Pi_sensor	5	10	30668
20170630	259	A	8	Pi_sensor	4	10	25916
20170630	259	A	9	Pi_sensor	3	10	21391
20170630	259	A	10	Pi_sensor	2	10	17191
20170630	259	A	11	Pi_sensor	1	10	13074
20170630	259	A	12	Pi_sensor	0	10	10197
20170630	263	A	1	Pi_sensor	16	10	NA
20170630	263	A	2	Pi_sensor	14	10	NA
20170630	263	A	3	Pi_sensor	12	10	59075
20170630	263	A	4	Pi_sensor	10	10	52115
20170630	263	A	5	Pi_sensor	8	10	44004
20170630	263	A	6	Pi_sensor	6	10	35089
20170630	263	A	7	Pi_sensor	5	10	30701
20170630	263	A	8	Pi_sensor	4	10	25920
20170630	263	A	9	Pi_sensor	3	10	21491
20170630	263	A	10	Pi_sensor	2	10	17070
20170630	263	A	11	Pi_sensor	1	10	13060
20170630	263	A	12	Pi_sensor	0	10	10124
20170630	267	A	1	Pi_sensor	16	10	NA
20170630	267	A	2	Pi_sensor	14	10	NA
20170630	267	A	3	Pi_sensor	12	10	59020
20170630	267	A	4	Pi_sensor	10	10	51783
20170630	267	A	5	Pi_sensor	8	10	43905
20170630	267	A	6	Pi_sensor	6	10	35210
20170630	267	A	7	Pi_sensor	5	10	30703
20170630	267	A	8	Pi_sensor	4	10	25901
20170630	267	A	9	Pi_sensor	3	10	21322
20170630	267	A	10	Pi_sensor	2	10	16988
20170630	267	A	11	Pi_sensor	1	10	12945
20170630	267	A	12	Pi_sensor	0	10	10323
20170630	271	A	1	Pi_sensor	16	10	NA
20170630	271	A	2	Pi_sensor	14	10	NA
20170630	271	A	3	Pi_sensor	12	10	58980
20170630	271	A	4	Pi_sensor	10	10	51689
20170630	271	A	5	Pi_sensor	8	10	43801
20170630	271	A	6	Pi_sensor	6	10	35129
20170630	271	A	7	Pi_sensor	5	10	30564
20170630	271	A	8	Pi_sensor	4	10	25869
20170630	271	A	9	Pi_sensor	3	10	21330
20170630	271	A	10	Pi_sensor	2	10	17075
20170630	271	A	11	Pi_sensor	1	10	13140
20170630	271	A	12	Pi_sensor	0	10	10198
20170630	275	A	1	Pi_sensor	16	10	NA
20170630	275	A	2	Pi_sensor	14	10	NA
20170630	275	A	3	Pi_sensor	12	10	58915
20170630	275	A	4	Pi_sensor	10	10	51702
20170630	275	A	5	Pi_sensor	8	10	43790
20170630	275	A	6	Pi_sensor	6	10	35418
20170630	275	A	7	Pi_sensor	5	10	30780
20170630	275	A	8	Pi_sensor	4	10	25965
20170630	275	A	9	Pi_sensor	3	10	21251
20170630	275	A	10	Pi_sensor	2	10	17150
20170630	275	A	11	Pi_sensor	1	10	13065
20170630	275	A	12	Pi_sensor	0	10	10083
20170630	278	A	1	Pi_sensor	16	10	NA
20170630	278	A	2	Pi_sensor	14	10	NA
20170630	278	A	3	Pi_sensor	12	10	58879
20170630	278	A	4	Pi_sensor	10	10	51431
20170630	278	A	5	Pi_sensor	8	10	43813
20170630	278	A	6	Pi_sensor	6	10	35170
20170630	278	A	7	Pi_sensor	5	10	30735
20170630	278	A	8	Pi_sensor	4	10	25839
20170630	278	A	9	Pi_sensor	3	10	21281
20170630	278	A	10	Pi_sensor	2	10	17044
20170630	278	A	11	Pi_sensor	1	10	13033
20170630	278	A	12	Pi_sensor	0	10	10132
20170630	282	A	1	Pi_sensor	16	10	NA
20170630	282	A	2	Pi_sensor	14	10	NA
20170630	282	A	3	Pi_sensor	12	10	59002
20170630	282	A	4	Pi_sensor	10	10	51730
20170630	282	A	5	Pi_sensor	8	10	43529
20170630	282	A	6	Pi_sensor	6	10	35219
20170630	282	A	7	Pi_sensor	5	10	30707
20170630	282	A	8	Pi_sensor	4	10	25705
20170630	282	A	9	Pi_sensor	3	10	21411
20170630	282	A	10	Pi_sensor	2	10	17069
20170630	282	A	11	Pi_sensor	1	10	13117
20170630	282	A	12	Pi_sensor	0	10	10030
20170630	286	A	1	Pi_sensor	16	10	NA
20170630	286	A	2	Pi_sensor	14	10	NA
20170630	286	A	3	Pi_sensor	12	10	58446
20170630	286	A	4	Pi_sensor	10	10	51706
20170630	286	A	5	Pi_sensor	8	10	43594
20170630	286	A	6	Pi_sensor	6	10	35360
20170630	286	A	7	Pi_sensor	5	10	30525
20170630	286	A	8	Pi_sensor	4	10	25774
20170630	286	A	9	Pi_sensor	3	10	21327
20170630	286	A	10	Pi_sensor	2	10	17068
20170630	286	A	11	Pi_sensor	1	10	13034
20170630	286	A	12	Pi_sensor	0	10	10071
20170630	290	A	1	Pi_sensor	16	10	NA
20170630	290	A	2	Pi_sensor	14	10	NA
20170630	290	A	3	Pi_sensor	12	10	58477
20170630	290	A	4	Pi_sensor	10	10	51552
20170630	290	A	5	Pi_sensor	8	10	44123
20170630	290	A	6	Pi_sensor	6	10	35128
20170630	290	A	7	Pi_sensor	5	10	30827
20170630	290	A	8	Pi_sensor	4	10	25631
20170630	290	A	9	Pi_sensor	3	10	21670
20170630	290	A	10	Pi_sensor	2	10	17038
20170630	290	A	11	Pi_sensor	1	10	13017
20170630	290	A	12	Pi_sensor	0	10	10195
20170630	294	A	1	Pi_sensor	16	10	NA
20170630	294	A	2	Pi_sensor	14	10	63421
20170630	294	A	3	Pi_sensor	12	10	58648
20170630	294	A	4	Pi_sensor	10	10	51726
20170630	294	A	5	Pi_sensor	8	10	43301
20170630	294	A	6	Pi_sensor	6	10	34845
20170630	294	A	7	Pi_sensor	5	10	30471
20170630	294	A	8	Pi_sensor	4	10	25913
20170630	294	A	9	Pi_sensor	3	10	21399
20170630	294	A	10	Pi_sensor	2	10	16985
20170630	294	A	11	Pi_sensor	1	10	13004
20170630	294	A	12	Pi_sensor	0	10	10105
20170630	298	A	1	Pi_sensor	16	10	NA
20170630	298	A	2	Pi_sensor	14	10	NA
20170630	298	A	3	Pi_sensor	12	10	58318
20170630	298	A	4	Pi_sensor	10	10	51378
20170630	298	A	5	Pi_sensor	8	10	43598
20170630	298	A	6	Pi_sensor	6	10	35036
20170630	298	A	7	Pi_sensor	5	10	30666
20170630	298	A	8	Pi_sensor	4	10	25694
20170630	298	A	9	Pi_sensor	3	10	21248
20170630	298	A	10	Pi_sensor	2	10	17061
20170630	298	A	11	Pi_sensor	1	10	12950
20170630	298	A	12	Pi_sensor	0	10	10169
20170630	302	A	1	Pi_sensor	16	10	NA
20170630	302	A	2	Pi_sensor	14	10	NA
20170630	302	A	3	Pi_sensor	12	10	58542
20170630	302	A	4	Pi_sensor	10	10	51537
20170630	302	A	5	Pi_sensor	8	10	43410
20170630	302	A	6	Pi_sensor	6	10	34941
20170630	302	A	7	Pi_sensor	5	10	30237
20170630	302	A	8	Pi_sensor	4	10	25519
20170630	302	A	9	Pi_sensor	3	10	21363
20170630	302	A	10	Pi_sensor	2	10	16968
20170630	302	A	11	Pi_sensor	1	10	12862
20170630	302	A	12	Pi_sensor	0	10	10049
20170630	306	A	1	Pi_sensor	16	10	NA
20170630	306	A	2	Pi_sensor	14	10	NA
20170630	306	A	3	Pi_sensor	12	10	58422
20170630	306	A	4	Pi_sensor	10	10	51600
20170630	306	A	5	Pi_sensor	8	10	43255
20170630	306	A	6	Pi_sensor	6	10	35088
20170630	306	A	7	Pi_sensor	5	10	30356
20170630	306	A	8	Pi_sensor	4	10	25660
20170630	306	A	9	Pi_sensor	3	10	21116
20170630	306	A	10	Pi_sensor	2	10	16884
20170630	306	A	11	Pi_sensor	1	10	12987
20170630	306	A	12	Pi_sensor	0	10	10054
20170630	309	A	1	Pi_sensor	16	10	NA
20170630	309	A	2	Pi_sensor	14	10	NA
20170630	309	A	3	Pi_sensor	12	10	58439
20170630	309	A	4	Pi_sensor	10	10	51333
20170630	309	A	5	Pi_sensor	8	10	43395
20170630	309	A	6	Pi_sensor	6	10	34696
20170630	309	A	7	Pi_sensor	5	10	30359
20170630	309	A	8	Pi_sensor	4	10	25593
20170630	309	A	9	Pi_sensor	3	10	21268
20170630	309	A	10	Pi_sensor	2	10	16977
20170630	309	A	11	Pi_sensor	1	10	13014
20170630	309	A	12	Pi_sensor	0	10	10126
20170630	313	A	1	Pi_sensor	16	10	NA
20170630	313	A	2	Pi_sensor	14	10	63484
20170630	313	A	3	Pi_sensor	12	10	58341
20170630	313	A	4	Pi_sensor	10	10	51180
20170630	313	A	5	Pi_sensor	8	10	43307
20170630	313	A	6	Pi_sensor	6	10	34910
20170630	313	A	7	Pi_sensor	5	10	30418
20170630	313	A	8	Pi_sensor	4	10	25646
20170630	313	A	9	Pi_sensor	3	10	21013
20170630	313	A	10	Pi_sensor	2	10	16606
20170630	313	A	11	Pi_sensor	1	10	12927
20170630	313	A	12	Pi_sensor	0	10	10121
20170630	317	A	1	Pi_sensor	16	10	NA
20170630	317	A	2	Pi_sensor	14	10	NA
20170630	317	A	3	Pi_sensor	12	10	58587
20170630	317	A	4	Pi_sensor	10	10	51105
20170630	317	A	5	Pi_sensor	8	10	43308
20170630	317	A	6	Pi_sensor	6	10	34702
20170630	317	A	7	Pi_sensor	5	10	30168
20170630	317	A	8	Pi_sensor	4	10	25535
20170630	317	A	9	Pi_sensor	3	10	21283
20170630	317	A	10	Pi_sensor	2	10	16938
20170630	317	A	11	Pi_sensor	1	10	12913
20170630	317	A	12	Pi_sensor	0	10	10049
20170630	321	A	1	Pi_sensor	16	10	NA
20170630	321	A	2	Pi_sensor	14	10	NA
20170630	321	A	3	Pi_sensor	12	10	58160
20170630	321	A	4	Pi_sensor	10	10	51114
20170630	321	A	5	Pi_sensor	8	10	42864
20170630	321	A	6	Pi_sensor	6	10	34931
20170630	321	A	7	Pi_sensor	5	10	30014
20170630	321	A	8	Pi_sensor	4	10	25579
20170630	321	A	9	Pi_sensor	3	10	21138
20170630	321	A	10	Pi_sensor	2	10	16958
20170630	321	A	11	Pi_sensor	1	10	12854
20170630	321	A	12	Pi_sensor	0	10	10084
20170630	325	A	1	Pi_sensor	16	10	NA
20170630	325	A	2	Pi_sensor	14	10	NA
20170630	325	A	3	Pi_sensor	12	10	58090
20170630	325	A	4	Pi_sensor	10	10	51208
20170630	325	A	5	Pi_sensor	8	10	43291
20170630	325	A	6	Pi_sensor	6	10	34978
20170630	325	A	7	Pi_sensor	5	10	30224
20170630	325	A	8	Pi_sensor	4	10	25516
20170630	325	A	9	Pi_sensor	3	10	21104
20170630	325	A	10	Pi_sensor	2	10	16884
20170630	325	A	11	Pi_sensor	1	10	12793
20170630	325	A	12	Pi_sensor	0	10	10111
20170630	329	A	1	Pi_sensor	16	10	NA
20170630	329	A	2	Pi_sensor	14	10	NA
20170630	329	A	3	Pi_sensor	12	10	57866
20170630	329	A	4	Pi_sensor	10	10	51272
20170630	329	A	5	Pi_sensor	8	10	43656
20170630	329	A	6	Pi_sensor	6	10	34748
20170630	329	A	7	Pi_sensor	5	10	30394
20170630	329	A	8	Pi_sensor	4	10	25379
20170630	329	A	9	Pi_sensor	3	10	21162
20170630	329	A	10	Pi_sensor	2	10	17037
20170630	329	A	11	Pi_sensor	1	10	12803
20170630	329	A	12	Pi_sensor	0	10	10102
20170630	333	A	1	Pi_sensor	16	10	NA
20170630	333	A	2	Pi_sensor	14	10	62996
20170630	333	A	3	Pi_sensor	12	10	58197
20170630	333	A	4	Pi_sensor	10	10	51193
20170630	333	A	5	Pi_sensor	8	10	43137
20170630	333	A	6	Pi_sensor	6	10	34801
20170630	333	A	7	Pi_sensor	5	10	30201
20170630	333	A	8	Pi_sensor	4	10	25413
20170630	333	A	9	Pi_sensor	3	10	21007
20170630	333	A	10	Pi_sensor	2	10	16853
20170630	333	A	11	Pi_sensor	1	10	12837
20170630	333	A	12	Pi_sensor	0	10	9952
20170630	337	A	1	Pi_sensor	16	10	NA
20170630	337	A	2	Pi_sensor	14	10	NA
20170630	337	A	3	Pi_sensor	12	10	57989
20170630	337	A	4	Pi_sensor	10	10	51249
20170630	337	A	5	Pi_sensor	8	10	43138
20170630	337	A	6	Pi_sensor	6	10	35014
20170630	337	A	7	Pi_sensor	5	10	29910
20170630	337	A	8	Pi_sensor	4	10	25470
20170630	337	A	9	Pi_sensor	3	10	21073
20170630	337	A	10	Pi_sensor	2	10	16745
20170630	337	A	11	Pi_sensor	1	10	12981
20170630	337	A	12	Pi_sensor	0	10	10150
20170630	340	A	1	Pi_sensor	16	10	NA
20170630	340	A	2	Pi_sensor	14	10	NA
20170630	340	A	3	Pi_sensor	12	10	58331
20170630	340	A	4	Pi_sensor	10	10	50616
20170630	340	A	5	Pi_sensor	8	10	43303
20170630	340	A	6	Pi_sensor	6	10	34717
20170630	340	A	7	Pi_sensor	5	10	30301
20170630	340	A	8	Pi_sensor	4	10	25457
20170630	340	A	9	Pi_sensor	3	10	21210
20170630	340	A	10	Pi_sensor	2	10	16937
20170630	340	A	11	Pi_sensor	1	10	12884
20170630	340	A	12	Pi_sensor	0	10	10079
20170630	344	A	1	Pi_sensor	16	10	NA
20170630	344	A	2	Pi_sensor	14	10	63197
20170630	344	A	3	Pi_sensor	12	10	58952
20170630	344	A	4	Pi_sensor	10	10	50889
20170630	344	A	5	Pi_sensor	8	10	43235
20170630	344	A	6	Pi_sensor	6	10	34599
20170630	344	A	7	Pi_sensor	5	10	30180
20170630	344	A	8	Pi_sensor	4	10	25544
20170630	344	A	9	Pi_sensor	3	10	21147
20170630	344	A	10	Pi_sensor	2	10	16673
20170630	344	A	11	Pi_sensor	1	10	12906
20170630	344	A	12	Pi_sensor	0	10	10021
20170630	348	A	1	Pi_sensor	16	10	NA
20170630	348	A	2	Pi_sensor	14	10	NA
20170630	348	A	3	Pi_sensor	12	10	57772
20170630	348	A	4	Pi_sensor	10	10	51334
20170630	348	A	5	Pi_sensor	8	10	42889
20170630	348	A	6	Pi_sensor	6	10	34423
20170630	348	A	7	Pi_sensor	5	10	30192
20170630	348	A	8	Pi_sensor	4	10	26004
20170630	348	A	9	Pi_sensor	3	10	20943
20170630	348	A	10	Pi_sensor	2	10	16870
20170630	348	A	11	Pi_sensor	1	10	12915
20170630	348	A	12	Pi_sensor	0	10	10090
20170630	352	A	1	Pi_sensor	16	10	NA
20170630	352	A	2	Pi_sensor	14	10	62779
20170630	352	A	3	Pi_sensor	12	10	58052
20170630	352	A	4	Pi_sensor	10	10	50836
20170630	352	A	5	Pi_sensor	8	10	43081
20170630	352	A	6	Pi_sensor	6	10	34830
20170630	352	A	7	Pi_sensor	5	10	30260
20170630	352	A	8	Pi_sensor	4	10	25660
20170630	352	A	9	Pi_sensor	3	10	20930
20170630	352	A	10	Pi_sensor	2	10	16771
20170630	352	A	11	Pi_sensor	1	10	12887
20170630	352	A	12	Pi_sensor	0	10	10053
20170630	356	A	1	Pi_sensor	16	10	NA
20170630	356	A	2	Pi_sensor	14	10	NA
20170630	356	A	3	Pi_sensor	12	10	57788
20170630	356	A	4	Pi_sensor	10	10	50930
20170630	356	A	5	Pi_sensor	8	10	43403
20170630	356	A	6	Pi_sensor	6	10	34744
20170630	356	A	7	Pi_sensor	5	10	29957
20170630	356	A	8	Pi_sensor	4	10	25318
20170630	356	A	9	Pi_sensor	3	10	21038
20170630	356	A	10	Pi_sensor	2	10	16860
20170630	356	A	11	Pi_sensor	1	10	12872
20170630	356	A	12	Pi_sensor	0	10	10097
20170630	360	A	1	Pi_sensor	16	10	NA
20170630	360	A	2	Pi_sensor	14	10	NA
20170630	360	A	3	Pi_sensor	12	10	57784
20170630	360	A	4	Pi_sensor	10	10	50982
20170630	360	A	5	Pi_sensor	8	10	43249
20170630	360	A	6	Pi_sensor	6	10	34506
20170630	360	A	7	Pi_sensor	5	10	30132
20170630	360	A	8	Pi_sensor	4	10	25486
20170630	360	A	9	Pi_sensor	3	10	20882
20170630	360	A	10	Pi_sensor	2	10	16746
20170630	360	A	11	Pi_sensor	1	10	12873
20170630	360	A	12	Pi_sensor	0	10	10022
20170630	364	A	1	Pi_sensor	16	10	NA
20170630	364	A	2	Pi_sensor	14	10	NA
20170630	364	A	3	Pi_sensor	12	10	57550
20170630	364	A	4	Pi_sensor	10	10	50670
20170630	364	A	5	Pi_sensor	8	10	43049
20170630	364	A	6	Pi_sensor	6	10	34513
20170630	364	A	7	Pi_sensor	5	10	30217
20170630	364	A	8	Pi_sensor	4	10	25500
20170630	364	A	9	Pi_sensor	3	10	21285
20170630	364	A	10	Pi_sensor	2	10	16695
20170630	364	A	11	Pi_sensor	1	10	12927
20170630	364	A	12	Pi_sensor	0	10	10077
20170630	367	A	1	Pi_sensor	16	10	NA
20170630	367	A	2	Pi_sensor	14	10	62713
20170630	367	A	3	Pi_sensor	12	10	58163
20170630	367	A	4	Pi_sensor	10	10	50917
20170630	367	A	5	Pi_sensor	8	10	43152
20170630	367	A	6	Pi_sensor	6	10	34981
20170630	367	A	7	Pi_sensor	5	10	30021
20170630	367	A	8	Pi_sensor	4	10	25207
20170630	367	A	9	Pi_sensor	3	10	20940
20170630	367	A	10	Pi_sensor	2	10	16847
20170630	367	A	11	Pi_sensor	1	10	12808
20170630	367	A	12	Pi_sensor	0	10	10117
20170630	371	A	1	Pi_sensor	16	10	NA
20170630	371	A	2	Pi_sensor	14	10	62647
20170630	371	A	3	Pi_sensor	12	10	57584
20170630	371	A	4	Pi_sensor	10	10	51430
20170630	371	A	5	Pi_sensor	8	10	43183
20170630	371	A	6	Pi_sensor	6	10	34547
20170630	371	A	7	Pi_sensor	5	10	30086
20170630	371	A	8	Pi_sensor	4	10	25322
20170630	371	A	9	Pi_sensor	3	10	21055
20170630	371	A	10	Pi_sensor	2	10	16864
20170630	371	A	11	Pi_sensor	1	10	12810
20170630	371	A	12	Pi_sensor	0	10	10021
20170630	375	A	1	Pi_sensor	16	10	NA
20170630	375	A	2	Pi_sensor	14	10	63165
20170630	375	A	3	Pi_sensor	12	10	57873
20170630	375	A	4	Pi_sensor	10	10	51055
20170630	375	A	5	Pi_sensor	8	10	43196
20170630	375	A	6	Pi_sensor	6	10	34556
20170630	375	A	7	Pi_sensor	5	10	29806
20170630	375	A	8	Pi_sensor	4	10	25324
20170630	375	A	9	Pi_sensor	3	10	21107
20170630	375	A	10	Pi_sensor	2	10	16934
20170630	375	A	11	Pi_sensor	1	10	12932
20170630	375	A	12	Pi_sensor	0	10	10048
20170630	379	A	1	Pi_sensor	16	10	NA
20170630	379	A	2	Pi_sensor	14	10	63220
20170630	379	A	3	Pi_sensor	12	10	57300
20170630	379	A	4	Pi_sensor	10	10	51006
20170630	379	A	5	Pi_sensor	8	10	42897
20170630	379	A	6	Pi_sensor	6	10	34377
20170630	379	A	7	Pi_sensor	5	10	30047
20170630	379	A	8	Pi_sensor	4	10	25326
20170630	379	A	9	Pi_sensor	3	10	21001
20170630	379	A	10	Pi_sensor	2	10	16850
20170630	379	A	11	Pi_sensor	1	10	12749
20170630	379	A	12	Pi_sensor	0	10	9988
20170630	383	A	1	Pi_sensor	16	10	NA
20170630	383	A	2	Pi_sensor	14	10	62932
20170630	383	A	3	Pi_sensor	12	10	57596
20170630	383	A	4	Pi_sensor	10	10	51078
20170630	383	A	5	Pi_sensor	8	10	43027
20170630	383	A	6	Pi_sensor	6	10	34540
20170630	383	A	7	Pi_sensor	5	10	29921
20170630	383	A	8	Pi_sensor	4	10	25257
20170630	383	A	9	Pi_sensor	3	10	21040
20170630	383	A	10	Pi_sensor	2	10	16780
20170630	383	A	11	Pi_sensor	1	10	12856
20170630	383	A	12	Pi_sensor	0	10	10009
20170630	387	A	1	Pi_sensor	16	10	NA
20170630	387	A	2	Pi_sensor	14	10	62521
20170630	387	A	3	Pi_sensor	12	10	57835
20170630	387	A	4	Pi_sensor	10	10	50847
20170630	387	A	5	Pi_sensor	8	10	43552
20170630	387	A	6	Pi_sensor	6	10	34578
20170630	387	A	7	Pi_sensor	5	10	30074
20170630	387	A	8	Pi_sensor	4	10	25114
20170630	387	A	9	Pi_sensor	3	10	21163
20170630	387	A	10	Pi_sensor	2	10	16814
20170630	387	A	11	Pi_sensor	1	10	12800
20170630	387	A	12	Pi_sensor	0	10	10019
20170630	391	A	1	Pi_sensor	16	10	NA
20170630	391	A	2	Pi_sensor	14	10	62450
20170630	391	A	3	Pi_sensor	12	10	57598
20170630	391	A	4	Pi_sensor	10	10	50755
20170630	391	A	5	Pi_sensor	8	10	43004
20170630	391	A	6	Pi_sensor	6	10	34696
20170630	391	A	7	Pi_sensor	5	10	29972
20170630	391	A	8	Pi_sensor	4	10	25391
20170630	391	A	9	Pi_sensor	3	10	21103
20170630	391	A	10	Pi_sensor	2	10	16894
20170630	391	A	11	Pi_sensor	1	10	12948
20170630	391	A	12	Pi_sensor	0	10	10061
20170630	395	A	1	Pi_sensor	16	10	NA
20170630	395	A	2	Pi_sensor	14	10	62827
20170630	395	A	3	Pi_sensor	12	10	57436
20170630	395	A	4	Pi_sensor	10	10	51012
20170630	395	A	5	Pi_sensor	8	10	43072
20170630	395	A	6	Pi_sensor	6	10	34777
20170630	395	A	7	Pi_sensor	5	10	29800
20170630	395	A	8	Pi_sensor	4	10	25092
20170630	395	A	9	Pi_sensor	3	10	20898
20170630	395	A	10	Pi_sensor	2	10	16918
20170630	395	A	11	Pi_sensor	1	10	12706
20170630	395	A	12	Pi_sensor	0	10	10055
20170630	398	A	1	Pi_sensor	16	10	NA
20170630	398	A	2	Pi_sensor	14	10	62861
20170630	398	A	3	Pi_sensor	12	10	57568
20170630	398	A	4	Pi_sensor	10	10	50837
20170630	398	A	5	Pi_sensor	8	10	42431
20170630	398	A	6	Pi_sensor	6	10	34741
20170630	398	A	7	Pi_sensor	5	10	29900
20170630	398	A	8	Pi_sensor	4	10	25430
20170630	398	A	9	Pi_sensor	3	10	20885
20170630	398	A	10	Pi_sensor	2	10	16706
20170630	398	A	11	Pi_sensor	1	10	12647
20170630	398	A	12	Pi_sensor	0	10	10137
20170630	402	A	1	Pi_sensor	16	10	NA
20170630	402	A	2	Pi_sensor	14	10	62791
20170630	402	A	3	Pi_sensor	12	10	57345
20170630	402	A	4	Pi_sensor	10	10	50378
20170630	402	A	5	Pi_sensor	8	10	42836
20170630	402	A	6	Pi_sensor	6	10	34604
20170630	402	A	7	Pi_sensor	5	10	29924
20170630	402	A	8	Pi_sensor	4	10	25286
20170630	402	A	9	Pi_sensor	3	10	20962
20170630	402	A	10	Pi_sensor	2	10	16738
20170630	402	A	11	Pi_sensor	1	10	12800
20170630	402	A	12	Pi_sensor	0	10	10037
20170630	406	A	1	Pi_sensor	16	10	NA
20170630	406	A	2	Pi_sensor	14	10	62079
20170630	406	A	3	Pi_sensor	12	10	57747
20170630	406	A	4	Pi_sensor	10	10	50433
20170630	406	A	5	Pi_sensor	8	10	42948
20170630	406	A	6	Pi_sensor	6	10	34383
20170630	406	A	7	Pi_sensor	5	10	29870
20170630	406	A	8	Pi_sensor	4	10	25176
20170630	406	A	9	Pi_sensor	3	10	20850
20170630	406	A	10	Pi_sensor	2	10	16755
20170630	406	A	11	Pi_sensor	1	10	12771
20170630	406	A	12	Pi_sensor	0	10	9913
20170630	410	A	1	Pi_sensor	16	10	NA
20170630	410	A	2	Pi_sensor	14	10	62389
20170630	410	A	3	Pi_sensor	12	10	57350
20170630	410	A	4	Pi_sensor	10	10	50708
20170630	410	A	5	Pi_sensor	8	10	42890
20170630	410	A	6	Pi_sensor	6	10	34633
20170630	410	A	7	Pi_sensor	5	10	29904
20170630	410	A	8	Pi_sensor	4	10	25448
20170630	410	A	9	Pi_sensor	3	10	20898
20170630	410	A	10	Pi_sensor	2	10	16754
20170630	410	A	11	Pi_sensor	1	10	12845
20170630	410	A	12	Pi_sensor	0	10	10024
20170630	414	A	1	Pi_sensor	16	10	NA
20170630	414	A	2	Pi_sensor	14	10	62296
20170630	414	A	3	Pi_sensor	12	10	57136
20170630	414	A	4	Pi_sensor	10	10	51312
20170630	414	A	5	Pi_sensor	8	10	42660
20170630	414	A	6	Pi_sensor	6	10	34859
20170630	414	A	7	Pi_sensor	5	10	29420
20170630	414	A	8	Pi_sensor	4	10	25262
20170630	414	A	9	Pi_sensor	3	10	21026
20170630	414	A	10	Pi_sensor	2	10	16750
20170630	414	A	11	Pi_sensor	1	10	12721
20170630	414	A	12	Pi_sensor	0	10	10111
20170630	418	A	1	Pi_sensor	16	10	NA
20170630	418	A	2	Pi_sensor	14	10	62484
20170630	418	A	3	Pi_sensor	12	10	57327
20170630	418	A	4	Pi_sensor	10	10	50578
20170630	418	A	5	Pi_sensor	8	10	42928
20170630	418	A	6	Pi_sensor	6	10	34346
20170630	418	A	7	Pi_sensor	5	10	30115
20170630	418	A	8	Pi_sensor	4	10	25011
20170630	418	A	9	Pi_sensor	3	10	21029
20170630	418	A	10	Pi_sensor	2	10	16729
20170630	418	A	11	Pi_sensor	1	10	12841
20170630	418	A	12	Pi_sensor	0	10	10018
20170630	422	A	1	Pi_sensor	16	10	NA
20170630	422	A	2	Pi_sensor	14	10	62381
20170630	422	A	3	Pi_sensor	12	10	57335
20170630	422	A	4	Pi_sensor	10	10	50712
20170630	422	A	5	Pi_sensor	8	10	42710
20170630	422	A	6	Pi_sensor	6	10	34298
20170630	422	A	7	Pi_sensor	5	10	30040
20170630	422	A	8	Pi_sensor	4	10	25213
20170630	422	A	9	Pi_sensor	3	10	20914
20170630	422	A	10	Pi_sensor	2	10	16665
20170630	422	A	11	Pi_sensor	1	10	12917
20170630	422	A	12	Pi_sensor	0	10	10013
20170630	426	A	1	Pi_sensor	16	10	NA
20170630	426	A	2	Pi_sensor	14	10	62259
20170630	426	A	3	Pi_sensor	12	10	57219
20170630	426	A	4	Pi_sensor	10	10	50519
20170630	426	A	5	Pi_sensor	8	10	42815
20170630	426	A	6	Pi_sensor	6	10	34371
20170630	426	A	7	Pi_sensor	5	10	30112
20170630	426	A	8	Pi_sensor	4	10	24989
20170630	426	A	9	Pi_sensor	3	10	20960
20170630	426	A	10	Pi_sensor	2	10	16793
20170630	426	A	11	Pi_sensor	1	10	12790
20170630	426	A	12	Pi_sensor	0	10	10071
20170630	429	A	1	Pi_sensor	16	10	NA
20170630	429	A	2	Pi_sensor	14	10	62251
20170630	429	A	3	Pi_sensor	12	10	57058
20170630	429	A	4	Pi_sensor	10	10	50765
20170630	429	A	5	Pi_sensor	8	10	42949
20170630	429	A	6	Pi_sensor	6	10	34357
20170630	429	A	7	Pi_sensor	5	10	29906
20170630	429	A	8	Pi_sensor	4	10	25116
20170630	429	A	9	Pi_sensor	3	10	20827
20170630	429	A	10	Pi_sensor	2	10	16625
20170630	429	A	11	Pi_sensor	1	10	12844
20170630	429	A	12	Pi_sensor	0	10	10107
20170630	433	A	1	Pi_sensor	16	10	NA
20170630	433	A	2	Pi_sensor	14	10	62446
20170630	433	A	3	Pi_sensor	12	10	56735
20170630	433	A	4	Pi_sensor	10	10	50456
20170630	433	A	5	Pi_sensor	8	10	42600
20170630	433	A	6	Pi_sensor	6	10	34519
20170630	433	A	7	Pi_sensor	5	10	29936
20170630	433	A	8	Pi_sensor	4	10	25167
20170630	433	A	9	Pi_sensor	3	10	20930
20170630	433	A	10	Pi_sensor	2	10	16776
20170630	433	A	11	Pi_sensor	1	10	12926
20170630	433	A	12	Pi_sensor	0	10	10038
20170630	437	A	1	Pi_sensor	16	10	NA
20170630	437	A	2	Pi_sensor	14	10	62577
20170630	437	A	3	Pi_sensor	12	10	57190
20170630	437	A	4	Pi_sensor	10	10	50324
20170630	437	A	5	Pi_sensor	8	10	42460
20170630	437	A	6	Pi_sensor	6	10	34490
20170630	437	A	7	Pi_sensor	5	10	29836
20170630	437	A	8	Pi_sensor	4	10	25033
20170630	437	A	9	Pi_sensor	3	10	21062
20170630	437	A	10	Pi_sensor	2	10	16746
20170630	437	A	11	Pi_sensor	1	10	12845
20170630	437	A	12	Pi_sensor	0	10	10036
20170630	441	A	1	Pi_sensor	16	10	NA
20170630	441	A	2	Pi_sensor	14	10	62674
20170630	441	A	3	Pi_sensor	12	10	57258
20170630	441	A	4	Pi_sensor	10	10	50623
20170630	441	A	5	Pi_sensor	8	10	42457
20170630	441	A	6	Pi_sensor	6	10	34455
20170630	441	A	7	Pi_sensor	5	10	29710
20170630	441	A	8	Pi_sensor	4	10	25106
20170630	441	A	9	Pi_sensor	3	10	20868
20170630	441	A	10	Pi_sensor	2	10	16865
20170630	441	A	11	Pi_sensor	1	10	12707
20170630	441	A	12	Pi_sensor	0	10	9963
20170630	445	A	1	Pi_sensor	16	10	NA
20170630	445	A	2	Pi_sensor	14	10	62234
20170630	445	A	3	Pi_sensor	12	10	57293
20170630	445	A	4	Pi_sensor	10	10	50513
20170630	445	A	5	Pi_sensor	8	10	42934
20170630	445	A	6	Pi_sensor	6	10	34465
20170630	445	A	7	Pi_sensor	5	10	29836
20170630	445	A	8	Pi_sensor	4	10	25070
20170630	445	A	9	Pi_sensor	3	10	20916
20170630	445	A	10	Pi_sensor	2	10	16696
20170630	445	A	11	Pi_sensor	1	10	12828
20170630	445	A	12	Pi_sensor	0	10	10056
20170630	449	A	1	Pi_sensor	16	10	NA
20170630	449	A	2	Pi_sensor	14	10	62372
20170630	449	A	3	Pi_sensor	12	10	57108
20170630	449	A	4	Pi_sensor	10	10	50659
20170630	449	A	5	Pi_sensor	8	10	42393
20170630	449	A	6	Pi_sensor	6	10	34339
20170630	449	A	7	Pi_sensor	5	10	29859
20170630	449	A	8	Pi_sensor	4	10	25321
20170630	449	A	9	Pi_sensor	3	10	20786
20170630	449	A	10	Pi_sensor	2	10	16646
20170630	449	A	11	Pi_sensor	1	10	12797
20170630	449	A	12	Pi_sensor	0	10	10002
20170630	453	A	1	Pi_sensor	16	10	NA
20170630	453	A	2	Pi_sensor	14	10	62423
20170630	453	A	3	Pi_sensor	12	10	57185
20170630	453	A	4	Pi_sensor	10	10	50692
20170630	453	A	5	Pi_sensor	8	10	42348
20170630	453	A	6	Pi_sensor	6	10	34781
20170630	453	A	7	Pi_sensor	5	10	29802
20170630	453	A	8	Pi_sensor	4	10	25098
20170630	453	A	9	Pi_sensor	3	10	20855
20170630	453	A	10	Pi_sensor	2	10	16878
20170630	453	A	11	Pi_sensor	1	10	12824
20170630	453	A	12	Pi_sensor	0	10	10016
20170630	456	A	1	Pi_sensor	16	10	NA
20170630	456	A	2	Pi_sensor	14	10	62287
20170630	456	A	3	Pi_sensor	12	10	57311
20170630	456	A	4	Pi_sensor	10	10	50337
20170630	456	A	5	Pi_sensor	8	10	42246
20170630	456	A	6	Pi_sensor	6	10	34576
20170630	456	A	7	Pi_sensor	5	10	29731
20170630	456	A	8	Pi_sensor	4	10	25070
20170630	456	A	9	Pi_sensor	3	10	20789
20170630	456	A	10	Pi_sensor	2	10	16700
20170630	456	A	11	Pi_sensor	1	10	12725
20170630	456	A	12	Pi_sensor	0	10	10121
20170630	460	A	1	Pi_sensor	16	10	NA
20170630	460	A	2	Pi_sensor	14	10	61852
20170630	460	A	3	Pi_sensor	12	10	56885
20170630	460	A	4	Pi_sensor	10	10	50343
20170630	460	A	5	Pi_sensor	8	10	42749
20170630	460	A	6	Pi_sensor	6	10	34436
20170630	460	A	7	Pi_sensor	5	10	29714
20170630	460	A	8	Pi_sensor	4	10	25203
20170630	460	A	9	Pi_sensor	3	10	20754
20170630	460	A	10	Pi_sensor	2	10	16727
20170630	460	A	11	Pi_sensor	1	10	12693
20170630	460	A	12	Pi_sensor	0	10	10052
20170630	464	A	1	Pi_sensor	16	10	NA
20170630	464	A	2	Pi_sensor	14	10	62357
20170630	464	A	3	Pi_sensor	12	10	57145
20170630	464	A	4	Pi_sensor	10	10	50260
20170630	464	A	5	Pi_sensor	8	10	42611
20170630	464	A	6	Pi_sensor	6	10	34420
20170630	464	A	7	Pi_sensor	5	10	29906
20170630	464	A	8	Pi_sensor	4	10	25123
20170630	464	A	9	Pi_sensor	3	10	20844
20170630	464	A	10	Pi_sensor	2	10	16631
20170630	464	A	11	Pi_sensor	1	10	12791
20170630	464	A	12	Pi_sensor	0	10	10033
20170630	468	A	1	Pi_sensor	16	10	NA
20170630	468	A	2	Pi_sensor	14	10	61952
20170630	468	A	3	Pi_sensor	12	10	57631
20170630	468	A	4	Pi_sensor	10	10	50085
20170630	468	A	5	Pi_sensor	8	10	42341
20170630	468	A	6	Pi_sensor	6	10	34362
20170630	468	A	7	Pi_sensor	5	10	29421
20170630	468	A	8	Pi_sensor	4	10	25170
20170630	468	A	9	Pi_sensor	3	10	20800
20170630	468	A	10	Pi_sensor	2	10	16634
20170630	468	A	11	Pi_sensor	1	10	12667
20170630	468	A	12	Pi_sensor	0	10	9971
20170630	472	A	1	Pi_sensor	16	10	NA
20170630	472	A	2	Pi_sensor	14	10	61760
20170630	472	A	3	Pi_sensor	12	10	57145
20170630	472	A	4	Pi_sensor	10	10	50531
20170630	472	A	5	Pi_sensor	8	10	42405
20170630	472	A	6	Pi_sensor	6	10	34479
20170630	472	A	7	Pi_sensor	5	10	29671
20170630	472	A	8	Pi_sensor	4	10	25127
20170630	472	A	9	Pi_sensor	3	10	20777
20170630	472	A	10	Pi_sensor	2	10	16747
20170630	472	A	11	Pi_sensor	1	10	12604
20170630	472	A	12	Pi_sensor	0	10	9933
20170630	476	A	1	Pi_sensor	16	10	NA
20170630	476	A	2	Pi_sensor	14	10	62044
20170630	476	A	3	Pi_sensor	12	10	57344
20170630	476	A	4	Pi_sensor	10	10	50201
20170630	476	A	5	Pi_sensor	8	10	42479
20170630	476	A	6	Pi_sensor	6	10	34393
20170630	476	A	7	Pi_sensor	5	10	29771
20170630	476	A	8	Pi_sensor	4	10	25365
20170630	476	A	9	Pi_sensor	3	10	20750
20170630	476	A	10	Pi_sensor	2	10	16613
20170630	476	A	11	Pi_sensor	1	10	12747
20170630	476	A	12	Pi_sensor	0	10	9982
20170630	480	A	1	Pi_sensor	16	10	NA
20170630	480	A	2	Pi_sensor	14	10	62396
20170630	480	A	3	Pi_sensor	12	10	56958
20170630	480	A	4	Pi_sensor	10	10	50805
20170630	480	A	5	Pi_sensor	8	10	43049
20170630	480	A	6	Pi_sensor	6	10	34108
20170630	480	A	7	Pi_sensor	5	10	29653
20170630	480	A	8	Pi_sensor	4	10	24951
20170630	480	A	9	Pi_sensor	3	10	20751
20170630	480	A	10	Pi_sensor	2	10	16633
20170630	480	A	11	Pi_sensor	1	10	12829
20170630	480	A	12	Pi_sensor	0	10	10030
20170630	484	A	1	Pi_sensor	16	10	NA
20170630	484	A	2	Pi_sensor	14	10	NA
20170630	484	A	3	Pi_sensor	12	10	56743
20170630	484	A	4	Pi_sensor	10	10	50633
20170630	484	A	5	Pi_sensor	8	10	41874
20170630	484	A	6	Pi_sensor	6	10	34200
20170630	484	A	7	Pi_sensor	5	10	29549
20170630	484	A	8	Pi_sensor	4	10	25154
20170630	484	A	9	Pi_sensor	3	10	20838
20170630	484	A	10	Pi_sensor	2	10	16851
20170630	484	A	11	Pi_sensor	1	10	12760
20170630	484	A	12	Pi_sensor	0	10	9933
20170630	487	A	1	Pi_sensor	16	10	NA
20170630	487	A	2	Pi_sensor	14	10	61692
20170630	487	A	3	Pi_sensor	12	10	56733
20170630	487	A	4	Pi_sensor	10	10	50776
20170630	487	A	5	Pi_sensor	8	10	42394
20170630	487	A	6	Pi_sensor	6	10	34214
20170630	487	A	7	Pi_sensor	5	10	29594
20170630	487	A	8	Pi_sensor	4	10	25043
20170630	487	A	9	Pi_sensor	3	10	20987
20170630	487	A	10	Pi_sensor	2	10	16552
20170630	487	A	11	Pi_sensor	1	10	12759
20170630	487	A	12	Pi_sensor	0	10	10102
20170630	491	A	1	Pi_sensor	16	10	NA
20170630	491	A	2	Pi_sensor	14	10	62268
20170630	491	A	3	Pi_sensor	12	10	57207
20170630	491	A	4	Pi_sensor	10	10	50307
20170630	491	A	5	Pi_sensor	8	10	42868
20170630	491	A	6	Pi_sensor	6	10	34105
20170630	491	A	7	Pi_sensor	5	10	29794
20170630	491	A	8	Pi_sensor	4	10	24904
20170630	491	A	9	Pi_sensor	3	10	20864
20170630	491	A	10	Pi_sensor	2	10	16625
20170630	491	A	11	Pi_sensor	1	10	12840
20170630	491	A	12	Pi_sensor	0	10	9889
20170630	495	A	1	Pi_sensor	16	10	NA
20170630	495	A	2	Pi_sensor	14	10	61907
20170630	495	A	3	Pi_sensor	12	10	56693
20170630	495	A	4	Pi_sensor	10	10	50554
20170630	495	A	5	Pi_sensor	8	10	42514
20170630	495	A	6	Pi_sensor	6	10	34307
20170630	495	A	7	Pi_sensor	5	10	29826
20170630	495	A	8	Pi_sensor	4	10	24956
20170630	495	A	9	Pi_sensor	3	10	20690
20170630	495	A	10	Pi_sensor	2	10	16677
20170630	495	A	11	Pi_sensor	1	10	12748
20170630	495	A	12	Pi_sensor	0	10	10060
20170630	499	A	1	Pi_sensor	16	10	NA
20170630	499	A	2	Pi_sensor	14	10	61981
20170630	499	A	3	Pi_sensor	12	10	56308
20170630	499	A	4	Pi_sensor	10	10	50319
20170630	499	A	5	Pi_sensor	8	10	42420
20170630	499	A	6	Pi_sensor	6	10	34474
20170630	499	A	7	Pi_sensor	5	10	29465
20170630	499	A	8	Pi_sensor	4	10	25234
20170630	499	A	9	Pi_sensor	3	10	20680
20170630	499	A	10	Pi_sensor	2	10	16654
20170630	499	A	11	Pi_sensor	1	10	12748
20170630	499	A	12	Pi_sensor	0	10	10032
20170630	503	A	1	Pi_sensor	16	10	NA
20170630	503	A	2	Pi_sensor	14	10	62316
20170630	503	A	3	Pi_sensor	12	10	56694
20170630	503	A	4	Pi_sensor	10	10	50513
20170630	503	A	5	Pi_sensor	8	10	42470
20170630	503	A	6	Pi_sensor	6	10	34073
20170630	503	A	7	Pi_sensor	5	10	29499
20170630	503	A	8	Pi_sensor	4	10	24928
20170630	503	A	9	Pi_sensor	3	10	20660
20170630	503	A	10	Pi_sensor	2	10	16634
20170630	503	A	11	Pi_sensor	1	10	12775
20170630	503	A	12	Pi_sensor	0	10	10020
20170630	507	A	1	Pi_sensor	16	10	NA
20170630	507	A	2	Pi_sensor	14	10	62126
20170630	507	A	3	Pi_sensor	12	10	57195
20170630	507	A	4	Pi_sensor	10	10	50238
20170630	507	A	5	Pi_sensor	8	10	42458
20170630	507	A	6	Pi_sensor	6	10	33963
20170630	507	A	7	Pi_sensor	5	10	29703
20170630	507	A	8	Pi_sensor	4	10	25123
20170630	507	A	9	Pi_sensor	3	10	20810
20170630	507	A	10	Pi_sensor	2	10	16656
20170630	507	A	11	Pi_sensor	1	10	12971
20170630	507	A	12	Pi_sensor	0	10	10026
20170630	511	A	1	Pi_sensor	16	10	NA
20170630	511	A	2	Pi_sensor	14	10	61883
20170630	511	A	3	Pi_sensor	12	10	57318
20170630	511	A	4	Pi_sensor	10	10	50211
20170630	511	A	5	Pi_sensor	8	10	42252
20170630	511	A	6	Pi_sensor	6	10	34219
20170630	511	A	7	Pi_sensor	5	10	29602
20170630	511	A	8	Pi_sensor	4	10	25220
20170630	511	A	9	Pi_sensor	3	10	20761
20170630	511	A	10	Pi_sensor	2	10	16646
20170630	511	A	11	Pi_sensor	1	10	12803
20170630	511	A	12	Pi_sensor	0	10	10133
20170630	515	A	1	Pi_sensor	16	10	NA
20170630	515	A	2	Pi_sensor	14	10	61453
20170630	515	A	3	Pi_sensor	12	10	56703
20170630	515	A	4	Pi_sensor	10	10	50446
20170630	515	A	5	Pi_sensor	8	10	42073
20170630	515	A	6	Pi_sensor	6	10	34379
20170630	515	A	7	Pi_sensor	5	10	29369
20170630	515	A	8	Pi_sensor	4	10	25044
20170630	515	A	9	Pi_sensor	3	10	20946
20170630	515	A	10	Pi_sensor	2	10	16843
20170630	515	A	11	Pi_sensor	1	10	12828
20170630	515	A	12	Pi_sensor	0	10	9980
20170630	519	A	1	Pi_sensor	16	10	NA
20170630	519	A	2	Pi_sensor	14	10	61869
20170630	519	A	3	Pi_sensor	12	10	56915
20170630	519	A	4	Pi_sensor	10	10	50420
20170630	519	A	5	Pi_sensor	8	10	42101
20170630	519	A	6	Pi_sensor	6	10	34089
20170630	519	A	7	Pi_sensor	5	10	29760
20170630	519	A	8	Pi_sensor	4	10	24996
20170630	519	A	9	Pi_sensor	3	10	20719
20170630	519	A	10	Pi_sensor	2	10	16512
20170630	519	A	11	Pi_sensor	1	10	12690
20170630	519	A	12	Pi_sensor	0	10	10021
20170630	523	A	1	Pi_sensor	16	10	NA
20170630	523	A	2	Pi_sensor	14	10	62123
20170630	523	A	3	Pi_sensor	12	10	56769
20170630	523	A	4	Pi_sensor	10	10	50157
20170630	523	A	5	Pi_sensor	8	10	42772
20170630	523	A	6	Pi_sensor	6	10	34029
20170630	523	A	7	Pi_sensor	5	10	29519
20170630	523	A	8	Pi_sensor	4	10	25148
20170630	523	A	9	Pi_sensor	3	10	20827
20170630	523	A	10	Pi_sensor	2	10	16576
20170630	523	A	11	Pi_sensor	1	10	12797
20170630	523	A	12	Pi_sensor	0	10	10045
20170630	526	A	1	Pi_sensor	16	10	NA
20170630	526	A	2	Pi_sensor	14	10	61723
20170630	526	A	3	Pi_sensor	12	10	56293
20170630	526	A	4	Pi_sensor	10	10	50475
20170630	526	A	5	Pi_sensor	8	10	42167
20170630	526	A	6	Pi_sensor	6	10	34417
20170630	526	A	7	Pi_sensor	5	10	29448
20170630	526	A	8	Pi_sensor	4	10	24732
20170630	526	A	9	Pi_sensor	3	10	20850
20170630	526	A	10	Pi_sensor	2	10	16487
20170630	526	A	11	Pi_sensor	1	10	12657
20170630	526	A	12	Pi_sensor	0	10	9992
20170630	530	A	1	Pi_sensor	16	10	NA
20170630	530	A	2	Pi_sensor	14	10	61744
20170630	530	A	3	Pi_sensor	12	10	56862
20170630	530	A	4	Pi_sensor	10	10	50507
20170630	530	A	5	Pi_sensor	8	10	42095
20170630	530	A	6	Pi_sensor	6	10	34222
20170630	530	A	7	Pi_sensor	5	10	29434
20170630	530	A	8	Pi_sensor	4	10	24864
20170630	530	A	9	Pi_sensor	3	10	20595
20170630	530	A	10	Pi_sensor	2	10	16706
20170630	530	A	11	Pi_sensor	1	10	12707
20170630	530	A	12	Pi_sensor	0	10	10027
20170630	534	A	1	Pi_sensor	16	10	NA
20170630	534	A	2	Pi_sensor	14	10	61814
20170630	534	A	3	Pi_sensor	12	10	56590
20170630	534	A	4	Pi_sensor	10	10	50577
20170630	534	A	5	Pi_sensor	8	10	42493
20170630	534	A	6	Pi_sensor	6	10	34118
20170630	534	A	7	Pi_sensor	5	10	29569
20170630	534	A	8	Pi_sensor	4	10	25074
20170630	534	A	9	Pi_sensor	3	10	20720
20170630	534	A	10	Pi_sensor	2	10	16643
20170630	534	A	11	Pi_sensor	1	10	12696
20170630	534	A	12	Pi_sensor	0	10	10032
20170630	538	A	1	Pi_sensor	16	10	NA
20170630	538	A	2	Pi_sensor	14	10	61908
20170630	538	A	3	Pi_sensor	12	10	57159
20170630	538	A	4	Pi_sensor	10	10	50024
20170630	538	A	5	Pi_sensor	8	10	42377
20170630	538	A	6	Pi_sensor	6	10	34037
20170630	538	A	7	Pi_sensor	5	10	29508
20170630	538	A	8	Pi_sensor	4	10	24894
20170630	538	A	9	Pi_sensor	3	10	20805
20170630	538	A	10	Pi_sensor	2	10	16643
20170630	538	A	11	Pi_sensor	1	10	12611
20170630	538	A	12	Pi_sensor	0	10	10012
20170630	542	A	1	Pi_sensor	16	10	NA
20170630	542	A	2	Pi_sensor	14	10	61571
20170630	542	A	3	Pi_sensor	12	10	56127
20170630	542	A	4	Pi_sensor	10	10	50363
20170630	542	A	5	Pi_sensor	8	10	42155
20170630	542	A	6	Pi_sensor	6	10	34041
20170630	542	A	7	Pi_sensor	5	10	29508
20170630	542	A	8	Pi_sensor	4	10	24976
20170630	542	A	9	Pi_sensor	3	10	20604
20170630	542	A	10	Pi_sensor	2	10	16596
20170630	542	A	11	Pi_sensor	1	10	12775
20170630	542	A	12	Pi_sensor	0	10	10142
20170630	546	A	1	Pi_sensor	16	10	NA
20170630	546	A	2	Pi_sensor	14	10	61603
20170630	546	A	3	Pi_sensor	12	10	56849
20170630	546	A	4	Pi_sensor	10	10	49991
20170630	546	A	5	Pi_sensor	8	10	42488
20170630	546	A	6	Pi_sensor	6	10	34199
20170630	546	A	7	Pi_sensor	5	10	29637
20170630	546	A	8	Pi_sensor	4	10	25098
20170630	546	A	9	Pi_sensor	3	10	20722
20170630	546	A	10	Pi_sensor	2	10	16607
20170630	546	A	11	Pi_sensor	1	10	12704
20170630	546	A	12	Pi_sensor	0	10	10002
20170630	550	A	1	Pi_sensor	16	10	NA
20170630	550	A	2	Pi_sensor	14	10	60913
20170630	550	A	3	Pi_sensor	12	10	56472
20170630	550	A	4	Pi_sensor	10	10	50484
20170630	550	A	5	Pi_sensor	8	10	42203
20170630	550	A	6	Pi_sensor	6	10	34073
20170630	550	A	7	Pi_sensor	5	10	29228
20170630	550	A	8	Pi_sensor	4	10	25068
20170630	550	A	9	Pi_sensor	3	10	20678
20170630	550	A	10	Pi_sensor	2	10	16545
20170630	550	A	11	Pi_sensor	1	10	12684
20170630	550	A	12	Pi_sensor	0	10	10115
20170630	553	A	1	Pi_sensor	16	10	NA
20170630	553	A	2	Pi_sensor	14	10	61614
20170630	553	A	3	Pi_sensor	12	10	56441
20170630	553	A	4	Pi_sensor	10	10	50236
20170630	553	A	5	Pi_sensor	8	10	42035
20170630	553	A	6	Pi_sensor	6	10	33831
20170630	553	A	7	Pi_sensor	5	10	29252
20170630	553	A	8	Pi_sensor	4	10	24989
20170630	553	A	9	Pi_sensor	3	10	20633
20170630	553	A	10	Pi_sensor	2	10	16557
20170630	553	A	11	Pi_sensor	1	10	12722
20170630	553	A	12	Pi_sensor	0	10	10045
20170630	557	A	1	Pi_sensor	16	10	NA
20170630	557	A	2	Pi_sensor	14	10	61637
20170630	557	A	3	Pi_sensor	12	10	56995
20170630	557	A	4	Pi_sensor	10	10	50177
20170630	557	A	5	Pi_sensor	8	10	42132
20170630	557	A	6	Pi_sensor	6	10	34038
20170630	557	A	7	Pi_sensor	5	10	29601
20170630	557	A	8	Pi_sensor	4	10	25002
20170630	557	A	9	Pi_sensor	3	10	20774
20170630	557	A	10	Pi_sensor	2	10	16636
20170630	557	A	11	Pi_sensor	1	10	12657
20170630	557	A	12	Pi_sensor	0	10	10052
20170630	561	A	1	Pi_sensor	16	10	NA
20170630	561	A	2	Pi_sensor	14	10	61332
20170630	561	A	3	Pi_sensor	12	10	56212
20170630	561	A	4	Pi_sensor	10	10	50293
20170630	561	A	5	Pi_sensor	8	10	41809
20170630	561	A	6	Pi_sensor	6	10	34121
20170630	561	A	7	Pi_sensor	5	10	29709
20170630	561	A	8	Pi_sensor	4	10	24877
20170630	561	A	9	Pi_sensor	3	10	20762
20170630	561	A	10	Pi_sensor	2	10	16454
20170630	561	A	11	Pi_sensor	1	10	12636
20170630	561	A	12	Pi_sensor	0	10	10055
20170630	565	A	1	Pi_sensor	16	10	NA
20170630	565	A	2	Pi_sensor	14	10	61736
20170630	565	A	3	Pi_sensor	12	10	56448
20170630	565	A	4	Pi_sensor	10	10	50171
20170630	565	A	5	Pi_sensor	8	10	41932
20170630	565	A	6	Pi_sensor	6	10	33881
20170630	565	A	7	Pi_sensor	5	10	29491
20170630	565	A	8	Pi_sensor	4	10	25053
20170630	565	A	9	Pi_sensor	3	10	20765
20170630	565	A	10	Pi_sensor	2	10	16630
20170630	565	A	11	Pi_sensor	1	10	12696
20170630	565	A	12	Pi_sensor	0	10	10000
20170630	569	A	1	Pi_sensor	16	10	NA
20170630	569	A	2	Pi_sensor	14	10	61403
20170630	569	A	3	Pi_sensor	12	10	56448
20170630	569	A	4	Pi_sensor	10	10	50360
20170630	569	A	5	Pi_sensor	8	10	41824
20170630	569	A	6	Pi_sensor	6	10	34078
20170630	569	A	7	Pi_sensor	5	10	29692
20170630	569	A	8	Pi_sensor	4	10	24985
20170630	569	A	9	Pi_sensor	3	10	20587
20170630	569	A	10	Pi_sensor	2	10	16786
20170630	569	A	11	Pi_sensor	1	10	12739
20170630	569	A	12	Pi_sensor	0	10	9991
20170630	573	A	1	Pi_sensor	16	10	NA
20170630	573	A	2	Pi_sensor	14	10	61842
20170630	573	A	3	Pi_sensor	12	10	56470
20170630	573	A	4	Pi_sensor	10	10	49952
20170630	573	A	5	Pi_sensor	8	10	42227
20170630	573	A	6	Pi_sensor	6	10	33998
20170630	573	A	7	Pi_sensor	5	10	29812
20170630	573	A	8	Pi_sensor	4	10	24790
20170630	573	A	9	Pi_sensor	3	10	20636
20170630	573	A	10	Pi_sensor	2	10	16588
20170630	573	A	11	Pi_sensor	1	10	12680
20170630	573	A	12	Pi_sensor	0	10	9937
20170630	577	A	1	Pi_sensor	16	10	NA
20170630	577	A	2	Pi_sensor	14	10	62075
20170630	577	A	3	Pi_sensor	12	10	56256
20170630	577	A	4	Pi_sensor	10	10	50289
20170630	577	A	5	Pi_sensor	8	10	42257
20170630	577	A	6	Pi_sensor	6	10	34051
20170630	577	A	7	Pi_sensor	5	10	29717
20170630	577	A	8	Pi_sensor	4	10	24730
20170630	577	A	9	Pi_sensor	3	10	20684
20170630	577	A	10	Pi_sensor	2	10	16555
20170630	577	A	11	Pi_sensor	1	10	12737
20170630	577	A	12	Pi_sensor	0	10	9969
20170630	581	A	1	Pi_sensor	16	10	NA
20170630	581	A	2	Pi_sensor	14	10	61406
20170630	581	A	3	Pi_sensor	12	10	56418
20170630	581	A	4	Pi_sensor	10	10	50061
20170630	581	A	5	Pi_sensor	8	10	42034
20170630	581	A	6	Pi_sensor	6	10	34133
20170630	581	A	7	Pi_sensor	5	10	29475
20170630	581	A	8	Pi_sensor	4	10	24987
20170630	581	A	9	Pi_sensor	3	10	20806
20170630	581	A	10	Pi_sensor	2	10	16508
20170630	581	A	11	Pi_sensor	1	10	12717
20170630	581	A	12	Pi_sensor	0	10	10009
20170630	584	A	1	Pi_sensor	16	10	NA
20170630	584	A	2	Pi_sensor	14	10	61558
20170630	584	A	3	Pi_sensor	12	10	56599
20170630	584	A	4	Pi_sensor	10	10	50072
20170630	584	A	5	Pi_sensor	8	10	42456
20170630	584	A	6	Pi_sensor	6	10	33977
20170630	584	A	7	Pi_sensor	5	10	29470
20170630	584	A	8	Pi_sensor	4	10	24724
20170630	584	A	9	Pi_sensor	3	10	20598
20170630	584	A	10	Pi_sensor	2	10	16561
20170630	584	A	11	Pi_sensor	1	10	12703
20170630	584	A	12	Pi_sensor	0	10	10006
20170630	588	A	1	Pi_sensor	16	10	NA
20170630	588	A	2	Pi_sensor	14	10	61549
20170630	588	A	3	Pi_sensor	12	10	56271
20170630	588	A	4	Pi_sensor	10	10	49959
20170630	588	A	5	Pi_sensor	8	10	41928
20170630	588	A	6	Pi_sensor	6	10	34057
20170630	588	A	7	Pi_sensor	5	10	29425
20170630	588	A	8	Pi_sensor	4	10	25055
20170630	588	A	9	Pi_sensor	3	10	20649
20170630	588	A	10	Pi_sensor	2	10	16502
20170630	588	A	11	Pi_sensor	1	10	12681
20170630	588	A	12	Pi_sensor	0	10	10020
20170630	592	A	1	Pi_sensor	16	10	NA
20170630	592	A	2	Pi_sensor	14	10	61508
20170630	592	A	3	Pi_sensor	12	10	56168
20170630	592	A	4	Pi_sensor	10	10	50101
20170630	592	A	5	Pi_sensor	8	10	41911
20170630	592	A	6	Pi_sensor	6	10	34092
20170630	592	A	7	Pi_sensor	5	10	29491
20170630	592	A	8	Pi_sensor	4	10	24742
20170630	592	A	9	Pi_sensor	3	10	20645
20170630	592	A	10	Pi_sensor	2	10	16532
20170630	592	A	11	Pi_sensor	1	10	12681
20170630	592	A	12	Pi_sensor	0	10	10045
20170630	596	A	1	Pi_sensor	16	10	NA
20170630	596	A	2	Pi_sensor	14	10	61549
20170630	596	A	3	Pi_sensor	12	10	56291
20170630	596	A	4	Pi_sensor	10	10	50022
20170630	596	A	5	Pi_sensor	8	10	42088
20170630	596	A	6	Pi_sensor	6	10	33683
20170630	596	A	7	Pi_sensor	5	10	29409
20170630	596	A	8	Pi_sensor	4	10	24827
20170630	596	A	9	Pi_sensor	3	10	20541
20170630	596	A	10	Pi_sensor	2	10	16549
20170630	596	A	11	Pi_sensor	1	10	12576
20170630	596	A	12	Pi_sensor	0	10	10039
20170630	600	A	1	Pi_sensor	16	10	NA
20170630	600	A	2	Pi_sensor	14	10	62031
20170630	600	A	3	Pi_sensor	12	10	56470
20170630	600	A	4	Pi_sensor	10	10	49609
20170630	600	A	5	Pi_sensor	8	10	42089
20170630	600	A	6	Pi_sensor	6	10	33814
20170630	600	A	7	Pi_sensor	5	10	29501
20170630	600	A	8	Pi_sensor	4	10	24903
20170630	600	A	9	Pi_sensor	3	10	20695
20170630	600	A	10	Pi_sensor	2	10	16635
20170630	600	A	11	Pi_sensor	1	10	12768
20170630	600	A	12	Pi_sensor	0	10	9947
20170630	604	A	1	Pi_sensor	16	10	NA
20170630	604	A	2	Pi_sensor	14	10	61433
20170630	604	A	3	Pi_sensor	12	10	56352
20170630	604	A	4	Pi_sensor	10	10	50034
20170630	604	A	5	Pi_sensor	8	10	41903
20170630	604	A	6	Pi_sensor	6	10	33803
20170630	604	A	7	Pi_sensor	5	10	29304
20170630	604	A	8	Pi_sensor	4	10	24302
20170630	604	A	9	Pi_sensor	3	10	20483
20170630	604	A	10	Pi_sensor	2	10	16497
20170630	604	A	11	Pi_sensor	1	10	12684
20170630	604	A	12	Pi_sensor	0	10	10080
20170630	608	A	1	Pi_sensor	16	10	NA
20170630	608	A	2	Pi_sensor	14	10	61783
20170630	608	A	3	Pi_sensor	12	10	56547
20170630	608	A	4	Pi_sensor	10	10	50423
20170630	608	A	5	Pi_sensor	8	10	41788
20170630	608	A	6	Pi_sensor	6	10	33987
20170630	608	A	7	Pi_sensor	5	10	29437
20170630	608	A	8	Pi_sensor	4	10	25071
20170630	608	A	9	Pi_sensor	3	10	20522
20170630	608	A	10	Pi_sensor	2	10	16596
20170630	608	A	11	Pi_sensor	1	10	12673
20170630	608	A	12	Pi_sensor	0	10	9989
20170630	612	A	1	Pi_sensor	16	10	NA
20170630	612	A	2	Pi_sensor	14	10	62008
20170630	612	A	3	Pi_sensor	12	10	56281
20170630	612	A	4	Pi_sensor	10	10	49993
20170630	612	A	5	Pi_sensor	8	10	41988
20170630	612	A	6	Pi_sensor	6	10	34008
20170630	612	A	7	Pi_sensor	5	10	29491
20170630	612	A	8	Pi_sensor	4	10	24707
20170630	612	A	9	Pi_sensor	3	10	20568
20170630	612	A	10	Pi_sensor	2	10	16440
20170630	612	A	11	Pi_sensor	1	10	12784
20170630	612	A	12	Pi_sensor	0	10	10012
20170630	615	A	1	Pi_sensor	16	10	NA
20170630	615	A	2	Pi_sensor	14	10	61585
20170630	615	A	3	Pi_sensor	12	10	56912
20170630	615	A	4	Pi_sensor	10	10	49973
20170630	615	A	5	Pi_sensor	8	10	42052
20170630	615	A	6	Pi_sensor	6	10	34144
20170630	615	A	7	Pi_sensor	5	10	29336
20170630	615	A	8	Pi_sensor	4	10	24947
20170630	615	A	9	Pi_sensor	3	10	20702
20170630	615	A	10	Pi_sensor	2	10	16614
20170630	615	A	11	Pi_sensor	1	10	12777
20170630	615	A	12	Pi_sensor	0	10	10043
20170630	619	A	1	Pi_sensor	16	10	NA
20170630	619	A	2	Pi_sensor	14	10	61549
20170630	619	A	3	Pi_sensor	12	10	56708
20170630	619	A	4	Pi_sensor	10	10	49829
20170630	619	A	5	Pi_sensor	8	10	42037
20170630	619	A	6	Pi_sensor	6	10	33730
20170630	619	A	7	Pi_sensor	5	10	29444
20170630	619	A	8	Pi_sensor	4	10	24910
20170630	619	A	9	Pi_sensor	3	10	20743
20170630	619	A	10	Pi_sensor	2	10	16569
20170630	619	A	11	Pi_sensor	1	10	12644
20170630	619	A	12	Pi_sensor	0	10	9983
20170630	623	A	1	Pi_sensor	16	10	NA
20170630	623	A	2	Pi_sensor	14	10	61013
20170630	623	A	3	Pi_sensor	12	10	56103
20170630	623	A	4	Pi_sensor	10	10	50041
20170630	623	A	5	Pi_sensor	8	10	41847
20170630	623	A	6	Pi_sensor	6	10	33775
20170630	623	A	7	Pi_sensor	5	10	29493
20170630	623	A	8	Pi_sensor	4	10	25016
20170630	623	A	9	Pi_sensor	3	10	20485
20170630	623	A	10	Pi_sensor	2	10	16496
20170630	623	A	11	Pi_sensor	1	10	12657
20170630	623	A	12	Pi_sensor	0	10	9931
20170630	627	A	1	Pi_sensor	16	10	NA
20170630	627	A	2	Pi_sensor	14	10	61040
20170630	627	A	3	Pi_sensor	12	10	56217
20170630	627	A	4	Pi_sensor	10	10	50005
20170630	627	A	5	Pi_sensor	8	10	41730
20170630	627	A	6	Pi_sensor	6	10	33984
20170630	627	A	7	Pi_sensor	5	10	29212
20170630	627	A	8	Pi_sensor	4	10	24765
20170630	627	A	9	Pi_sensor	3	10	20672
20170630	627	A	10	Pi_sensor	2	10	16391
20170630	627	A	11	Pi_sensor	1	10	12749
20170630	627	A	12	Pi_sensor	0	10	9888
20170630	631	A	1	Pi_sensor	16	10	NA
20170630	631	A	2	Pi_sensor	14	10	61767
20170630	631	A	3	Pi_sensor	12	10	56224
20170630	631	A	4	Pi_sensor	10	10	50132
20170630	631	A	5	Pi_sensor	8	10	42022
20170630	631	A	6	Pi_sensor	6	10	33920
20170630	631	A	7	Pi_sensor	5	10	29359
20170630	631	A	8	Pi_sensor	4	10	24795
20170630	631	A	9	Pi_sensor	3	10	20430
20170630	631	A	10	Pi_sensor	2	10	16435
20170630	631	A	11	Pi_sensor	1	10	12606
20170630	631	A	12	Pi_sensor	0	10	9918
20170630	635	A	1	Pi_sensor	16	10	NA
20170630	635	A	2	Pi_sensor	14	10	61001
20170630	635	A	3	Pi_sensor	12	10	55942
20170630	635	A	4	Pi_sensor	10	10	49889
20170630	635	A	5	Pi_sensor	8	10	42215
20170630	635	A	6	Pi_sensor	6	10	33670
20170630	635	A	7	Pi_sensor	5	10	29404
20170630	635	A	8	Pi_sensor	4	10	24779
20170630	635	A	9	Pi_sensor	3	10	20446
20170630	635	A	10	Pi_sensor	2	10	16558
20170630	635	A	11	Pi_sensor	1	10	12739
20170630	635	A	12	Pi_sensor	0	10	10037
20170630	639	A	1	Pi_sensor	16	10	NA
20170630	639	A	2	Pi_sensor	14	10	61165
20170630	639	A	3	Pi_sensor	12	10	56094
20170630	639	A	4	Pi_sensor	10	10	49674
20170630	639	A	5	Pi_sensor	8	10	42279
20170630	639	A	6	Pi_sensor	6	10	34007
20170630	639	A	7	Pi_sensor	5	10	29393
20170630	639	A	8	Pi_sensor	4	10	24698
20170630	639	A	9	Pi_sensor	3	10	20609
20170630	639	A	10	Pi_sensor	2	10	16577
20170630	639	A	11	Pi_sensor	1	10	12733
20170630	639	A	12	Pi_sensor	0	10	9988
20170630	643	A	1	Pi_sensor	16	10	NA
20170630	643	A	2	Pi_sensor	14	10	60906
20170630	643	A	3	Pi_sensor	12	10	56069
20170630	643	A	4	Pi_sensor	10	10	49841
20170630	643	A	5	Pi_sensor	8	10	41942
20170630	643	A	6	Pi_sensor	6	10	33816
20170630	643	A	7	Pi_sensor	5	10	29298
20170630	643	A	8	Pi_sensor	4	10	24875
20170630	643	A	9	Pi_sensor	3	10	20470
20170630	643	A	10	Pi_sensor	2	10	16441
20170630	643	A	11	Pi_sensor	1	10	12683
20170630	643	A	12	Pi_sensor	0	10	9941
20170630	646	A	1	Pi_sensor	16	10	NA
20170630	646	A	2	Pi_sensor	14	10	60557
20170630	646	A	3	Pi_sensor	12	10	56206
20170630	646	A	4	Pi_sensor	10	10	49731
20170630	646	A	5	Pi_sensor	8	10	41775
20170630	646	A	6	Pi_sensor	6	10	33917
20170630	646	A	7	Pi_sensor	5	10	29497
20170630	646	A	8	Pi_sensor	4	10	24733
20170630	646	A	9	Pi_sensor	3	10	20440
20170630	646	A	10	Pi_sensor	2	10	16474
20170630	646	A	11	Pi_sensor	1	10	12666
20170630	646	A	12	Pi_sensor	0	10	9960
20170630	650	A	1	Pi_sensor	16	10	NA
20170630	650	A	2	Pi_sensor	14	10	61310
20170630	650	A	3	Pi_sensor	12	10	55902
20170630	650	A	4	Pi_sensor	10	10	49722
20170630	650	A	5	Pi_sensor	8	10	41951
20170630	650	A	6	Pi_sensor	6	10	33831
20170630	650	A	7	Pi_sensor	5	10	29355
20170630	650	A	8	Pi_sensor	4	10	24763
20170630	650	A	9	Pi_sensor	3	10	20469
20170630	650	A	10	Pi_sensor	2	10	16719
20170630	650	A	11	Pi_sensor	1	10	12727
20170630	650	A	12	Pi_sensor	0	10	9912
20170630	654	A	1	Pi_sensor	16	10	NA
20170630	654	A	2	Pi_sensor	14	10	61243
20170630	654	A	3	Pi_sensor	12	10	55929
20170630	654	A	4	Pi_sensor	10	10	49927
20170630	654	A	5	Pi_sensor	8	10	41696
20170630	654	A	6	Pi_sensor	6	10	33773
20170630	654	A	7	Pi_sensor	5	10	29564
20170630	654	A	8	Pi_sensor	4	10	24976
20170630	654	A	9	Pi_sensor	3	10	20390
20170630	654	A	10	Pi_sensor	2	10	16435
20170630	654	A	11	Pi_sensor	1	10	12681
20170630	654	A	12	Pi_sensor	0	10	9956
20170630	658	A	1	Pi_sensor	16	10	NA
20170630	658	A	2	Pi_sensor	14	10	61251
20170630	658	A	3	Pi_sensor	12	10	56150
20170630	658	A	4	Pi_sensor	10	10	49522
20170630	658	A	5	Pi_sensor	8	10	42053
20170630	658	A	6	Pi_sensor	6	10	33772
20170630	658	A	7	Pi_sensor	5	10	29455
20170630	658	A	8	Pi_sensor	4	10	24727
20170630	658	A	9	Pi_sensor	3	10	20513
20170630	658	A	10	Pi_sensor	2	10	16542
20170630	658	A	11	Pi_sensor	1	10	12714
20170630	658	A	12	Pi_sensor	0	10	9906
20170630	662	A	1	Pi_sensor	16	10	NA
20170630	662	A	2	Pi_sensor	14	10	61255
20170630	662	A	3	Pi_sensor	12	10	56308
20170630	662	A	4	Pi_sensor	10	10	49939
20170630	662	A	5	Pi_sensor	8	10	41913
20170630	662	A	6	Pi_sensor	6	10	33869
20170630	662	A	7	Pi_sensor	5	10	29518
20170630	662	A	8	Pi_sensor	4	10	24668
20170630	662	A	9	Pi_sensor	3	10	20525
20170630	662	A	10	Pi_sensor	2	10	16446
20170630	662	A	11	Pi_sensor	1	10	12646
20170630	662	A	12	Pi_sensor	0	10	9958
20170630	666	A	1	Pi_sensor	16	10	NA
20170630	666	A	2	Pi_sensor	14	10	61322
20170630	666	A	3	Pi_sensor	12	10	55901
20170630	666	A	4	Pi_sensor	10	10	49529
20170630	666	A	5	Pi_sensor	8	10	41566
20170630	666	A	6	Pi_sensor	6	10	33617
20170630	666	A	7	Pi_sensor	5	10	29316
20170630	666	A	8	Pi_sensor	4	10	24733
20170630	666	A	9	Pi_sensor	3	10	20641
20170630	666	A	10	Pi_sensor	2	10	16493
20170630	666	A	11	Pi_sensor	1	10	12671
20170630	666	A	12	Pi_sensor	0	10	9976
20170630	670	A	1	Pi_sensor	16	10	NA
20170630	670	A	2	Pi_sensor	14	10	61174
20170630	670	A	3	Pi_sensor	12	10	55904
20170630	670	A	4	Pi_sensor	10	10	49779
20170630	670	A	5	Pi_sensor	8	10	41810
20170630	670	A	6	Pi_sensor	6	10	33638
20170630	670	A	7	Pi_sensor	5	10	29170
20170630	670	A	8	Pi_sensor	4	10	24826
20170630	670	A	9	Pi_sensor	3	10	20636
20170630	670	A	10	Pi_sensor	2	10	16495
20170630	670	A	11	Pi_sensor	1	10	12663
20170630	670	A	12	Pi_sensor	0	10	10079
20170630	673	A	1	Pi_sensor	16	10	NA
20170630	673	A	2	Pi_sensor	14	10	61018
20170630	673	A	3	Pi_sensor	12	10	55971
20170630	673	A	4	Pi_sensor	10	10	49574
20170630	673	A	5	Pi_sensor	8	10	41662
20170630	673	A	6	Pi_sensor	6	10	33627
20170630	673	A	7	Pi_sensor	5	10	29068
20170630	673	A	8	Pi_sensor	4	10	24854
20170630	673	A	9	Pi_sensor	3	10	20471
20170630	673	A	10	Pi_sensor	2	10	16511
20170630	673	A	11	Pi_sensor	1	10	12536
20170630	673	A	12	Pi_sensor	0	10	9932
20170630	677	A	1	Pi_sensor	16	10	NA
20170630	677	A	2	Pi_sensor	14	10	60948
20170630	677	A	3	Pi_sensor	12	10	55980
20170630	677	A	4	Pi_sensor	10	10	49700
20170630	677	A	5	Pi_sensor	8	10	41663
20170630	677	A	6	Pi_sensor	6	10	33887
20170630	677	A	7	Pi_sensor	5	10	29114
20170630	677	A	8	Pi_sensor	4	10	24806
20170630	677	A	9	Pi_sensor	3	10	20626
20170630	677	A	10	Pi_sensor	2	10	16389
20170630	677	A	11	Pi_sensor	1	10	12612
20170630	677	A	12	Pi_sensor	0	10	10037
20170630	681	A	1	Pi_sensor	16	10	NA
20170630	681	A	2	Pi_sensor	14	10	61130
20170630	681	A	3	Pi_sensor	12	10	55945
20170630	681	A	4	Pi_sensor	10	10	49621
20170630	681	A	5	Pi_sensor	8	10	42099
20170630	681	A	6	Pi_sensor	6	10	33723
20170630	681	A	7	Pi_sensor	5	10	29110
20170630	681	A	8	Pi_sensor	4	10	24839
20170630	681	A	9	Pi_sensor	3	10	20486
20170630	681	A	10	Pi_sensor	2	10	16300
20170630	681	A	11	Pi_sensor	1	10	12625
20170630	681	A	12	Pi_sensor	0	10	10006
20170630	685	A	1	Pi_sensor	16	10	NA
20170630	685	A	2	Pi_sensor	14	10	61445
20170630	685	A	3	Pi_sensor	12	10	56146
20170630	685	A	4	Pi_sensor	10	10	49720
20170630	685	A	5	Pi_sensor	8	10	41645
20170630	685	A	6	Pi_sensor	6	10	33612
20170630	685	A	7	Pi_sensor	5	10	29137
20170630	685	A	8	Pi_sensor	4	10	24780
20170630	685	A	9	Pi_sensor	3	10	20634
20170630	685	A	10	Pi_sensor	2	10	16412
20170630	685	A	11	Pi_sensor	1	10	12548
20170630	685	A	12	Pi_sensor	0	10	10019
20170630	689	A	1	Pi_sensor	16	10	NA
20170630	689	A	2	Pi_sensor	14	10	61018
20170630	689	A	3	Pi_sensor	12	10	55963
20170630	689	A	4	Pi_sensor	10	10	49203
20170630	689	A	5	Pi_sensor	8	10	41611
20170630	689	A	6	Pi_sensor	6	10	33461
20170630	689	A	7	Pi_sensor	5	10	29182
20170630	689	A	8	Pi_sensor	4	10	24586
20170630	689	A	9	Pi_sensor	3	10	20504
20170630	689	A	10	Pi_sensor	2	10	16368
20170630	689	A	11	Pi_sensor	1	10	12531
20170630	689	A	12	Pi_sensor	0	10	10080
20170630	693	A	1	Pi_sensor	16	10	NA
20170630	693	A	2	Pi_sensor	14	10	60623
20170630	693	A	3	Pi_sensor	12	10	55498
20170630	693	A	4	Pi_sensor	10	10	49286
20170630	693	A	5	Pi_sensor	8	10	41656
20170630	693	A	6	Pi_sensor	6	10	33358
20170630	693	A	7	Pi_sensor	5	10	29243
20170630	693	A	8	Pi_sensor	4	10	24598
20170630	693	A	9	Pi_sensor	3	10	20416
20170630	693	A	10	Pi_sensor	2	10	16361
20170630	693	A	11	Pi_sensor	1	10	12514
20170630	693	A	12	Pi_sensor	0	10	9880
20170630	697	A	1	Pi_sensor	16	10	NA
20170630	697	A	2	Pi_sensor	14	10	60821
20170630	697	A	3	Pi_sensor	12	10	56035
20170630	697	A	4	Pi_sensor	10	10	49620
20170630	697	A	5	Pi_sensor	8	10	41516
20170630	697	A	6	Pi_sensor	6	10	33413
20170630	697	A	7	Pi_sensor	5	10	29120
20170630	697	A	8	Pi_sensor	4	10	24539
20170630	697	A	9	Pi_sensor	3	10	20584
20170630	697	A	10	Pi_sensor	2	10	16424
20170630	697	A	11	Pi_sensor	1	10	12543
20170630	697	A	12	Pi_sensor	0	10	9935
20170630	701	A	1	Pi_sensor	16	10	NA
20170630	701	A	2	Pi_sensor	14	10	60379
20170630	701	A	3	Pi_sensor	12	10	55739
20170630	701	A	4	Pi_sensor	10	10	49506
20170630	701	A	5	Pi_sensor	8	10	41573
20170630	701	A	6	Pi_sensor	6	10	33576
20170630	701	A	7	Pi_sensor	5	10	28931
20170630	701	A	8	Pi_sensor	4	10	24581
20170630	701	A	9	Pi_sensor	3	10	20540
20170630	701	A	10	Pi_sensor	2	10	16344
20170630	701	A	11	Pi_sensor	1	10	12564
20170630	701	A	12	Pi_sensor	0	10	9877
20170630	704	A	1	Pi_sensor	16	10	NA
20170630	704	A	2	Pi_sensor	14	10	60703
20170630	704	A	3	Pi_sensor	12	10	55846
20170630	704	A	4	Pi_sensor	10	10	49268
20170630	704	A	5	Pi_sensor	8	10	41517
20170630	704	A	6	Pi_sensor	6	10	33482
20170630	704	A	7	Pi_sensor	5	10	29185
20170630	704	A	8	Pi_sensor	4	10	24526
20170630	704	A	9	Pi_sensor	3	10	20516
20170630	704	A	10	Pi_sensor	2	10	16401
20170630	704	A	11	Pi_sensor	1	10	12471
20170630	704	A	12	Pi_sensor	0	10	9932
20170630	708	A	1	Pi_sensor	16	10	NA
20170630	708	A	2	Pi_sensor	14	10	61080
20170630	708	A	3	Pi_sensor	12	10	55415
20170630	708	A	4	Pi_sensor	10	10	49691
20170630	708	A	5	Pi_sensor	8	10	41825
20170630	708	A	6	Pi_sensor	6	10	33697
20170630	708	A	7	Pi_sensor	5	10	28972
20170630	708	A	8	Pi_sensor	4	10	24560
20170630	708	A	9	Pi_sensor	3	10	20525
20170630	708	A	10	Pi_sensor	2	10	16273
20170630	708	A	11	Pi_sensor	1	10	12522
20170630	708	A	12	Pi_sensor	0	10	9886
20170630	712	A	1	Pi_sensor	16	10	NA
20170630	712	A	2	Pi_sensor	14	10	60617
20170630	712	A	3	Pi_sensor	12	10	55762
20170630	712	A	4	Pi_sensor	10	10	49714
20170630	712	A	5	Pi_sensor	8	10	41364
20170630	712	A	6	Pi_sensor	6	10	33376
20170630	712	A	7	Pi_sensor	5	10	29025
20170630	712	A	8	Pi_sensor	4	10	24595
20170630	712	A	9	Pi_sensor	3	10	20410
20170630	712	A	10	Pi_sensor	2	10	16461
20170630	712	A	11	Pi_sensor	1	10	12694
20170630	712	A	12	Pi_sensor	0	10	9946
20170630	716	A	1	Pi_sensor	16	10	NA
20170630	716	A	2	Pi_sensor	14	10	60411
20170630	716	A	3	Pi_sensor	12	10	55617
20170630	716	A	4	Pi_sensor	10	10	49538
20170630	716	A	5	Pi_sensor	8	10	41300
20170630	716	A	6	Pi_sensor	6	10	33721
20170630	716	A	7	Pi_sensor	5	10	28952
20170630	716	A	8	Pi_sensor	4	10	24544
20170630	716	A	9	Pi_sensor	3	10	20483
20170630	716	A	10	Pi_sensor	2	10	16285
20170630	716	A	11	Pi_sensor	1	10	12564
20170630	716	A	12	Pi_sensor	0	10	10041
20170630	720	A	1	Pi_sensor	16	10	NA
20170630	720	A	2	Pi_sensor	14	10	60576
20170630	720	A	3	Pi_sensor	12	10	55186
20170630	720	A	4	Pi_sensor	10	10	49432
20170630	720	A	5	Pi_sensor	8	10	41473
20170630	720	A	6	Pi_sensor	6	10	33530
20170630	720	A	7	Pi_sensor	5	10	29068
20170630	720	A	8	Pi_sensor	4	10	24878
20170630	720	A	9	Pi_sensor	3	10	20383
20170630	720	A	10	Pi_sensor	2	10	16357
20170630	720	A	11	Pi_sensor	1	10	12453
20170630	720	A	12	Pi_sensor	0	10	9987
20170630	724	A	1	Pi_sensor	16	10	NA
20170630	724	A	2	Pi_sensor	14	10	60834
20170630	724	A	3	Pi_sensor	12	10	55471
20170630	724	A	4	Pi_sensor	10	10	49106
20170630	724	A	5	Pi_sensor	8	10	41351
20170630	724	A	6	Pi_sensor	6	10	33312
20170630	724	A	7	Pi_sensor	5	10	29165
20170630	724	A	8	Pi_sensor	4	10	24556
20170630	724	A	9	Pi_sensor	3	10	20260
20170630	724	A	10	Pi_sensor	2	10	16263
20170630	724	A	11	Pi_sensor	1	10	12508
20170630	724	A	12	Pi_sensor	0	10	9911
20170630	728	A	1	Pi_sensor	16	10	NA
20170630	728	A	2	Pi_sensor	14	10	60807
20170630	728	A	3	Pi_sensor	12	10	55544
20170630	728	A	4	Pi_sensor	10	10	48988
20170630	728	A	5	Pi_sensor	8	10	41603
20170630	728	A	6	Pi_sensor	6	10	33580
20170630	728	A	7	Pi_sensor	5	10	28882
20170630	728	A	8	Pi_sensor	4	10	24363
20170630	728	A	9	Pi_sensor	3	10	20441
20170630	728	A	10	Pi_sensor	2	10	16472
20170630	728	A	11	Pi_sensor	1	10	12469
20170630	728	A	12	Pi_sensor	0	10	9890
20170630	732	A	1	Pi_sensor	16	10	NA
20170630	732	A	2	Pi_sensor	14	10	60488
20170630	732	A	3	Pi_sensor	12	10	55426
20170630	732	A	4	Pi_sensor	10	10	48645
20170630	732	A	5	Pi_sensor	8	10	41632
20170630	732	A	6	Pi_sensor	6	10	33559
20170630	732	A	7	Pi_sensor	5	10	28872
20170630	732	A	8	Pi_sensor	4	10	24558
20170630	732	A	9	Pi_sensor	3	10	20290
20170630	732	A	10	Pi_sensor	2	10	16357
20170630	732	A	11	Pi_sensor	1	10	12452
20170630	732	A	12	Pi_sensor	0	10	9881
20170630	735	A	1	Pi_sensor	16	10	NA
20170630	735	A	2	Pi_sensor	14	10	60455
20170630	735	A	3	Pi_sensor	12	10	55523
20170630	735	A	4	Pi_sensor	10	10	48977
20170630	735	A	5	Pi_sensor	8	10	41424
20170630	735	A	6	Pi_sensor	6	10	33359
20170630	735	A	7	Pi_sensor	5	10	28992
20170630	735	A	8	Pi_sensor	4	10	24445
20170630	735	A	9	Pi_sensor	3	10	20505
20170630	735	A	10	Pi_sensor	2	10	16302
20170630	735	A	11	Pi_sensor	1	10	12586
20170630	735	A	12	Pi_sensor	0	10	9825
20170630	739	A	1	Pi_sensor	16	10	NA
20170630	739	A	2	Pi_sensor	14	10	60385
20170630	739	A	3	Pi_sensor	12	10	55332
20170630	739	A	4	Pi_sensor	10	10	49306
20170630	739	A	5	Pi_sensor	8	10	41755
20170630	739	A	6	Pi_sensor	6	10	33355
20170630	739	A	7	Pi_sensor	5	10	28898
20170630	739	A	8	Pi_sensor	4	10	24433
20170630	739	A	9	Pi_sensor	3	10	20356
20170630	739	A	10	Pi_sensor	2	10	16515
20170630	739	A	11	Pi_sensor	1	10	12561
20170630	739	A	12	Pi_sensor	0	10	9904
20170630	743	A	1	Pi_sensor	16	10	NA
20170630	743	A	2	Pi_sensor	14	10	60419
20170630	743	A	3	Pi_sensor	12	10	54935
20170630	743	A	4	Pi_sensor	10	10	48820
20170630	743	A	5	Pi_sensor	8	10	41204
20170630	743	A	6	Pi_sensor	6	10	33532
20170630	743	A	7	Pi_sensor	5	10	28969
20170630	743	A	8	Pi_sensor	4	10	24392
20170630	743	A	9	Pi_sensor	3	10	20295
20170630	743	A	10	Pi_sensor	2	10	16440
20170630	743	A	11	Pi_sensor	1	10	12625
20170630	743	A	12	Pi_sensor	0	10	9972
20170630	747	A	1	Pi_sensor	16	10	NA
20170630	747	A	2	Pi_sensor	14	10	60811
20170630	747	A	3	Pi_sensor	12	10	55530
20170630	747	A	4	Pi_sensor	10	10	48769
20170630	747	A	5	Pi_sensor	8	10	41214
20170630	747	A	6	Pi_sensor	6	10	33417
20170630	747	A	7	Pi_sensor	5	10	29127
20170630	747	A	8	Pi_sensor	4	10	24462
20170630	747	A	9	Pi_sensor	3	10	20274
20170630	747	A	10	Pi_sensor	2	10	16198
20170630	747	A	11	Pi_sensor	1	10	12511
20170630	747	A	12	Pi_sensor	0	10	9857
20170630	751	A	1	Pi_sensor	16	10	NA
20170630	751	A	2	Pi_sensor	14	10	60797
20170630	751	A	3	Pi_sensor	12	10	55566
20170630	751	A	4	Pi_sensor	10	10	48793
20170630	751	A	5	Pi_sensor	8	10	41597
20170630	751	A	6	Pi_sensor	6	10	33064
20170630	751	A	7	Pi_sensor	5	10	28879
20170630	751	A	8	Pi_sensor	4	10	24380
20170630	751	A	9	Pi_sensor	3	10	20223
20170630	751	A	10	Pi_sensor	2	10	16322
20170630	751	A	11	Pi_sensor	1	10	12541
20170630	751	A	12	Pi_sensor	0	10	9919
20170630	755	A	1	Pi_sensor	16	10	NA
20170630	755	A	2	Pi_sensor	14	10	60350
20170630	755	A	3	Pi_sensor	12	10	55207
20170630	755	A	4	Pi_sensor	10	10	49194
20170630	755	A	5	Pi_sensor	8	10	41437
20170630	755	A	6	Pi_sensor	6	10	33532
20170630	755	A	7	Pi_sensor	5	10	28924
20170630	755	A	8	Pi_sensor	4	10	24314
20170630	755	A	9	Pi_sensor	3	10	20202
20170630	755	A	10	Pi_sensor	2	10	16385
20170630	755	A	11	Pi_sensor	1	10	12434
20170630	755	A	12	Pi_sensor	0	10	9931
20170630	759	A	1	Pi_sensor	16	10	NA
20170630	759	A	2	Pi_sensor	14	10	60113
20170630	759	A	3	Pi_sensor	12	10	54882
20170630	759	A	4	Pi_sensor	10	10	48985
20170630	759	A	5	Pi_sensor	8	10	41362
20170630	759	A	6	Pi_sensor	6	10	33434
20170630	759	A	7	Pi_sensor	5	10	28983
20170630	759	A	8	Pi_sensor	4	10	24548
20170630	759	A	9	Pi_sensor	3	10	20265
20170630	759	A	10	Pi_sensor	2	10	16285
20170630	759	A	11	Pi_sensor	1	10	12633
20170630	759	A	12	Pi_sensor	0	10	9840
20170630	763	A	1	Pi_sensor	16	10	NA
20170630	763	A	2	Pi_sensor	14	10	60802
20170630	763	A	3	Pi_sensor	12	10	55075
20170630	763	A	4	Pi_sensor	10	10	49079
20170630	763	A	5	Pi_sensor	8	10	41158
20170630	763	A	6	Pi_sensor	6	10	33453
20170630	763	A	7	Pi_sensor	5	10	28822
20170630	763	A	8	Pi_sensor	4	10	24341
20170630	763	A	9	Pi_sensor	3	10	20342
20170630	763	A	10	Pi_sensor	2	10	16316
20170630	763	A	11	Pi_sensor	1	10	12480
20170630	763	A	12	Pi_sensor	0	10	9876
20170630	766	A	1	Pi_sensor	16	10	NA
20170630	766	A	2	Pi_sensor	14	10	60430
20170630	766	A	3	Pi_sensor	12	10	55602
20170630	766	A	4	Pi_sensor	10	10	49020
20170630	766	A	5	Pi_sensor	8	10	41977
20170630	766	A	6	Pi_sensor	6	10	33452
20170630	766	A	7	Pi_sensor	5	10	28868
20170630	766	A	8	Pi_sensor	4	10	24280
20170630	766	A	9	Pi_sensor	3	10	20339
20170630	766	A	10	Pi_sensor	2	10	16196
20170630	766	A	11	Pi_sensor	1	10	12435
20170630	766	A	12	Pi_sensor	0	10	9909
20170630	770	A	1	Pi_sensor	16	10	NA
20170630	770	A	2	Pi_sensor	14	10	60595
20170630	770	A	3	Pi_sensor	12	10	54952
20170630	770	A	4	Pi_sensor	10	10	49067
20170630	770	A	5	Pi_sensor	8	10	41479
20170630	770	A	6	Pi_sensor	6	10	33641
20170630	770	A	7	Pi_sensor	5	10	28847
20170630	770	A	8	Pi_sensor	4	10	24440
20170630	770	A	9	Pi_sensor	3	10	20140
20170630	770	A	10	Pi_sensor	2	10	16196
20170630	770	A	11	Pi_sensor	1	10	12471
20170630	770	A	12	Pi_sensor	0	10	9911
