plate	well	prot	fin.Ran.conc	Ran.volume	sensor.V	Ran.premix.buffer.volume	GAP.stock	GAP.working	Ran.premix.to.add	GAP.V	date
8	G1	PE14_Y157A	8	16.75	19.36	74	10	1	90	10	20190228
8	G2	PE14_Y157A	8	16.75	19.36	74	10	1	90	10	20190228
8	G3	PE16_R108I	12	22.48	19.36	68	10	1	90	10	20190228
8	G4	PE16_R108I	12	22.48	19.36	68	10	1	90	10	20190228
8	G5	PE16_R108I	12	22.48	19.36	68	10	1	90	10	20190228
8	G6	PE18_R108Y	8	17.04	19.36	74	10	1	90	10	20190228
8	G7	PE18_R108Y	8	17.04	19.36	74	10	1	90	10	20190228
8	G8	PE22_K143W	8	16.72	19.36	74	10	1	90	10	20190228
8	G9	PE22_K143W	8	16.72	19.36	74	10	1	90	10	20190228
